-sif=/home/safia/anaconda3/lib/R/library/pathfindR/extdata/KEGG.sif
-sig=/home/safia/Documents/pathfindR_Results(1)/active_snw_searches/Iteration_8/active_snw_search/input_for_search.txt
-method=SA
-saTemp0=1
-saTemp1=0.01
-saIter=10000
-geneInitProb=0.157777777777778
-gaPop=400
-gaIter=200
-gaThread=5
-gaMut=0
-grMaxDepth=1
-grSearchDepth=1
-grOverlap=0.5
-grSubNum=1000
2 9.21, 2 -0.12, 2 -0.12, 2 -0.12, 2 -0.12, 2 -0.12, 2 -0.12, 2 -0.12, 2 -0.12, 2 -0.12, 2 -0.12, 2 -0.12, 2 -0.12, 2 -0.12, 2 -0.12, 2 -0.12, 2 -0.12, 2 -0.12, 2 -0.12, 2 -0.12, 3 -0.14, 3 -0.14, 3 -0.14, 3 -0.14, 3 -0.14, 3 -0.14, 3 -0.14, 3 -0.14, 3 -0.14, 3 -0.14, 3 -0.14, 3 -0.14, 3 -0.14, 3 -0.14, 4 -0.16, 4 -0.16, 4 -0.16, 6 -0.2, 7 -0.21, 9 -0.24, 13 -0.29, 508 -1.4, 
Percentage of finished job, node number and score of modules that have more than one node are as follows:
0%
1% 
2 9.21, 2 -0.12, 2 -0.12, 2 -0.12, 2 -0.12, 2 -0.12, 2 -0.12, 2 -0.12, 2 -0.12, 2 -0.12, 2 -0.12, 2 -0.12, 2 -0.12, 2 -0.12, 2 -0.12, 2 -0.12, 2 -0.12, 2 -0.12, 2 -0.12, 2 -0.12, 3 -0.14, 3 -0.14, 3 -0.14, 3 -0.14, 3 -0.14, 3 -0.14, 3 -0.14, 3 -0.14, 3 -0.14, 3 -0.14, 3 -0.14, 3 -0.14, 3 -0.14, 3 -0.14, 4 -0.16, 4 -0.16, 4 -0.16, 6 -0.2, 7 -0.21, 9 -0.24, 12 -0.27, 497 -1.37, 
2% 
2 9.21, 2 -0.12, 2 -0.12, 2 -0.12, 2 -0.12, 2 -0.12, 2 -0.12, 2 -0.12, 2 -0.12, 2 -0.12, 2 -0.12, 2 -0.12, 2 -0.12, 2 -0.12, 2 -0.12, 2 -0.12, 2 -0.12, 2 -0.12, 2 -0.12, 2 -0.12, 3 -0.14, 3 -0.14, 3 -0.14, 3 -0.14, 3 -0.14, 3 -0.14, 3 -0.14, 3 -0.14, 3 -0.14, 3 -0.14, 3 -0.14, 3 -0.14, 3 -0.14, 3 -0.14, 3 -0.14, 3 -0.14, 4 -0.16, 6 -0.2, 7 -0.21, 9 -0.24, 10 -0.25, 494 -1.36, 
3% 
2 9.21, 2 -0.12, 2 -0.12, 2 -0.12, 2 -0.12, 2 -0.12, 2 -0.12, 2 -0.12, 2 -0.12, 2 -0.12, 2 -0.12, 2 -0.12, 2 -0.12, 2 -0.12, 2 -0.12, 2 -0.12, 2 -0.12, 2 -0.12, 3 -0.14, 3 -0.14, 3 -0.14, 3 -0.14, 3 -0.14, 3 -0.14, 3 -0.14, 3 -0.14, 3 -0.14, 3 -0.14, 3 -0.14, 3 -0.14, 3 -0.14, 3 -0.14, 3 -0.14, 3 -0.14, 4 -0.16, 6 -0.2, 7 -0.21, 9 -0.24, 10 -0.25, 492 -0.94, 
4% 
2 9.21, 2 -0.12, 2 -0.12, 2 -0.12, 2 -0.12, 2 -0.12, 2 -0.12, 2 -0.12, 2 -0.12, 2 -0.12, 2 -0.12, 2 -0.12, 2 -0.12, 2 -0.12, 2 -0.12, 2 -0.12, 2 -0.12, 2 -0.12, 2 -0.12, 3 -0.14, 3 -0.14, 3 -0.14, 3 -0.14, 3 -0.14, 3 -0.14, 3 -0.14, 3 -0.14, 3 -0.14, 3 -0.14, 3 -0.14, 3 -0.14, 3 -0.14, 3 -0.14, 3 -0.14, 4 -0.16, 6 -0.2, 7 -0.21, 9 -0.24, 10 -0.25, 484 -0.92, 
5% 
2 9.21, 2 -0.12, 2 -0.12, 2 -0.12, 2 -0.12, 2 -0.12, 2 -0.12, 2 -0.12, 2 -0.12, 2 -0.12, 2 -0.12, 2 -0.12, 2 -0.12, 2 -0.12, 2 -0.12, 2 -0.12, 2 -0.12, 2 -0.12, 2 -0.12, 3 -0.14, 3 -0.14, 3 -0.14, 3 -0.14, 3 -0.14, 3 -0.14, 3 -0.14, 3 -0.14, 3 -0.14, 3 -0.14, 3 -0.14, 3 -0.14, 3 -0.14, 3 -0.14, 3 -0.14, 6 -0.2, 7 -0.21, 9 -0.24, 10 -0.25, 471 -0.89, 
6% 
2 9.21, 468 0.58, 2 -0.12, 2 -0.12, 2 -0.12, 2 -0.12, 2 -0.12, 2 -0.12, 2 -0.12, 2 -0.12, 2 -0.12, 2 -0.12, 2 -0.12, 2 -0.12, 2 -0.12, 2 -0.12, 2 -0.12, 3 -0.14, 3 -0.14, 3 -0.14, 3 -0.14, 3 -0.14, 3 -0.14, 3 -0.14, 3 -0.14, 3 -0.14, 3 -0.14, 3 -0.14, 3 -0.14, 3 -0.14, 3 -0.14, 6 -0.2, 7 -0.21, 9 -0.24, 9 -0.24, 
7% 
2 9.21, 446 0.23, 2 -0.12, 2 -0.12, 2 -0.12, 2 -0.12, 2 -0.12, 2 -0.12, 2 -0.12, 2 -0.12, 2 -0.12, 2 -0.12, 2 -0.12, 2 -0.12, 2 -0.12, 2 -0.12, 2 -0.12, 2 -0.12, 3 -0.14, 3 -0.14, 3 -0.14, 3 -0.14, 3 -0.14, 3 -0.14, 3 -0.14, 3 -0.14, 3 -0.14, 3 -0.14, 3 -0.14, 3 -0.14, 3 -0.14, 3 -0.14, 6 -0.2, 6 -0.2, 9 -0.24, 9 -0.24, 
8% 
2 9.21, 427 0.77, 2 -0.12, 2 -0.12, 2 -0.12, 2 -0.12, 2 -0.12, 2 -0.12, 2 -0.12, 2 -0.12, 2 -0.12, 2 -0.12, 2 -0.12, 2 -0.12, 2 -0.12, 2 -0.12, 2 -0.12, 2 -0.12, 3 -0.14, 3 -0.14, 3 -0.14, 3 -0.14, 3 -0.14, 3 -0.14, 3 -0.14, 3 -0.14, 3 -0.14, 3 -0.14, 3 -0.14, 3 -0.14, 3 -0.14, 3 -0.14, 3 -0.14, 5 -0.18, 5 -0.18, 6 -0.2, 9 -0.24, 9 -0.24, 
9% 
2 9.21, 418 0.81, 2 -0.12, 2 -0.12, 2 -0.12, 2 -0.12, 2 -0.12, 2 -0.12, 2 -0.12, 2 -0.12, 2 -0.12, 2 -0.12, 2 -0.12, 2 -0.12, 2 -0.12, 2 -0.12, 2 -0.12, 3 -0.14, 3 -0.14, 3 -0.14, 3 -0.14, 3 -0.14, 3 -0.14, 3 -0.14, 3 -0.14, 3 -0.14, 3 -0.14, 3 -0.14, 3 -0.14, 3 -0.14, 3 -0.14, 3 -0.14, 3 -0.14, 5 -0.18, 5 -0.18, 5 -0.18, 6 -0.2, 9 -0.24, 
10% 
2 9.21, 404 1.53, 2 -0.12, 2 -0.12, 2 -0.12, 2 -0.12, 2 -0.12, 2 -0.12, 2 -0.12, 2 -0.12, 2 -0.12, 2 -0.12, 2 -0.12, 2 -0.12, 2 -0.12, 2 -0.12, 2 -0.12, 2 -0.12, 3 -0.14, 3 -0.14, 3 -0.14, 3 -0.14, 3 -0.14, 3 -0.14, 3 -0.14, 3 -0.14, 3 -0.14, 3 -0.14, 3 -0.14, 3 -0.14, 3 -0.14, 3 -0.14, 3 -0.14, 3 -0.14, 5 -0.18, 5 -0.18, 5 -0.18, 6 -0.2, 9 -0.24, 
11% 
2 9.21, 397 1.56, 2 -0.12, 2 -0.12, 2 -0.12, 2 -0.12, 2 -0.12, 2 -0.12, 2 -0.12, 2 -0.12, 2 -0.12, 2 -0.12, 2 -0.12, 2 -0.12, 2 -0.12, 2 -0.12, 3 -0.14, 3 -0.14, 3 -0.14, 3 -0.14, 3 -0.14, 3 -0.14, 3 -0.14, 3 -0.14, 3 -0.14, 3 -0.14, 3 -0.14, 3 -0.14, 3 -0.14, 3 -0.14, 3 -0.14, 5 -0.18, 5 -0.18, 5 -0.18, 6 -0.2, 9 -0.24, 
12% 
2 9.21, 381 2.26, 2 -0.12, 2 -0.12, 2 -0.12, 2 -0.12, 2 -0.12, 2 -0.12, 2 -0.12, 2 -0.12, 2 -0.12, 2 -0.12, 2 -0.12, 2 -0.12, 2 -0.12, 2 -0.12, 2 -0.12, 2 -0.12, 3 -0.14, 3 -0.14, 3 -0.14, 3 -0.14, 3 -0.14, 3 -0.14, 3 -0.14, 3 -0.14, 3 -0.14, 3 -0.14, 3 -0.14, 3 -0.14, 3 -0.14, 3 -0.14, 4 -0.16, 5 -0.18, 5 -0.18, 6 -0.2, 9 -0.24, 
13% 
2 9.21, 371 2.77, 2 -0.12, 2 -0.12, 2 -0.12, 2 -0.12, 2 -0.12, 2 -0.12, 2 -0.12, 2 -0.12, 2 -0.12, 2 -0.12, 2 -0.12, 2 -0.12, 2 -0.12, 2 -0.12, 2 -0.12, 2 -0.12, 3 -0.14, 3 -0.14, 3 -0.14, 3 -0.14, 3 -0.14, 3 -0.14, 3 -0.14, 3 -0.14, 3 -0.14, 3 -0.14, 3 -0.14, 3 -0.14, 3 -0.14, 3 -0.14, 4 -0.16, 4 -0.16, 4 -0.16, 4 -0.16, 5 -0.18, 6 -0.2, 6 -0.2, 
14% 
2 9.21, 357 2.89, 2 -0.12, 2 -0.12, 2 -0.12, 2 -0.12, 2 -0.12, 2 -0.12, 2 -0.12, 2 -0.12, 2 -0.12, 2 -0.12, 2 -0.12, 2 -0.12, 2 -0.12, 2 -0.12, 2 -0.12, 2 -0.12, 2 -0.12, 3 -0.14, 3 -0.14, 3 -0.14, 3 -0.14, 3 -0.14, 3 -0.14, 3 -0.14, 3 -0.14, 3 -0.14, 3 -0.14, 3 -0.14, 3 -0.14, 3 -0.14, 4 -0.16, 4 -0.16, 4 -0.16, 4 -0.16, 5 -0.18, 6 -0.2, 6 -0.2, 
15% 
2 9.21, 3 8.79, 354 2.92, 2 -0.12, 2 -0.12, 2 -0.12, 2 -0.12, 2 -0.12, 2 -0.12, 2 -0.12, 2 -0.12, 2 -0.12, 2 -0.12, 2 -0.12, 2 -0.12, 2 -0.12, 2 -0.12, 2 -0.12, 2 -0.12, 2 -0.12, 3 -0.14, 3 -0.14, 3 -0.14, 3 -0.14, 3 -0.14, 3 -0.14, 3 -0.14, 3 -0.14, 3 -0.14, 3 -0.14, 3 -0.14, 3 -0.14, 3 -0.14, 3 -0.14, 4 -0.16, 4 -0.16, 4 -0.16, 5 -0.18, 6 -0.2, 6 -0.2, 
16% 
2 9.21, 3 8.79, 2 7.62, 354 2.92, 2 -0.12, 2 -0.12, 2 -0.12, 2 -0.12, 2 -0.12, 2 -0.12, 2 -0.12, 2 -0.12, 2 -0.12, 2 -0.12, 2 -0.12, 2 -0.12, 2 -0.12, 2 -0.12, 2 -0.12, 2 -0.12, 2 -0.12, 3 -0.14, 3 -0.14, 3 -0.14, 3 -0.14, 3 -0.14, 3 -0.14, 3 -0.14, 3 -0.14, 3 -0.14, 3 -0.14, 3 -0.14, 3 -0.14, 4 -0.16, 4 -0.16, 4 -0.16, 5 -0.18, 6 -0.2, 6 -0.2, 
17% 
2 9.21, 3 8.79, 2 7.62, 354 3.76, 2 -0.12, 2 -0.12, 2 -0.12, 2 -0.12, 2 -0.12, 2 -0.12, 2 -0.12, 2 -0.12, 2 -0.12, 2 -0.12, 2 -0.12, 2 -0.12, 2 -0.12, 2 -0.12, 2 -0.12, 2 -0.12, 2 -0.12, 3 -0.14, 3 -0.14, 3 -0.14, 3 -0.14, 3 -0.14, 3 -0.14, 3 -0.14, 3 -0.14, 3 -0.14, 3 -0.14, 3 -0.14, 3 -0.14, 4 -0.16, 4 -0.16, 4 -0.16, 5 -0.18, 6 -0.2, 6 -0.2, 
18% 
2 9.21, 3 8.79, 2 7.62, 354 3.76, 2 -0.12, 2 -0.12, 2 -0.12, 2 -0.12, 2 -0.12, 2 -0.12, 2 -0.12, 2 -0.12, 2 -0.12, 2 -0.12, 2 -0.12, 2 -0.12, 2 -0.12, 2 -0.12, 2 -0.12, 2 -0.12, 2 -0.12, 3 -0.14, 3 -0.14, 3 -0.14, 3 -0.14, 3 -0.14, 3 -0.14, 3 -0.14, 3 -0.14, 3 -0.14, 3 -0.14, 3 -0.14, 4 -0.16, 4 -0.16, 4 -0.16, 4 -0.16, 5 -0.18, 6 -0.2, 
19% 
2 9.21, 3 8.79, 2 7.62, 348 3.81, 2 -0.12, 2 -0.12, 2 -0.12, 2 -0.12, 2 -0.12, 2 -0.12, 2 -0.12, 2 -0.12, 2 -0.12, 2 -0.12, 2 -0.12, 2 -0.12, 2 -0.12, 2 -0.12, 2 -0.12, 2 -0.12, 3 -0.14, 3 -0.14, 3 -0.14, 3 -0.14, 3 -0.14, 3 -0.14, 3 -0.14, 3 -0.14, 3 -0.14, 3 -0.14, 3 -0.14, 4 -0.16, 4 -0.16, 4 -0.16, 5 -0.18, 6 -0.2, 
20% 
2 9.21, 3 8.79, 2 7.62, 344 3.84, 2 -0.12, 2 -0.12, 2 -0.12, 2 -0.12, 2 -0.12, 2 -0.12, 2 -0.12, 2 -0.12, 2 -0.12, 2 -0.12, 2 -0.12, 2 -0.12, 2 -0.12, 2 -0.12, 3 -0.14, 3 -0.14, 3 -0.14, 3 -0.14, 3 -0.14, 3 -0.14, 3 -0.14, 3 -0.14, 3 -0.14, 3 -0.14, 3 -0.14, 4 -0.16, 4 -0.16, 4 -0.16, 5 -0.18, 6 -0.2, 
21% 
2 9.21, 3 8.79, 2 7.62, 339 3.9, 2 -0.12, 2 -0.12, 2 -0.12, 2 -0.12, 2 -0.12, 2 -0.12, 2 -0.12, 2 -0.12, 2 -0.12, 2 -0.12, 2 -0.12, 2 -0.12, 2 -0.12, 2 -0.12, 3 -0.14, 3 -0.14, 3 -0.14, 3 -0.14, 3 -0.14, 3 -0.14, 3 -0.14, 3 -0.14, 3 -0.14, 3 -0.14, 4 -0.16, 4 -0.16, 4 -0.16, 5 -0.18, 6 -0.2, 
22% 
2 9.21, 3 8.79, 2 7.62, 331 3.99, 2 -0.12, 2 -0.12, 2 -0.12, 2 -0.12, 2 -0.12, 2 -0.12, 2 -0.12, 2 -0.12, 2 -0.12, 2 -0.12, 2 -0.12, 2 -0.12, 2 -0.12, 3 -0.14, 3 -0.14, 3 -0.14, 3 -0.14, 3 -0.14, 3 -0.14, 3 -0.14, 3 -0.14, 3 -0.14, 3 -0.14, 3 -0.14, 4 -0.16, 4 -0.16, 4 -0.16, 5 -0.18, 6 -0.2, 
23% 
2 9.21, 3 8.79, 2 7.62, 319 4.15, 2 -0.12, 2 -0.12, 2 -0.12, 2 -0.12, 2 -0.12, 2 -0.12, 2 -0.12, 2 -0.12, 2 -0.12, 2 -0.12, 2 -0.12, 2 -0.12, 2 -0.12, 2 -0.12, 2 -0.12, 3 -0.14, 3 -0.14, 3 -0.14, 3 -0.14, 3 -0.14, 3 -0.14, 3 -0.14, 3 -0.14, 3 -0.14, 3 -0.14, 3 -0.14, 4 -0.16, 4 -0.16, 5 -0.18, 5 -0.18, 6 -0.2, 
24% 
2 9.21, 3 8.79, 2 7.62, 319 4.15, 2 -0.12, 2 -0.12, 2 -0.12, 2 -0.12, 2 -0.12, 2 -0.12, 2 -0.12, 2 -0.12, 2 -0.12, 2 -0.12, 2 -0.12, 2 -0.12, 2 -0.12, 2 -0.12, 3 -0.14, 3 -0.14, 3 -0.14, 3 -0.14, 3 -0.14, 3 -0.14, 3 -0.14, 3 -0.14, 3 -0.14, 3 -0.14, 3 -0.14, 4 -0.16, 4 -0.16, 5 -0.18, 5 -0.18, 6 -0.2, 
25% 
2 9.21, 3 8.79, 2 7.62, 322 4.83, 2 -0.12, 2 -0.12, 2 -0.12, 2 -0.12, 2 -0.12, 2 -0.12, 2 -0.12, 2 -0.12, 2 -0.12, 2 -0.12, 2 -0.12, 2 -0.12, 2 -0.12, 2 -0.12, 2 -0.12, 3 -0.14, 3 -0.14, 3 -0.14, 3 -0.14, 3 -0.14, 3 -0.14, 3 -0.14, 3 -0.14, 3 -0.14, 3 -0.14, 4 -0.16, 4 -0.16, 5 -0.18, 5 -0.18, 5 -0.18, 
26% 
2 9.21, 3 8.79, 2 7.62, 322 5.36, 2 -0.12, 2 -0.12, 2 -0.12, 2 -0.12, 2 -0.12, 2 -0.12, 2 -0.12, 2 -0.12, 2 -0.12, 2 -0.12, 2 -0.12, 2 -0.12, 2 -0.12, 2 -0.12, 2 -0.12, 3 -0.14, 3 -0.14, 3 -0.14, 3 -0.14, 3 -0.14, 3 -0.14, 3 -0.14, 3 -0.14, 3 -0.14, 3 -0.14, 4 -0.16, 4 -0.16, 5 -0.18, 5 -0.18, 5 -0.18, 
27% 
2 9.21, 3 8.79, 2 7.62, 315 5.42, 2 -0.12, 2 -0.12, 2 -0.12, 2 -0.12, 2 -0.12, 2 -0.12, 2 -0.12, 2 -0.12, 2 -0.12, 2 -0.12, 2 -0.12, 2 -0.12, 2 -0.12, 2 -0.12, 3 -0.14, 3 -0.14, 3 -0.14, 3 -0.14, 3 -0.14, 3 -0.14, 3 -0.14, 3 -0.14, 3 -0.14, 3 -0.14, 4 -0.16, 4 -0.16, 5 -0.18, 5 -0.18, 5 -0.18, 
28% 
2 9.21, 3 8.79, 2 7.62, 307 6.1, 2 -0.12, 2 -0.12, 2 -0.12, 2 -0.12, 2 -0.12, 2 -0.12, 2 -0.12, 2 -0.12, 2 -0.12, 2 -0.12, 2 -0.12, 2 -0.12, 2 -0.12, 2 -0.12, 3 -0.14, 3 -0.14, 3 -0.14, 3 -0.14, 3 -0.14, 3 -0.14, 3 -0.14, 3 -0.14, 3 -0.14, 3 -0.14, 4 -0.16, 5 -0.18, 5 -0.18, 5 -0.18, 
29% 
2 9.21, 3 8.79, 2 7.62, 299 6.23, 2 -0.12, 2 -0.12, 2 -0.12, 2 -0.12, 2 -0.12, 2 -0.12, 2 -0.12, 2 -0.12, 2 -0.12, 2 -0.12, 2 -0.12, 2 -0.12, 2 -0.12, 2 -0.12, 3 -0.14, 3 -0.14, 3 -0.14, 3 -0.14, 3 -0.14, 3 -0.14, 3 -0.14, 3 -0.14, 3 -0.14, 4 -0.16, 4 -0.16, 5 -0.18, 5 -0.18, 5 -0.18, 
30% 
2 9.21, 3 8.79, 2 7.62, 294 6.29, 2 -0.12, 2 -0.12, 2 -0.12, 2 -0.12, 2 -0.12, 2 -0.12, 2 -0.12, 2 -0.12, 2 -0.12, 2 -0.12, 2 -0.12, 2 -0.12, 2 -0.12, 3 -0.14, 3 -0.14, 3 -0.14, 3 -0.14, 3 -0.14, 3 -0.14, 3 -0.14, 3 -0.14, 4 -0.16, 4 -0.16, 4 -0.16, 5 -0.18, 5 -0.18, 
31% 
2 9.21, 3 8.79, 2 7.62, 289 6.38, 2 -0.12, 2 -0.12, 2 -0.12, 2 -0.12, 2 -0.12, 2 -0.12, 2 -0.12, 2 -0.12, 2 -0.12, 2 -0.12, 2 -0.12, 2 -0.12, 3 -0.14, 3 -0.14, 3 -0.14, 3 -0.14, 3 -0.14, 3 -0.14, 3 -0.14, 4 -0.16, 4 -0.16, 4 -0.16, 5 -0.18, 5 -0.18, 
32% 
2 10.19, 2 9.21, 2 7.62, 281 6.51, 2 -0.12, 2 -0.12, 2 -0.12, 2 -0.12, 2 -0.12, 2 -0.12, 2 -0.12, 2 -0.12, 2 -0.12, 2 -0.12, 3 -0.14, 3 -0.14, 3 -0.14, 3 -0.14, 3 -0.14, 3 -0.14, 3 -0.14, 4 -0.16, 4 -0.16, 4 -0.16, 5 -0.18, 
33% 
2 10.19, 2 9.21, 2 7.62, 278 6.53, 2 5.58, 2 -0.12, 2 -0.12, 2 -0.12, 2 -0.12, 2 -0.12, 2 -0.12, 2 -0.12, 2 -0.12, 2 -0.12, 3 -0.14, 3 -0.14, 3 -0.14, 3 -0.14, 3 -0.14, 3 -0.14, 3 -0.14, 4 -0.16, 4 -0.16, 4 -0.16, 5 -0.18, 
34% 
2 10.19, 2 9.21, 2 7.62, 269 6.7, 2 5.58, 2 -0.12, 2 -0.12, 2 -0.12, 2 -0.12, 2 -0.12, 2 -0.12, 2 -0.12, 2 -0.12, 2 -0.12, 3 -0.14, 3 -0.14, 3 -0.14, 3 -0.14, 3 -0.14, 3 -0.14, 4 -0.16, 4 -0.16, 4 -0.16, 5 -0.18, 
35% 
2 10.19, 2 9.21, 2 7.62, 260 6.81, 2 5.58, 2 -0.12, 2 -0.12, 2 -0.12, 2 -0.12, 2 -0.12, 2 -0.12, 2 -0.12, 2 -0.12, 2 -0.12, 3 -0.14, 3 -0.14, 3 -0.14, 3 -0.14, 3 -0.14, 3 -0.14, 4 -0.16, 4 -0.16, 4 -0.16, 4 -0.16, 5 -0.18, 
36% 
2 10.19, 2 9.21, 255 7.66, 2 7.62, 2 5.58, 2 -0.12, 2 -0.12, 2 -0.12, 2 -0.12, 2 -0.12, 2 -0.12, 2 -0.12, 2 -0.12, 3 -0.14, 3 -0.14, 3 -0.14, 3 -0.14, 3 -0.14, 3 -0.14, 4 -0.16, 4 -0.16, 4 -0.16, 5 -0.18, 
37% 
2 10.19, 2 9.21, 256 8.69, 2 7.62, 3 7.51, 2 5.58, 2 -0.12, 2 -0.12, 2 -0.12, 2 -0.12, 2 -0.12, 2 -0.12, 3 -0.14, 3 -0.14, 3 -0.14, 3 -0.14, 4 -0.16, 4 -0.16, 4 -0.16, 5 -0.18, 
38% 
2 10.19, 281 9.54, 2 9.21, 2 7.62, 3 7.51, 2 5.58, 2 -0.12, 2 -0.12, 2 -0.12, 2 -0.12, 2 -0.12, 2 -0.12, 3 -0.14, 3 -0.14, 3 -0.14, 3 -0.14, 4 -0.16, 4 -0.16, 4 -0.16, 5 -0.18, 
39% 
286 10.34, 2 10.19, 2 7.62, 3 7.51, 2 5.58, 2 -0.12, 2 -0.12, 2 -0.12, 2 -0.12, 2 -0.12, 2 -0.12, 3 -0.14, 3 -0.14, 3 -0.14, 3 -0.14, 4 -0.16, 4 -0.16, 4 -0.16, 5 -0.18, 
40% 
286 10.34, 2 10.19, 2 7.62, 3 7.51, 2 5.58, 2 -0.12, 2 -0.12, 2 -0.12, 2 -0.12, 2 -0.12, 2 -0.12, 3 -0.14, 3 -0.14, 3 -0.14, 3 -0.14, 3 -0.14, 4 -0.16, 4 -0.16, 5 -0.18, 
41% 
279 10.46, 2 10.19, 2 7.62, 3 7.51, 2 5.58, 2 -0.12, 2 -0.12, 2 -0.12, 2 -0.12, 2 -0.12, 2 -0.12, 3 -0.14, 3 -0.14, 3 -0.14, 3 -0.14, 3 -0.14, 4 -0.16, 4 -0.16, 5 -0.18, 
42% 
295 11.68, 2 7.62, 3 7.51, 2 5.58, 2 -0.12, 2 -0.12, 2 -0.12, 2 -0.12, 2 -0.12, 2 -0.12, 2 -0.12, 3 -0.14, 3 -0.14, 3 -0.14, 3 -0.14, 3 -0.14, 4 -0.16, 5 -0.18, 
43% 
295 11.68, 2 7.62, 3 7.51, 2 5.58, 2 -0.12, 2 -0.12, 2 -0.12, 2 -0.12, 2 -0.12, 2 -0.12, 3 -0.14, 3 -0.14, 3 -0.14, 3 -0.14, 3 -0.14, 4 -0.16, 5 -0.18, 
44% 
289 11.83, 2 7.62, 3 7.51, 2 6.15, 2 5.58, 2 -0.12, 2 -0.12, 2 -0.12, 2 -0.12, 2 -0.12, 2 -0.12, 3 -0.14, 3 -0.14, 3 -0.14, 3 -0.14, 3 -0.14, 4 -0.16, 5 -0.18, 
45% 
286 11.92, 2 7.62, 3 7.51, 2 6.15, 2 5.58, 2 -0.12, 2 -0.12, 2 -0.12, 2 -0.12, 2 -0.12, 2 -0.12, 3 -0.14, 3 -0.14, 3 -0.14, 3 -0.14, 3 -0.14, 4 -0.16, 5 -0.18, 
46% 
286 12.91, 2 7.62, 3 7.51, 2 6.15, 2 5.58, 2 -0.12, 2 -0.12, 2 -0.12, 2 -0.12, 2 -0.12, 2 -0.12, 3 -0.14, 3 -0.14, 3 -0.14, 3 -0.14, 3 -0.14, 4 -0.16, 5 -0.18, 
47% 
283 12.97, 2 7.62, 3 7.51, 2 6.15, 2 5.58, 2 -0.12, 2 -0.12, 2 -0.12, 2 -0.12, 2 -0.12, 2 -0.12, 3 -0.14, 3 -0.14, 3 -0.14, 3 -0.14, 3 -0.14, 3 -0.14, 5 -0.18, 
48% 
278 13.07, 2 7.62, 3 7.51, 2 7.31, 2 6.15, 2 5.58, 2 -0.12, 2 -0.12, 2 -0.12, 2 -0.12, 2 -0.12, 2 -0.12, 3 -0.14, 3 -0.14, 3 -0.14, 3 -0.14, 3 -0.14, 3 -0.14, 5 -0.18, 
49% 
281 13.55, 2 7.62, 3 7.51, 2 7.31, 2 6.15, 2 5.58, 2 -0.12, 2 -0.12, 2 -0.12, 2 -0.12, 2 -0.12, 2 -0.12, 3 -0.14, 3 -0.14, 3 -0.14, 3 -0.14, 3 -0.14, 3 -0.14, 4 -0.16, 
50% 
289 14.16, 2 7.62, 2 7.31, 2 6.15, 2 5.58, 2 -0.12, 2 -0.12, 2 -0.12, 2 -0.12, 2 -0.12, 3 -0.14, 3 -0.14, 3 -0.14, 3 -0.14, 3 -0.14, 3 -0.14, 4 -0.16, 
51% 
290 14.65, 2 7.62, 2 7.31, 2 6.15, 2 -0.12, 2 -0.12, 2 -0.12, 2 -0.12, 2 -0.12, 3 -0.14, 3 -0.14, 3 -0.14, 3 -0.14, 3 -0.14, 4 -0.16, 
52% 
286 14.81, 2 7.62, 2 7.31, 2 6.15, 2 -0.12, 2 -0.12, 2 -0.12, 2 -0.12, 3 -0.14, 3 -0.14, 3 -0.14, 3 -0.14, 3 -0.14, 4 -0.16, 
53% 
278 14.98, 2 7.62, 2 7.31, 2 6.15, 2 -0.12, 2 -0.12, 2 -0.12, 2 -0.12, 3 -0.14, 3 -0.14, 3 -0.14, 3 -0.14, 4 -0.16, 
54% 
274 15.09, 2 7.62, 2 7.31, 2 6.15, 2 -0.12, 2 -0.12, 2 -0.12, 2 -0.12, 3 -0.14, 3 -0.14, 3 -0.14, 3 -0.14, 4 -0.16, 
55% 
272 16.39, 2 7.62, 2 7.31, 2 -0.12, 2 -0.12, 2 -0.12, 2 -0.12, 3 -0.14, 3 -0.14, 3 -0.14, 4 -0.16, 
56% 
268 16.58, 2 7.62, 2 7.31, 2 -0.12, 2 -0.12, 2 -0.12, 2 -0.12, 3 -0.14, 3 -0.14, 3 -0.14, 4 -0.16, 
57% 
267 16.59, 2 7.62, 2 7.31, 2 -0.12, 2 -0.12, 2 -0.12, 2 -0.12, 3 -0.14, 3 -0.14, 3 -0.14, 4 -0.16, 
58% 
267 16.59, 2 7.62, 2 7.31, 2 -0.12, 2 -0.12, 2 -0.12, 2 -0.12, 3 -0.14, 3 -0.14, 3 -0.14, 4 -0.16, 
59% 
267 16.59, 2 7.62, 2 7.31, 2 -0.12, 2 -0.12, 2 -0.12, 2 -0.12, 3 -0.14, 3 -0.14, 3 -0.14, 4 -0.16, 
60% 
262 16.68, 2 7.62, 2 7.31, 2 -0.12, 2 -0.12, 2 -0.12, 2 -0.12, 3 -0.14, 3 -0.14, 3 -0.14, 3 -0.14, 4 -0.16, 
61% 
259 16.78, 2 7.62, 2 7.31, 2 -0.12, 2 -0.12, 2 -0.12, 2 -0.12, 3 -0.14, 3 -0.14, 3 -0.14, 3 -0.14, 4 -0.16, 
62% 
258 17.49, 2 7.62, 2 7.31, 2 -0.12, 2 -0.12, 2 -0.12, 2 -0.12, 3 -0.14, 3 -0.14, 3 -0.14, 3 -0.14, 4 -0.16, 
63% 
256 18.16, 2 7.62, 2 7.31, 2 -0.12, 2 -0.12, 2 -0.12, 2 -0.12, 3 -0.14, 3 -0.14, 3 -0.14, 3 -0.14, 4 -0.16, 
64% 
247 18.55, 2 7.62, 2 7.31, 2 -0.12, 2 -0.12, 2 -0.12, 2 -0.12, 3 -0.14, 3 -0.14, 3 -0.14, 3 -0.14, 4 -0.16, 4 -0.16, 
65% 
233 18.6, 2 7.62, 2 7.31, 12 2.11, 2 -0.12, 2 -0.12, 2 -0.12, 2 -0.12, 3 -0.14, 3 -0.14, 3 -0.14, 3 -0.14, 4 -0.16, 4 -0.16, 
66% 
242 18.78, 2 7.62, 2 7.31, 2 -0.12, 2 -0.12, 2 -0.12, 2 -0.12, 3 -0.14, 3 -0.14, 3 -0.14, 3 -0.14, 4 -0.16, 4 -0.16, 
67% 
239 18.89, 2 7.62, 2 7.31, 2 -0.12, 2 -0.12, 2 -0.12, 2 -0.12, 3 -0.14, 3 -0.14, 3 -0.14, 3 -0.14, 4 -0.16, 4 -0.16, 
68% 
238 18.95, 2 7.62, 2 7.31, 2 -0.12, 2 -0.12, 2 -0.12, 2 -0.12, 3 -0.14, 3 -0.14, 3 -0.14, 3 -0.14, 4 -0.16, 4 -0.16, 
69% 
237 18.98, 2 7.62, 2 7.31, 2 -0.12, 2 -0.12, 2 -0.12, 2 -0.12, 2 -0.12, 3 -0.14, 3 -0.14, 3 -0.14, 4 -0.16, 4 -0.16, 
70% 
239 19.54, 2 7.62, 2 7.31, 2 -0.12, 2 -0.12, 2 -0.12, 2 -0.12, 2 -0.12, 3 -0.14, 3 -0.14, 3 -0.14, 4 -0.16, 4 -0.16, 
71% 
238 19.61, 2 7.62, 2 7.31, 2 -0.12, 2 -0.12, 2 -0.12, 2 -0.12, 2 -0.12, 3 -0.14, 3 -0.14, 3 -0.14, 4 -0.16, 4 -0.16, 
72% 
237 19.64, 2 7.62, 2 7.31, 2 -0.12, 2 -0.12, 2 -0.12, 2 -0.12, 2 -0.12, 3 -0.14, 3 -0.14, 3 -0.14, 4 -0.16, 4 -0.16, 
73% 
235 19.72, 2 7.62, 2 7.31, 2 -0.12, 2 -0.12, 2 -0.12, 2 -0.12, 2 -0.12, 2 -0.12, 3 -0.14, 3 -0.14, 4 -0.16, 4 -0.16, 
74% 
231 19.89, 2 7.62, 2 7.31, 2 -0.12, 2 -0.12, 2 -0.12, 2 -0.12, 2 -0.12, 2 -0.12, 2 -0.12, 3 -0.14, 4 -0.16, 4 -0.16, 
75% 
227 20.02, 2 7.62, 2 7.31, 2 -0.12, 2 -0.12, 2 -0.12, 2 -0.12, 2 -0.12, 2 -0.12, 2 -0.12, 3 -0.14, 4 -0.16, 4 -0.16, 
76% 
222 20.25, 2 7.62, 2 7.31, 2 -0.12, 2 -0.12, 2 -0.12, 2 -0.12, 2 -0.12, 2 -0.12, 2 -0.12, 3 -0.14, 4 -0.16, 
77% 
219 20.46, 2 7.62, 2 7.31, 2 -0.12, 2 -0.12, 2 -0.12, 2 -0.12, 2 -0.12, 2 -0.12, 2 -0.12, 2 -0.12, 4 -0.16, 
78% 
219 20.46, 2 7.62, 2 7.31, 2 -0.12, 2 -0.12, 2 -0.12, 2 -0.12, 2 -0.12, 2 -0.12, 2 -0.12, 2 -0.12, 4 -0.16, 
79% 
219 20.46, 2 7.62, 2 7.31, 2 -0.12, 2 -0.12, 2 -0.12, 2 -0.12, 2 -0.12, 2 -0.12, 2 -0.12, 2 -0.12, 4 -0.16, 
80% 
219 20.46, 2 7.62, 2 7.31, 2 -0.12, 2 -0.12, 2 -0.12, 2 -0.12, 2 -0.12, 2 -0.12, 2 -0.12, 2 -0.12, 4 -0.16, 
81% 
219 20.46, 2 7.62, 2 7.31, 2 -0.12, 2 -0.12, 2 -0.12, 2 -0.12, 2 -0.12, 2 -0.12, 2 -0.12, 2 -0.12, 4 -0.16, 
82% 
219 20.46, 2 7.62, 2 7.31, 2 -0.12, 2 -0.12, 2 -0.12, 2 -0.12, 2 -0.12, 2 -0.12, 2 -0.12, 2 -0.12, 4 -0.16, 
83% 
219 20.46, 2 7.62, 2 7.31, 2 -0.12, 2 -0.12, 2 -0.12, 2 -0.12, 2 -0.12, 2 -0.12, 2 -0.12, 2 -0.12, 4 -0.16, 
84% 
215 20.65, 2 7.62, 2 7.31, 2 -0.12, 2 -0.12, 2 -0.12, 2 -0.12, 2 -0.12, 2 -0.12, 2 -0.12, 2 -0.12, 4 -0.16, 
85% 
214 20.74, 2 7.62, 2 7.31, 2 -0.12, 2 -0.12, 2 -0.12, 2 -0.12, 2 -0.12, 2 -0.12, 2 -0.12, 2 -0.12, 4 -0.16, 
86% 
214 20.74, 2 7.62, 2 7.31, 2 -0.12, 2 -0.12, 2 -0.12, 2 -0.12, 2 -0.12, 2 -0.12, 2 -0.12, 2 -0.12, 4 -0.16, 
87% 
212 20.75, 2 7.62, 2 7.31, 2 -0.12, 2 -0.12, 2 -0.12, 2 -0.12, 2 -0.12, 2 -0.12, 2 -0.12, 2 -0.12, 4 -0.16, 
88% 
212 20.75, 2 7.62, 2 7.31, 2 -0.12, 2 -0.12, 2 -0.12, 2 -0.12, 2 -0.12, 2 -0.12, 2 -0.12, 4 -0.16, 
89% 
214 21.38, 2 7.62, 2 7.31, 2 -0.12, 2 -0.12, 2 -0.12, 2 -0.12, 2 -0.12, 2 -0.12, 2 -0.12, 4 -0.16, 
90% 
214 21.38, 2 7.62, 2 7.31, 2 -0.12, 2 -0.12, 2 -0.12, 2 -0.12, 2 -0.12, 2 -0.12, 2 -0.12, 4 -0.16, 
91% 
212 21.39, 2 7.62, 2 7.31, 2 -0.12, 2 -0.12, 2 -0.12, 2 -0.12, 2 -0.12, 2 -0.12, 2 -0.12, 4 -0.16, 
92% 
212 21.39, 2 7.62, 2 7.31, 2 -0.12, 2 -0.12, 2 -0.12, 2 -0.12, 2 -0.12, 2 -0.12, 4 -0.16, 
93% 
210 21.42, 2 7.62, 2 7.31, 2 -0.12, 2 -0.12, 2 -0.12, 2 -0.12, 2 -0.12, 4 -0.16, 
94% 
209 21.46, 2 7.62, 2 7.31, 2 -0.12, 2 -0.12, 2 -0.12, 2 -0.12, 2 -0.12, 4 -0.16, 
95% 
202 21.92, 2 7.62, 2 7.31, 2 -0.12, 2 -0.12, 2 -0.12, 2 -0.12, 4 -0.16, 
96% 
201 21.96, 2 7.62, 2 7.31, 2 -0.12, 2 -0.12, 2 -0.12, 2 -0.12, 4 -0.16, 
97% 
199 22.05, 2 7.62, 2 7.31, 2 -0.12, 2 -0.12, 2 -0.12, 2 -0.12, 3 -0.14, 
98% 
186 22.27, 2 7.62, 2 7.31, 10 2.4, 2 -0.12, 2 -0.12, 2 -0.12, 2 -0.12, 3 -0.14, 
99% 
184 22.35, 2 7.62, 2 7.31, 10 2.4, 2 -0.12, 2 -0.12, 2 -0.12, 2 -0.12, 3 -0.14, 
100%
193 22.64, 2 7.62, 2 7.31, 2 -0.12, 2 -0.12, 2 -0.12, 2 -0.12, 2 -0.12, 
