-sif=/home/safia/anaconda3/lib/R/library/pathfindR/extdata/KEGG.sif
-sig=/home/safia/Documents/pathfindR_Results(2)/active_snw_searches/Iteration_4/active_snw_search/input_for_search.txt
-method=SA
-saTemp0=1
-saTemp1=0.01
-saIter=10000
-geneInitProb=0.0733333333333333
-gaPop=400
-gaIter=200
-gaThread=5
-gaMut=0
-grMaxDepth=1
-grSearchDepth=1
-grOverlap=0.5
-grSubNum=1000
4 6.22, 3 1.81, 3 1.78, 3 1.55, 110 0.09, 2 -0.34, 2 -0.34, 2 -0.34, 2 -0.34, 2 -0.34, 2 -0.34, 2 -0.34, 2 -0.34, 2 -0.34, 2 -0.34, 2 -0.34, 2 -0.34, 2 -0.34, 2 -0.34, 2 -0.34, 3 -0.41, 3 -0.41, 3 -0.41, 3 -0.41, 3 -0.41, 3 -0.41, 3 -0.41, 3 -0.41, 4 -0.48, 4 -0.48, 
Percentage of finished job, node number and score of modules that have more than one node are as follows:
0%
1% 
4 6.22, 2 2.07, 3 1.81, 3 1.78, 3 1.55, 5 1.21, 108 0.14, 2 -0.34, 2 -0.34, 2 -0.34, 2 -0.34, 2 -0.34, 2 -0.34, 2 -0.34, 2 -0.34, 2 -0.34, 2 -0.34, 2 -0.34, 2 -0.34, 2 -0.34, 2 -0.34, 2 -0.34, 3 -0.41, 3 -0.41, 3 -0.41, 3 -0.41, 3 -0.41, 3 -0.41, 3 -0.41, 3 -0.41, 4 -0.48, 
2% 
4 6.22, 10 2.43, 3 2.22, 2 2.07, 3 1.81, 3 1.78, 3 1.55, 4 1.47, 6 1.37, 92 0.42, 2 -0.34, 2 -0.34, 2 -0.34, 2 -0.34, 2 -0.34, 2 -0.34, 2 -0.34, 2 -0.34, 2 -0.34, 2 -0.34, 2 -0.34, 2 -0.34, 2 -0.34, 2 -0.34, 2 -0.34, 3 -0.41, 3 -0.41, 3 -0.41, 3 -0.41, 3 -0.41, 3 -0.41, 3 -0.41, 3 -0.41, 4 -0.48, 
3% 
4 6.22, 5 2.86, 3 2.79, 10 2.43, 3 2.22, 2 2.07, 2 2.05, 3 1.81, 3 1.78, 3 1.55, 6 1.37, 91 0.45, 2 -0.34, 2 -0.34, 2 -0.34, 2 -0.34, 2 -0.34, 2 -0.34, 2 -0.34, 2 -0.34, 2 -0.34, 2 -0.34, 2 -0.34, 2 -0.34, 2 -0.34, 2 -0.34, 2 -0.34, 3 -0.41, 3 -0.41, 3 -0.41, 3 -0.41, 3 -0.41, 3 -0.41, 3 -0.41, 4 -0.48, 
4% 
4 6.22, 5 2.86, 8 2.86, 4 2.85, 3 2.79, 3 2.22, 2 2.07, 2 2.05, 3 1.81, 3 1.78, 3 1.55, 4 1.42, 6 1.37, 96 0.71, 2 -0.34, 2 -0.34, 2 -0.34, 2 -0.34, 2 -0.34, 2 -0.34, 2 -0.34, 2 -0.34, 2 -0.34, 2 -0.34, 2 -0.34, 2 -0.34, 2 -0.34, 2 -0.34, 3 -0.41, 3 -0.41, 3 -0.41, 3 -0.41, 3 -0.41, 4 -0.48, 
5% 
4 6.22, 3 4.69, 9 3, 8 2.86, 4 2.85, 3 2.79, 3 2.22, 2 2.07, 3 1.81, 3 1.78, 5 1.57, 4 1.42, 99 1.37, 4 1.3, 2 -0.34, 2 -0.34, 2 -0.34, 2 -0.34, 2 -0.34, 2 -0.34, 2 -0.34, 2 -0.34, 2 -0.34, 2 -0.34, 2 -0.34, 2 -0.34, 2 -0.34, 2 -0.34, 3 -0.41, 3 -0.41, 3 -0.41, 3 -0.41, 4 -0.48, 
6% 
4 6.22, 3 4.69, 9 3, 8 2.86, 4 2.85, 3 2.79, 3 2.22, 2 2.07, 4 1.87, 109 1.87, 3 1.81, 3 1.78, 4 1.42, 4 1.3, 2 -0.34, 2 -0.34, 2 -0.34, 2 -0.34, 2 -0.34, 2 -0.34, 2 -0.34, 2 -0.34, 2 -0.34, 2 -0.34, 2 -0.34, 2 -0.34, 3 -0.41, 3 -0.41, 3 -0.41, 3 -0.41, 4 -0.48, 
7% 
4 6.22, 3 4.69, 9 3, 2 2.97, 82 2.92, 8 2.86, 4 2.85, 3 2.79, 3 2.22, 2 2.07, 3 1.81, 3 1.78, 4 1.42, 4 1.3, 2 -0.34, 2 -0.34, 2 -0.34, 2 -0.34, 2 -0.34, 2 -0.34, 2 -0.34, 2 -0.34, 2 -0.34, 2 -0.34, 2 -0.34, 2 -0.34, 3 -0.41, 3 -0.41, 3 -0.41, 3 -0.41, 4 -0.48, 
8% 
4 6.22, 3 4.69, 9 3, 2 2.97, 82 2.92, 8 2.86, 4 2.85, 3 2.79, 3 2.22, 2 2.07, 3 2.03, 3 1.84, 3 1.81, 3 1.78, 4 1.42, 4 1.3, 2 -0.34, 2 -0.34, 2 -0.34, 2 -0.34, 2 -0.34, 2 -0.34, 2 -0.34, 2 -0.34, 2 -0.34, 2 -0.34, 2 -0.34, 2 -0.34, 3 -0.41, 3 -0.41, 3 -0.41, 3 -0.41, 4 -0.48, 
9% 
4 6.22, 3 4.69, 4 3.38, 9 3, 2 2.97, 54 2.96, 8 2.86, 4 2.85, 3 2.79, 3 2.22, 2 2.07, 3 2.07, 3 1.84, 2 1.83, 3 1.81, 3 1.78, 4 1.42, 4 1.3, 26 0.95, 2 -0.34, 2 -0.34, 2 -0.34, 2 -0.34, 2 -0.34, 2 -0.34, 2 -0.34, 2 -0.34, 2 -0.34, 2 -0.34, 2 -0.34, 3 -0.41, 3 -0.41, 3 -0.41, 3 -0.41, 4 -0.48, 
10% 
4 6.22, 73 5.92, 4 3.38, 2 3.28, 2 2.97, 8 2.86, 2 2.8, 3 2.79, 28 2.51, 3 2.22, 2 2.2, 2 2.07, 3 2.07, 3 1.84, 2 1.83, 3 1.81, 3 1.78, 3 1.78, 3 1.34, 4 1.3, 2 -0.34, 2 -0.34, 2 -0.34, 2 -0.34, 2 -0.34, 2 -0.34, 2 -0.34, 2 -0.34, 2 -0.34, 2 -0.34, 3 -0.41, 3 -0.41, 3 -0.41, 3 -0.41, 4 -0.48, 
11% 
77 6.95, 4 6.22, 4 3.38, 2 3.28, 2 3.21, 2 2.97, 8 2.86, 2 2.8, 3 2.79, 28 2.51, 3 2.22, 2 2.07, 3 2.07, 3 1.84, 2 1.83, 3 1.81, 3 1.78, 3 1.78, 3 1.49, 3 1.34, 4 1.3, 2 -0.34, 2 -0.34, 2 -0.34, 2 -0.34, 2 -0.34, 2 -0.34, 2 -0.34, 2 -0.34, 2 -0.34, 3 -0.41, 3 -0.41, 3 -0.41, 3 -0.41, 4 -0.48, 
12% 
93 8.63, 5 4.92, 29 3.24, 2 3.21, 2 2.97, 8 2.86, 2 2.8, 3 2.79, 3 2.22, 2 2.07, 3 2.07, 3 1.84, 2 1.83, 3 1.81, 3 1.78, 3 1.78, 6 1.55, 3 1.45, 3 1.34, 4 1.3, 2 -0.34, 2 -0.34, 2 -0.34, 2 -0.34, 2 -0.34, 2 -0.34, 2 -0.34, 2 -0.34, 3 -0.41, 3 -0.41, 3 -0.41, 3 -0.41, 4 -0.48, 
13% 
137 9.5, 5 4.92, 2 3.21, 2 2.97, 8 2.86, 2 2.8, 3 2.79, 3 2.22, 2 2.07, 3 2.07, 3 1.84, 2 1.83, 3 1.81, 3 1.78, 3 1.78, 6 1.55, 3 1.45, 3 1.34, 4 1.3, 2 -0.34, 2 -0.34, 2 -0.34, 2 -0.34, 2 -0.34, 2 -0.34, 2 -0.34, 2 -0.34, 3 -0.41, 3 -0.41, 3 -0.41, 3 -0.41, 4 -0.48, 
14% 
141 10.08, 5 4.92, 10 3.73, 2 3.21, 2 2.97, 2 2.8, 3 2.79, 3 2.22, 2 2.07, 3 2.07, 3 1.84, 2 1.83, 3 1.81, 3 1.78, 3 1.78, 6 1.55, 3 1.45, 3 1.34, 4 1.3, 2 -0.34, 2 -0.34, 2 -0.34, 2 -0.34, 2 -0.34, 2 -0.34, 2 -0.34, 2 -0.34, 3 -0.41, 3 -0.41, 3 -0.41, 3 -0.41, 4 -0.48, 
15% 
147 11.41, 5 4.92, 11 4.64, 2 3.44, 2 2.97, 2 2.8, 3 2.79, 2 2.57, 3 2.22, 2 2.07, 3 2.07, 3 1.84, 2 1.83, 3 1.81, 2 1.79, 3 1.78, 3 1.78, 6 1.55, 3 1.53, 3 1.45, 3 1.34, 4 1.3, 2 -0.34, 2 -0.34, 2 -0.34, 2 -0.34, 2 -0.34, 2 -0.34, 2 -0.34, 2 -0.34, 3 -0.41, 3 -0.41, 3 -0.41, 3 -0.41, 4 -0.48, 
16% 
164 12.72, 5 4.92, 3 4.62, 2 3.44, 2 2.97, 3 2.79, 2 2.57, 2 2.5, 3 2.22, 2 2.07, 3 2.07, 3 1.84, 2 1.83, 3 1.81, 2 1.79, 3 1.78, 3 1.78, 6 1.55, 3 1.53, 3 1.45, 3 1.34, 4 1.3, 2 -0.34, 2 -0.34, 2 -0.34, 2 -0.34, 2 -0.34, 2 -0.34, 2 -0.34, 2 -0.34, 3 -0.41, 3 -0.41, 3 -0.41, 3 -0.41, 4 -0.48, 
17% 
164 13.16, 5 4.92, 3 4.62, 2 3.44, 2 2.97, 3 2.79, 2 2.57, 2 2.5, 3 2.22, 4 2.1, 2 2.07, 3 2.07, 2 2, 2 1.86, 3 1.84, 2 1.83, 2 1.83, 3 1.81, 2 1.79, 3 1.78, 3 1.78, 3 1.53, 3 1.45, 3 1.34, 4 1.3, 2 -0.34, 2 -0.34, 2 -0.34, 2 -0.34, 2 -0.34, 2 -0.34, 2 -0.34, 2 -0.34, 3 -0.41, 3 -0.41, 3 -0.41, 3 -0.41, 4 -0.48, 
18% 
161 13.64, 5 4.92, 3 4.62, 2 3.44, 3 3.35, 2 2.97, 3 2.79, 2 2.57, 2 2.56, 2 2.5, 3 2.22, 4 2.1, 3 2.07, 2 2, 2 1.86, 3 1.84, 2 1.83, 2 1.83, 3 1.81, 2 1.79, 3 1.78, 3 1.78, 10 1.53, 3 1.53, 3 1.45, 4 1.3, 2 -0.34, 2 -0.34, 2 -0.34, 2 -0.34, 2 -0.34, 2 -0.34, 2 -0.34, 2 -0.34, 2 -0.34, 2 -0.34, 3 -0.41, 3 -0.41, 
19% 
162 14.18, 5 4.92, 3 4.62, 2 3.44, 3 3.35, 2 2.97, 3 2.79, 2 2.57, 2 2.56, 2 2.5, 3 2.22, 3 2.2, 4 2.1, 3 2.07, 2 2, 2 1.86, 3 1.84, 2 1.83, 2 1.83, 3 1.81, 2 1.79, 3 1.78, 3 1.78, 10 1.53, 3 1.53, 3 1.45, 4 1.3, 2 -0.34, 2 -0.34, 2 -0.34, 2 -0.34, 2 -0.34, 2 -0.34, 2 -0.34, 2 -0.34, 2 -0.34, 2 -0.34, 3 -0.41, 3 -0.41, 
20% 
168 14.41, 5 4.92, 3 4.62, 2 3.44, 3 3.35, 2 2.97, 3 2.79, 2 2.7, 2 2.57, 2 2.56, 3 2.4, 3 2.22, 3 2.2, 4 2.1, 2 2, 2 1.86, 3 1.84, 2 1.83, 2 1.83, 3 1.81, 2 1.79, 3 1.78, 3 1.78, 10 1.53, 3 1.53, 3 1.45, 4 1.3, 2 -0.34, 2 -0.34, 2 -0.34, 2 -0.34, 2 -0.34, 2 -0.34, 2 -0.34, 2 -0.34, 2 -0.34, 2 -0.34, 2 -0.34, 
21% 
171 14.71, 5 4.92, 3 4.62, 2 3.44, 3 3.35, 2 2.97, 3 2.79, 2 2.7, 2 2.57, 2 2.56, 3 2.4, 3 2.22, 3 2.2, 4 2.1, 2 2, 2 1.86, 3 1.84, 2 1.83, 2 1.83, 3 1.81, 2 1.79, 3 1.78, 3 1.78, 10 1.53, 3 1.53, 3 1.45, 4 1.3, 2 -0.34, 2 -0.34, 2 -0.34, 2 -0.34, 2 -0.34, 2 -0.34, 2 -0.34, 2 -0.34, 2 -0.34, 2 -0.34, 2 -0.34, 
22% 
180 14.96, 3 4.94, 5 4.92, 3 4.62, 2 3.44, 3 3.35, 2 2.97, 3 2.79, 2 2.7, 2 2.57, 2 2.56, 2 2.54, 3 2.4, 3 2.22, 3 2.2, 4 2.1, 2 2, 2 1.86, 3 1.84, 2 1.83, 2 1.83, 3 1.81, 2 1.79, 3 1.78, 9 1.69, 3 1.45, 4 1.3, 2 -0.34, 2 -0.34, 2 -0.34, 2 -0.34, 2 -0.34, 2 -0.34, 2 -0.34, 2 -0.34, 2 -0.34, 2 -0.34, 2 -0.34, 
23% 
183 15.41, 3 4.94, 5 4.92, 3 4.62, 2 3.44, 3 3.35, 2 2.97, 3 2.79, 2 2.7, 2 2.57, 2 2.56, 2 2.54, 3 2.4, 3 2.22, 3 2.2, 4 2.1, 2 2, 8 1.87, 2 1.86, 3 1.84, 2 1.83, 2 1.83, 2 1.79, 3 1.78, 3 1.45, 4 1.3, 5 0.85, 2 -0.34, 2 -0.34, 2 -0.34, 2 -0.34, 2 -0.34, 2 -0.34, 2 -0.34, 2 -0.34, 2 -0.34, 2 -0.34, 
24% 
198 16.38, 6 5.77, 3 4.94, 3 4.62, 2 3.44, 3 3.35, 2 2.97, 3 2.79, 2 2.7, 2 2.57, 2 2.56, 2 2.54, 3 2.4, 3 2.22, 3 2.22, 3 2.2, 4 2.1, 2 2, 2 1.86, 3 1.84, 2 1.83, 2 1.83, 2 1.79, 3 1.78, 3 1.45, 4 1.3, 5 0.85, 2 -0.34, 2 -0.34, 2 -0.34, 2 -0.34, 2 -0.34, 2 -0.34, 2 -0.34, 2 -0.34, 2 -0.34, 2 -0.34, 
25% 
194 16.67, 6 5.77, 3 4.94, 3 4.62, 2 3.44, 3 3.35, 2 2.97, 3 2.79, 2 2.7, 2 2.57, 2 2.56, 2 2.54, 3 2.4, 3 2.22, 3 2.22, 3 2.2, 4 2.1, 2 2, 2 1.86, 3 1.84, 2 1.83, 2 1.83, 2 1.79, 3 1.78, 3 1.45, 4 1.3, 5 0.85, 2 -0.34, 2 -0.34, 2 -0.34, 2 -0.34, 2 -0.34, 2 -0.34, 2 -0.34, 2 -0.34, 2 -0.34, 2 -0.34, 
26% 
194 17.02, 6 5.77, 3 4.94, 3 4.62, 2 3.44, 3 3.35, 2 2.97, 3 2.79, 2 2.7, 2 2.57, 2 2.56, 2 2.54, 3 2.4, 2 2.31, 3 2.22, 3 2.22, 3 2.2, 4 2.1, 2 2, 2 1.86, 3 1.84, 2 1.83, 2 1.83, 2 1.79, 3 1.78, 3 1.45, 4 1.3, 4 1.06, 2 -0.34, 2 -0.34, 2 -0.34, 2 -0.34, 2 -0.34, 2 -0.34, 2 -0.34, 2 -0.34, 2 -0.34, 2 -0.34, 
27% 
201 17.38, 6 5.77, 3 4.94, 3 4.62, 2 3.44, 3 3.35, 3 2.79, 2 2.7, 2 2.57, 2 2.56, 2 2.54, 3 2.4, 2 2.31, 3 2.22, 3 2.22, 3 2.2, 4 2.1, 2 2, 2 1.86, 3 1.84, 2 1.83, 2 1.83, 2 1.79, 3 1.78, 3 1.45, 4 1.3, 4 1.06, 11 0.15, 2 -0.34, 2 -0.34, 2 -0.34, 2 -0.34, 2 -0.34, 2 -0.34, 2 -0.34, 2 -0.34, 2 -0.34, 
28% 
212 17.99, 6 5.77, 3 4.94, 3 4.62, 2 3.44, 3 3.35, 3 2.79, 2 2.7, 2 2.57, 2 2.56, 2 2.54, 2 2.4, 3 2.4, 2 2.31, 3 2.22, 3 2.22, 3 2.2, 4 2.1, 2 2, 2 1.86, 2 1.83, 2 1.83, 2 1.79, 3 1.78, 3 1.45, 4 1.3, 4 1.06, 11 0.15, 2 -0.34, 2 -0.34, 2 -0.34, 2 -0.34, 2 -0.34, 2 -0.34, 2 -0.34, 2 -0.34, 
29% 
212 18.31, 6 5.77, 3 4.94, 3 4.62, 4 3.44, 2 3.44, 3 3.35, 3 2.79, 2 2.7, 2 2.57, 2 2.56, 2 2.54, 2 2.4, 3 2.4, 2 2.31, 3 2.22, 3 2.2, 3 2.14, 4 2.1, 2 2, 2 1.86, 2 1.83, 2 1.83, 2 1.79, 3 1.78, 3 1.45, 4 1.3, 4 1.06, 11 0.15, 2 -0.34, 2 -0.34, 2 -0.34, 2 -0.34, 2 -0.34, 2 -0.34, 2 -0.34, 2 -0.34, 
30% 
220 18.83, 6 5.77, 3 4.94, 3 4.62, 2 3.5, 4 3.44, 2 3.44, 3 3.35, 2 2.8, 2 2.7, 2 2.57, 2 2.56, 2 2.4, 3 2.4, 2 2.31, 3 2.22, 3 2.2, 4 2.1, 2 2, 2 1.86, 2 1.83, 2 1.83, 2 1.79, 3 1.78, 3 1.45, 4 1.3, 4 1.06, 11 0.15, 2 -0.34, 2 -0.34, 2 -0.34, 2 -0.34, 2 -0.34, 2 -0.34, 2 -0.34, 2 -0.34, 
31% 
220 18.83, 6 5.77, 3 4.94, 3 4.62, 2 3.5, 4 3.44, 2 3.44, 3 3.35, 2 2.8, 2 2.7, 2 2.57, 2 2.56, 2 2.4, 3 2.4, 2 2.31, 3 2.22, 3 2.2, 4 2.1, 2 2, 2 1.86, 2 1.83, 2 1.83, 2 1.79, 3 1.78, 3 1.45, 3 1.45, 4 1.3, 4 1.06, 11 0.15, 2 -0.34, 2 -0.34, 2 -0.34, 2 -0.34, 2 -0.34, 2 -0.34, 2 -0.34, 
32% 
217 18.69, 6 5.77, 3 4.94, 3 4.62, 2 3.5, 4 3.44, 2 3.44, 3 3.35, 5 2.9, 2 2.8, 2 2.7, 2 2.57, 2 2.56, 2 2.4, 3 2.4, 2 2.31, 3 2.22, 3 2.2, 4 2.1, 2 2, 2 1.86, 2 1.83, 2 1.83, 2 1.79, 3 1.78, 3 1.45, 3 1.45, 4 1.3, 4 1.06, 11 0.15, 2 -0.34, 2 -0.34, 2 -0.34, 2 -0.34, 2 -0.34, 2 -0.34, 2 -0.34, 
33% 
230 19.26, 6 5.77, 3 4.94, 2 3.5, 4 3.44, 2 3.44, 3 3.35, 2 2.8, 2 2.7, 2 2.57, 2 2.56, 2 2.4, 3 2.4, 2 2.31, 3 2.22, 3 2.2, 4 2.1, 2 2, 2 1.86, 2 1.83, 2 1.83, 2 1.79, 3 1.78, 3 1.45, 3 1.45, 4 1.3, 4 1.06, 11 0.15, 2 -0.34, 2 -0.34, 2 -0.34, 2 -0.34, 2 -0.34, 2 -0.34, 2 -0.34, 
34% 
238 19.61, 6 5.77, 3 4.94, 2 3.5, 2 3.5, 4 3.44, 2 3.44, 3 3.35, 3 3.17, 2 2.8, 2 2.7, 2 2.57, 2 2.56, 2 2.4, 3 2.4, 2 2.31, 3 2.22, 3 2.2, 4 2.1, 2 2, 2 1.86, 2 1.84, 2 1.83, 2 1.83, 2 1.79, 3 1.78, 3 1.45, 3 1.45, 4 1.3, 4 1.06, 7 0.72, 11 0.15, 2 -0.34, 2 -0.34, 2 -0.34, 2 -0.34, 2 -0.34, 2 -0.34, 
35% 
243 20.18, 6 5.77, 3 4.09, 2 3.5, 2 3.5, 2 3.44, 3 3.35, 3 3.17, 2 2.8, 2 2.7, 2 2.57, 2 2.56, 2 2.4, 3 2.4, 2 2.31, 3 2.22, 3 2.2, 4 2.1, 2 2, 2 1.95, 2 1.86, 2 1.84, 2 1.83, 2 1.83, 2 1.79, 3 1.78, 3 1.45, 4 1.3, 4 1.06, 7 0.72, 11 0.15, 2 -0.34, 2 -0.34, 2 -0.34, 2 -0.34, 2 -0.34, 2 -0.34, 
36% 
242 20.45, 6 5.77, 3 4.09, 2 3.5, 2 3.5, 2 3.44, 3 3.35, 3 3.17, 2 2.8, 2 2.7, 2 2.57, 2 2.56, 2 2.4, 3 2.4, 2 2.31, 3 2.22, 3 2.2, 4 2.1, 2 2, 2 1.95, 2 1.86, 2 1.84, 2 1.83, 2 1.83, 2 1.79, 3 1.78, 3 1.52, 3 1.45, 4 1.3, 4 1.06, 7 0.72, 11 0.15, 2 -0.34, 2 -0.34, 2 -0.34, 2 -0.34, 2 -0.34, 2 -0.34, 
37% 
245 20.79, 7 6.79, 3 4.09, 2 3.5, 2 3.5, 2 3.44, 3 3.35, 3 3.17, 2 2.8, 2 2.7, 2 2.57, 2 2.56, 2 2.4, 3 2.4, 2 2.31, 3 2.22, 3 2.2, 3 2.17, 4 2.1, 2 2, 2 1.95, 2 1.86, 2 1.84, 2 1.83, 2 1.83, 2 1.79, 3 1.78, 3 1.52, 3 1.45, 4 1.3, 4 1.06, 6 0.88, 11 0.15, 2 -0.34, 2 -0.34, 2 -0.34, 2 -0.34, 2 -0.34, 2 -0.34, 
38% 
247 21.14, 7 6.79, 4 4.6, 3 4.09, 2 3.5, 2 3.5, 2 3.44, 3 3.17, 2 2.8, 2 2.7, 2 2.57, 2 2.56, 3 2.4, 2 2.31, 3 2.22, 3 2.2, 3 2.17, 4 2.1, 2 2, 2 1.95, 2 1.86, 2 1.84, 2 1.83, 2 1.83, 2 1.79, 3 1.78, 3 1.52, 3 1.45, 4 1.3, 4 1.06, 6 0.88, 11 0.15, 2 -0.34, 2 -0.34, 2 -0.34, 2 -0.34, 2 -0.34, 
39% 
246 21.19, 7 6.79, 4 4.6, 3 4.09, 2 3.5, 2 3.5, 2 3.44, 3 3.17, 2 2.8, 2 2.7, 2 2.57, 2 2.56, 3 2.48, 2 2.31, 3 2.22, 3 2.2, 3 2.17, 4 2.1, 2 2, 2 1.95, 2 1.86, 2 1.84, 2 1.83, 2 1.83, 2 1.79, 3 1.78, 3 1.52, 3 1.45, 4 1.3, 4 1.06, 6 0.88, 11 0.15, 2 -0.34, 2 -0.34, 2 -0.34, 2 -0.34, 2 -0.34, 
40% 
248 21.69, 7 6.79, 4 4.6, 3 4.09, 2 3.5, 2 3.5, 2 3.44, 3 3.17, 5 2.94, 2 2.8, 2 2.7, 2 2.57, 2 2.56, 2 2.5, 3 2.48, 2 2.31, 3 2.22, 3 2.2, 3 2.17, 4 2.1, 2 2, 2 1.95, 2 1.86, 2 1.84, 2 1.83, 2 1.83, 2 1.79, 3 1.52, 3 1.45, 4 1.3, 4 1.06, 6 0.88, 8 0.59, 11 0.15, 2 -0.34, 2 -0.34, 2 -0.34, 2 -0.34, 2 -0.34, 
41% 
250 22.01, 7 6.79, 3 5.43, 4 4.35, 3 4.09, 2 3.5, 2 3.5, 2 3.44, 3 3.17, 5 2.94, 2 2.8, 2 2.7, 2 2.57, 2 2.56, 2 2.5, 2 2.31, 3 2.22, 3 2.2, 3 2.17, 4 2.1, 2 2, 2 1.95, 2 1.86, 2 1.84, 2 1.83, 2 1.83, 2 1.79, 3 1.52, 3 1.45, 4 1.3, 4 1.06, 6 0.88, 8 0.59, 10 0.25, 11 0.15, 2 -0.34, 2 -0.34, 2 -0.34, 2 -0.34, 2 -0.34, 
42% 
258 22.11, 7 6.79, 3 5.43, 3 4.74, 3 4.45, 3 4.09, 2 4.06, 2 3.5, 2 3.5, 2 3.44, 5 2.94, 2 2.7, 2 2.57, 2 2.56, 2 2.5, 2 2.41, 2 2.31, 3 2.22, 3 2.2, 3 2.17, 4 2.1, 2 2, 2 1.95, 2 1.86, 2 1.84, 2 1.83, 2 1.83, 3 1.52, 3 1.45, 4 1.3, 4 1.06, 6 0.88, 7 0.71, 10 0.25, 11 0.15, 2 -0.34, 2 -0.34, 2 -0.34, 2 -0.34, 2 -0.34, 
43% 
268 22.33, 7 6.79, 3 5.43, 3 4.74, 3 4.45, 3 4.09, 2 4.06, 2 3.5, 2 3.44, 2 3.24, 2 3.18, 5 2.94, 2 2.7, 2 2.57, 2 2.56, 2 2.5, 2 2.41, 2 2.31, 3 2.22, 3 2.2, 3 2.17, 4 2.1, 2 2, 2 1.95, 2 1.86, 2 1.84, 2 1.83, 2 1.83, 3 1.52, 3 1.45, 4 1.3, 4 1.17, 4 1.06, 6 0.88, 7 0.71, 10 0.25, 10 0.24, 2 -0.34, 2 -0.34, 2 -0.34, 2 -0.34, 2 -0.34, 
44% 
288 22.64, 4 7.57, 7 6.79, 3 5.43, 3 4.45, 3 4.09, 2 4.06, 2 3.44, 2 3.24, 2 3.18, 5 2.94, 2 2.7, 2 2.57, 2 2.56, 2 2.5, 2 2.41, 2 2.31, 3 2.2, 3 2.17, 4 2.1, 2 2, 2 1.95, 7 1.86, 2 1.86, 2 1.84, 2 1.83, 2 1.83, 3 1.52, 3 1.45, 4 1.3, 4 1.17, 4 1.06, 7 0.71, 10 0.25, 10 0.24, 2 -0.34, 2 -0.34, 2 -0.34, 2 -0.34, 
45% 
295 23.38, 4 7.57, 7 6.79, 3 5.43, 3 4.45, 3 4.09, 2 3.44, 2 3.24, 2 3.18, 5 2.94, 2 2.86, 2 2.7, 2 2.57, 2 2.56, 2 2.5, 2 2.41, 2 2.31, 3 2.17, 4 2.1, 2 2, 2 1.95, 7 1.86, 2 1.86, 2 1.84, 2 1.83, 2 1.83, 3 1.52, 3 1.45, 4 1.3, 6 1.25, 4 1.17, 4 1.06, 7 0.71, 10 0.25, 10 0.24, 2 -0.34, 2 -0.34, 2 -0.34, 2 -0.34, 
46% 
295 23.38, 4 7.57, 7 6.79, 3 5.43, 3 4.45, 3 4.09, 2 3.44, 2 3.24, 2 3.18, 5 2.94, 2 2.86, 2 2.7, 2 2.57, 2 2.56, 2 2.5, 2 2.48, 2 2.41, 2 2.31, 3 2.17, 4 2.1, 2 2, 2 1.95, 7 1.86, 2 1.86, 2 1.84, 2 1.83, 2 1.83, 3 1.52, 3 1.45, 4 1.3, 6 1.25, 4 1.17, 4 1.06, 7 0.71, 10 0.25, 10 0.24, 2 -0.34, 2 -0.34, 2 -0.34, 2 -0.34, 
47% 
296 23.95, 4 7.57, 7 6.79, 3 5.43, 3 4.45, 3 4.09, 2 3.44, 2 3.24, 2 3.18, 5 2.94, 2 2.86, 2 2.7, 2 2.57, 2 2.56, 2 2.5, 2 2.48, 2 2.41, 2 2.31, 3 2.17, 6 2.13, 4 2.1, 2 2, 2 1.95, 2 1.86, 2 1.83, 2 1.83, 3 1.52, 3 1.45, 4 1.3, 6 1.25, 4 1.17, 4 1.06, 7 0.71, 10 0.25, 10 0.24, 2 -0.34, 2 -0.34, 2 -0.34, 2 -0.34, 
48% 
297 24.15, 4 7.57, 7 6.79, 3 5.43, 3 4.45, 3 4.09, 7 3.66, 2 3.44, 2 3.24, 2 3.18, 5 2.94, 2 2.86, 2 2.7, 2 2.57, 2 2.56, 2 2.5, 2 2.48, 2 2.41, 2 2.31, 3 2.17, 4 2.1, 2 2.09, 2 2, 2 1.95, 2 1.86, 2 1.83, 2 1.83, 3 1.52, 3 1.45, 4 1.3, 6 1.25, 4 1.17, 4 1.06, 7 0.71, 10 0.25, 10 0.24, 2 -0.34, 2 -0.34, 2 -0.34, 2 -0.34, 
49% 
294 24.3, 4 7.57, 7 6.79, 3 5.43, 3 5.33, 3 4.45, 3 4.09, 6 4.09, 2 3.44, 2 3.24, 2 3.18, 5 2.94, 2 2.86, 2 2.7, 2 2.57, 2 2.56, 2 2.5, 2 2.48, 2 2.41, 2 2.31, 3 2.17, 4 2.1, 2 2.09, 2 1.95, 2 1.86, 2 1.83, 2 1.83, 3 1.52, 3 1.45, 4 1.3, 6 1.25, 4 1.17, 4 1.06, 7 0.71, 10 0.25, 10 0.24, 2 -0.34, 2 -0.34, 2 -0.34, 2 -0.34, 
50% 
295 24.55, 4 7.57, 7 6.79, 3 5.43, 3 5.33, 3 4.45, 3 4.09, 6 4.09, 2 3.44, 2 3.24, 2 3.18, 5 2.94, 2 2.86, 2 2.7, 2 2.57, 2 2.56, 2 2.5, 2 2.48, 2 2.41, 2 2.31, 3 2.17, 4 2.1, 2 2.09, 2 1.95, 2 1.86, 2 1.83, 2 1.83, 3 1.52, 3 1.45, 4 1.3, 6 1.25, 4 1.17, 4 1.06, 7 0.71, 10 0.25, 10 0.24, 2 -0.34, 2 -0.34, 2 -0.34, 2 -0.34, 
51% 
305 24.99, 4 7.57, 7 6.79, 2 6.71, 3 5.43, 3 4.45, 3 4.09, 6 4.09, 2 3.44, 2 3.24, 2 3.18, 2 2.86, 2 2.7, 2 2.57, 2 2.5, 2 2.48, 2 2.41, 2 2.31, 3 2.17, 4 2.1, 2 2.09, 2 1.95, 2 1.86, 2 1.83, 2 1.83, 3 1.52, 3 1.45, 4 1.3, 6 1.25, 4 1.17, 4 1.06, 7 0.71, 9 0.34, 10 0.24, 2 -0.34, 2 -0.34, 2 -0.34, 2 -0.34, 
52% 
307 25.24, 4 7.57, 7 6.79, 2 6.71, 3 5.43, 3 4.45, 3 4.09, 6 4.09, 2 3.44, 2 3.18, 2 2.86, 2 2.7, 2 2.57, 2 2.5, 2 2.48, 2 2.41, 2 2.31, 3 2.17, 4 2.1, 2 2.09, 2 1.95, 2 1.86, 2 1.83, 2 1.83, 3 1.52, 3 1.45, 4 1.3, 4 1.27, 6 1.25, 4 1.17, 4 1.06, 7 0.71, 11 0.47, 9 0.34, 10 0.24, 2 -0.34, 2 -0.34, 2 -0.34, 2 -0.34, 
53% 
305 25.34, 4 7.57, 7 6.79, 2 6.71, 3 5.43, 3 4.45, 3 4.09, 6 4.09, 2 3.44, 2 3.18, 2 3.07, 2 2.86, 2 2.7, 2 2.57, 7 2.52, 2 2.5, 2 2.48, 2 2.31, 3 2.17, 4 2.1, 2 2.09, 2 1.95, 2 1.86, 2 1.83, 2 1.83, 3 1.52, 3 1.45, 4 1.3, 4 1.27, 4 1.17, 4 1.06, 7 0.71, 11 0.47, 9 0.34, 11 0.3, 10 0.24, 2 -0.34, 2 -0.34, 2 -0.34, 2 -0.34, 
54% 
302 25.74, 4 7.57, 7 6.79, 2 6.71, 3 5.43, 3 4.45, 3 4.09, 6 4.09, 2 3.44, 2 3.18, 2 3.07, 2 2.86, 2 2.7, 2 2.57, 7 2.52, 2 2.5, 2 2.48, 2 2.41, 2 2.31, 3 2.17, 4 2.1, 2 2.09, 2 1.95, 2 1.86, 2 1.83, 2 1.83, 3 1.52, 3 1.45, 4 1.3, 4 1.27, 4 1.17, 4 1.06, 7 0.71, 11 0.47, 9 0.34, 11 0.3, 10 0.24, 2 -0.34, 2 -0.34, 2 -0.34, 2 -0.34, 
55% 
312 26.64, 4 7.57, 7 6.79, 2 6.71, 3 5.43, 3 4.45, 3 4.09, 2 3.44, 2 3.18, 2 3.07, 2 2.86, 2 2.7, 2 2.57, 7 2.52, 2 2.5, 2 2.48, 2 2.41, 2 2.31, 3 2.17, 4 2.1, 2 2.09, 2 1.95, 2 1.86, 2 1.83, 2 1.83, 3 1.52, 3 1.45, 4 1.3, 4 1.27, 4 1.17, 4 1.06, 7 0.71, 11 0.47, 9 0.4, 10 0.39, 9 0.34, 9 0.33, 2 -0.34, 2 -0.34, 2 -0.34, 
56% 
310 26.75, 4 7.57, 7 6.79, 2 6.71, 3 5.43, 3 4.45, 3 4.09, 2 3.44, 2 3.18, 2 3.07, 2 2.86, 2 2.7, 2 2.57, 7 2.52, 2 2.5, 2 2.48, 2 2.41, 2 2.31, 3 2.17, 4 2.1, 2 2.09, 2 2.06, 2 1.95, 2 1.86, 2 1.83, 2 1.83, 3 1.52, 4 1.51, 3 1.45, 4 1.3, 4 1.27, 4 1.17, 4 1.06, 7 0.71, 8 0.59, 11 0.47, 8 0.43, 9 0.4, 9 0.34, 2 -0.34, 2 -0.34, 2 -0.34, 
57% 
316 26.83, 4 7.57, 7 6.79, 2 6.71, 3 5.43, 3 4.45, 3 4.09, 2 3.44, 2 3.18, 2 2.86, 2 2.7, 2 2.57, 7 2.52, 2 2.5, 2 2.48, 2 2.41, 2 2.31, 2 2.27, 3 2.17, 4 2.1, 2 2.09, 2 2.06, 2 1.95, 2 1.86, 2 1.83, 2 1.83, 4 1.63, 3 1.52, 4 1.51, 3 1.45, 4 1.3, 4 1.27, 4 1.17, 4 1.06, 6 0.87, 8 0.59, 11 0.47, 8 0.43, 9 0.4, 9 0.34, 2 -0.34, 2 -0.34, 
58% 
316 26.83, 4 7.57, 7 6.79, 2 6.71, 3 5.43, 3 4.45, 3 4.09, 2 3.44, 2 3.18, 2 2.86, 2 2.7, 2 2.57, 7 2.52, 2 2.5, 2 2.48, 2 2.41, 2 2.31, 2 2.27, 3 2.17, 4 2.1, 2 2.09, 2 2.06, 2 1.95, 2 1.86, 2 1.83, 2 1.83, 4 1.63, 3 1.52, 4 1.51, 3 1.45, 4 1.3, 4 1.27, 4 1.17, 4 1.06, 6 0.87, 8 0.59, 11 0.47, 8 0.43, 9 0.4, 9 0.34, 2 -0.34, 2 -0.34, 
59% 
296 27.15, 4 7.57, 7 6.79, 2 6.71, 3 5.43, 3 4.45, 3 4.09, 2 3.44, 2 3.18, 2 2.86, 2 2.7, 2 2.57, 7 2.52, 2 2.5, 2 2.48, 2 2.41, 13 2.33, 2 2.31, 2 2.27, 3 2.17, 2 2.15, 4 2.1, 2 2.09, 2 2.06, 2 1.95, 2 1.95, 2 1.86, 2 1.83, 2 1.83, 4 1.63, 3 1.52, 4 1.51, 4 1.3, 4 1.27, 4 1.17, 4 1.06, 6 0.87, 8 0.59, 8 0.51, 11 0.47, 8 0.43, 9 0.34, 2 -0.34, 2 -0.34, 
60% 
300 27.48, 4 7.57, 7 6.79, 2 6.71, 3 5.43, 3 4.45, 3 4.09, 2 3.44, 2 2.86, 2 2.7, 2 2.57, 7 2.52, 2 2.5, 2 2.48, 2 2.41, 13 2.33, 2 2.31, 2 2.27, 3 2.17, 2 2.15, 4 2.1, 2 2.09, 2 2.06, 2 1.95, 2 1.95, 3 1.87, 2 1.86, 2 1.83, 2 1.83, 4 1.63, 3 1.52, 4 1.3, 4 1.27, 4 1.17, 4 1.06, 6 0.87, 8 0.59, 8 0.51, 11 0.47, 8 0.43, 9 0.34, 2 -0.34, 2 -0.34, 
61% 
303 27.96, 4 7.57, 7 6.79, 2 6.71, 3 5.43, 3 4.45, 3 4.09, 2 3.44, 2 2.86, 2 2.7, 2 2.57, 7 2.52, 2 2.5, 2 2.48, 2 2.41, 13 2.33, 2 2.31, 2 2.27, 3 2.17, 2 2.15, 4 2.1, 2 2.09, 2 2.06, 2 1.95, 2 1.95, 3 1.87, 2 1.86, 2 1.83, 2 1.83, 4 1.63, 3 1.52, 4 1.3, 4 1.27, 4 1.17, 4 1.06, 6 0.87, 8 0.59, 8 0.51, 11 0.47, 8 0.43, 9 0.34, 2 -0.34, 2 -0.34, 
62% 
303 28, 4 7.57, 7 6.79, 2 6.71, 3 5.43, 3 4.45, 3 4.09, 2 3.44, 2 2.86, 2 2.7, 2 2.57, 7 2.52, 2 2.5, 2 2.48, 2 2.41, 13 2.33, 2 2.31, 2 2.27, 3 2.17, 2 2.15, 4 2.1, 2 2.09, 2 2.06, 2 1.95, 2 1.95, 3 1.87, 2 1.86, 2 1.83, 2 1.83, 4 1.63, 3 1.52, 4 1.3, 4 1.27, 4 1.17, 4 1.06, 6 0.87, 8 0.59, 8 0.51, 11 0.47, 8 0.44, 8 0.43, 2 -0.34, 2 -0.34, 
63% 
300 28.04, 4 10.79, 7 6.79, 2 6.71, 3 5.43, 3 4.45, 3 4.09, 2 3.44, 14 3.05, 2 2.86, 6 2.84, 2 2.7, 2 2.57, 2 2.5, 2 2.48, 2 2.41, 2 2.31, 2 2.27, 3 2.17, 2 2.15, 4 2.1, 2 2.09, 2 2.06, 2 1.98, 2 1.95, 2 1.95, 3 1.87, 2 1.86, 2 1.83, 2 1.83, 4 1.63, 3 1.52, 4 1.3, 4 1.27, 4 1.17, 4 1.06, 6 0.87, 8 0.59, 10 0.57, 8 0.51, 8 0.44, 8 0.43, 2 -0.34, 2 -0.34, 
64% 
295 28.09, 5 11.06, 7 6.79, 2 6.71, 3 5.43, 3 4.45, 3 4.09, 2 3.44, 13 3.24, 2 2.86, 6 2.84, 2 2.7, 2 2.57, 2 2.5, 2 2.48, 2 2.41, 2 2.35, 2 2.31, 2 2.27, 3 2.17, 2 2.15, 4 2.1, 2 2.09, 2 2.06, 2 1.98, 2 1.95, 2 1.95, 3 1.87, 2 1.86, 2 1.83, 2 1.83, 4 1.63, 3 1.52, 4 1.3, 4 1.27, 4 1.17, 4 1.06, 6 0.87, 8 0.59, 10 0.57, 8 0.51, 8 0.44, 8 0.43, 2 -0.34, 2 -0.34, 
65% 
303 29.21, 7 6.79, 2 6.71, 3 5.43, 3 4.45, 3 4.09, 2 3.44, 13 3.24, 2 2.86, 6 2.84, 2 2.7, 2 2.57, 2 2.5, 2 2.48, 2 2.41, 2 2.35, 2 2.31, 2 2.27, 3 2.17, 2 2.15, 4 2.1, 2 2.09, 2 2.06, 2 1.98, 2 1.95, 2 1.95, 3 1.87, 2 1.86, 2 1.83, 2 1.83, 4 1.63, 3 1.52, 4 1.3, 4 1.27, 4 1.17, 4 1.06, 6 0.87, 7 0.72, 10 0.57, 8 0.51, 8 0.44, 8 0.43, 2 -0.34, 2 -0.34, 
66% 
310 29.58, 7 6.79, 2 6.71, 3 5.43, 3 4.45, 3 4.09, 2 3.44, 13 3.24, 2 2.86, 6 2.84, 2 2.7, 2 2.57, 2 2.5, 2 2.48, 2 2.41, 2 2.35, 2 2.31, 2 2.27, 3 2.17, 2 2.15, 4 2.1, 2 2.09, 2 2.06, 2 1.98, 2 1.95, 2 1.95, 3 1.87, 2 1.86, 2 1.83, 2 1.83, 4 1.63, 3 1.52, 4 1.3, 4 1.27, 4 1.17, 4 1.06, 6 0.87, 7 0.72, 10 0.57, 7 0.55, 8 0.51, 8 0.43, 2 -0.34, 2 -0.34, 
67% 
307 29.72, 7 6.79, 2 6.71, 3 5.43, 3 4.45, 3 4.09, 2 3.44, 13 3.24, 2 2.86, 6 2.84, 2 2.7, 2 2.57, 2 2.5, 2 2.48, 2 2.41, 2 2.35, 2 2.31, 2 2.27, 3 2.17, 2 2.15, 4 2.1, 2 2.09, 2 2.06, 2 1.98, 2 1.95, 2 1.95, 3 1.87, 2 1.86, 2 1.83, 2 1.83, 3 1.81, 4 1.63, 3 1.52, 4 1.3, 4 1.27, 4 1.17, 4 1.06, 6 0.88, 6 0.87, 10 0.57, 7 0.55, 8 0.51, 8 0.43, 2 -0.34, 2 -0.34, 
68% 
305 29.78, 7 6.79, 2 6.71, 3 5.43, 3 4.45, 3 4.09, 2 3.44, 13 3.24, 2 2.86, 6 2.84, 2 2.7, 2 2.57, 2 2.5, 2 2.48, 2 2.41, 2 2.35, 2 2.31, 2 2.27, 3 2.17, 2 2.15, 4 2.1, 2 2.09, 2 2.06, 2 1.98, 2 1.95, 2 1.95, 3 1.87, 2 1.86, 2 1.83, 2 1.83, 3 1.81, 4 1.63, 3 1.52, 3 1.48, 4 1.3, 4 1.27, 4 1.06, 5 1.04, 6 0.88, 10 0.57, 7 0.55, 8 0.51, 8 0.43, 2 -0.34, 2 -0.34, 
69% 
312 29.88, 7 6.79, 2 6.71, 3 5.43, 3 4.45, 3 4.09, 2 3.44, 13 3.24, 2 2.86, 6 2.84, 2 2.7, 2 2.57, 7 2.53, 2 2.5, 2 2.48, 2 2.41, 2 2.31, 2 2.27, 2 2.15, 4 2.1, 2 2.09, 2 2.06, 2 1.98, 2 1.95, 2 1.95, 3 1.87, 2 1.86, 2 1.83, 2 1.83, 3 1.81, 4 1.63, 3 1.48, 4 1.27, 4 1.06, 5 1.05, 5 1.04, 9 0.68, 7 0.55, 8 0.51, 8 0.43, 2 -0.34, 2 -0.34, 
70% 
310 30.21, 7 6.79, 2 6.71, 3 5.43, 3 4.45, 3 4.09, 2 3.44, 13 3.24, 2 2.86, 6 2.84, 2 2.7, 2 2.57, 7 2.53, 2 2.5, 2 2.48, 2 2.41, 2 2.31, 2 2.27, 2 2.15, 4 2.1, 2 2.09, 2 2.06, 2 1.98, 2 1.95, 2 1.95, 3 1.87, 2 1.86, 2 1.83, 2 1.83, 3 1.81, 4 1.63, 3 1.48, 4 1.27, 4 1.06, 5 1.05, 5 1.04, 9 0.68, 7 0.55, 8 0.51, 8 0.43, 2 -0.34, 2 -0.34, 
71% 
311 30.34, 7 6.79, 2 6.71, 3 5.43, 3 4.45, 3 4.09, 2 3.44, 13 3.24, 2 2.86, 6 2.84, 2 2.7, 2 2.57, 7 2.53, 2 2.5, 2 2.48, 2 2.41, 2 2.31, 2 2.27, 2 2.15, 4 2.1, 2 2.09, 2 2.06, 2 1.98, 2 1.95, 2 1.95, 3 1.87, 2 1.86, 2 1.83, 2 1.83, 3 1.81, 4 1.63, 3 1.48, 4 1.27, 4 1.06, 5 1.05, 5 1.04, 9 0.68, 7 0.55, 8 0.51, 8 0.43, 2 -0.34, 2 -0.34, 
72% 
311 30.54, 6 7.5, 2 6.71, 3 5.43, 3 4.45, 3 4.09, 2 3.44, 13 3.24, 2 2.86, 6 2.84, 2 2.7, 2 2.57, 7 2.53, 2 2.5, 2 2.48, 2 2.41, 2 2.31, 2 2.27, 2 2.15, 4 2.1, 2 2.09, 2 2.06, 2 1.98, 2 1.95, 2 1.95, 3 1.87, 2 1.86, 2 1.83, 2 1.83, 3 1.81, 4 1.63, 3 1.48, 4 1.27, 4 1.06, 5 1.05, 5 1.04, 8 0.8, 7 0.55, 8 0.51, 8 0.43, 2 -0.34, 2 -0.34, 
73% 
312 30.72, 6 7.5, 2 6.71, 3 5.43, 3 4.45, 3 4.09, 2 3.44, 13 3.24, 2 2.86, 6 2.84, 2 2.7, 2 2.57, 7 2.53, 2 2.5, 2 2.48, 2 2.41, 2 2.31, 2 2.27, 2 2.15, 4 2.1, 2 2.09, 2 2.06, 2 1.98, 2 1.95, 2 1.95, 3 1.87, 2 1.86, 2 1.83, 2 1.83, 3 1.81, 4 1.63, 3 1.48, 4 1.27, 4 1.06, 5 1.05, 5 1.04, 8 0.8, 7 0.62, 7 0.55, 8 0.43, 2 -0.34, 2 -0.34, 
74% 
310 30.85, 6 7.5, 2 6.71, 3 5.43, 3 4.45, 3 4.09, 2 3.44, 13 3.24, 11 3.09, 2 2.86, 6 2.84, 2 2.7, 2 2.57, 7 2.53, 2 2.5, 2 2.48, 2 2.41, 2 2.31, 2 2.27, 2 2.15, 4 2.1, 2 2.09, 2 2.06, 2 1.98, 2 1.95, 3 1.87, 2 1.86, 2 1.83, 2 1.83, 3 1.81, 4 1.63, 3 1.48, 4 1.27, 4 1.27, 4 1.06, 8 0.8, 7 0.62, 7 0.55, 8 0.43, 2 -0.34, 2 -0.34, 
75% 
310 31.1, 6 7.5, 2 6.71, 3 5.43, 3 4.45, 3 4.09, 2 3.44, 10 3.29, 13 3.24, 5 3.17, 2 2.86, 2 2.7, 2 2.57, 7 2.53, 2 2.5, 2 2.48, 2 2.41, 2 2.31, 2 2.27, 2 2.15, 4 2.1, 2 2.09, 2 2.06, 2 1.98, 2 1.95, 3 1.87, 2 1.86, 2 1.83, 2 1.83, 3 1.81, 4 1.63, 3 1.48, 4 1.27, 4 1.27, 4 1.06, 8 0.8, 6 0.7, 7 0.62, 8 0.43, 2 -0.34, 2 -0.34, 
76% 
302 31.43, 6 7.5, 2 6.71, 3 5.43, 3 4.45, 3 4.09, 2 3.44, 10 3.29, 13 3.24, 5 3.17, 2 3.07, 2 2.86, 2 2.7, 2 2.57, 2 2.56, 7 2.53, 2 2.5, 2 2.48, 2 2.41, 2 2.31, 2 2.27, 2 2.15, 4 2.1, 2 2.09, 2 2.06, 2 1.98, 2 1.95, 3 1.87, 2 1.86, 2 1.83, 2 1.83, 3 1.81, 4 1.63, 3 1.48, 4 1.27, 4 1.27, 4 1.06, 8 0.8, 6 0.7, 7 0.62, 8 0.43, 2 -0.34, 2 -0.34, 
77% 
302 31.69, 6 7.5, 2 6.71, 3 5.43, 3 4.45, 3 4.09, 2 3.44, 10 3.29, 13 3.24, 5 3.17, 2 3.07, 2 2.86, 22 2.83, 2 2.7, 2 2.57, 2 2.56, 2 2.5, 2 2.48, 2 2.41, 2 2.31, 2 2.27, 2 2.15, 4 2.1, 2 2.09, 2 2.06, 2 1.98, 2 1.95, 3 1.87, 2 1.86, 2 1.83, 2 1.83, 3 1.81, 4 1.63, 3 1.48, 4 1.27, 4 1.27, 4 1.06, 5 0.85, 8 0.8, 7 0.62, 8 0.43, 2 -0.34, 2 -0.34, 
78% 
303 31.83, 6 7.5, 2 6.71, 3 5.43, 3 4.45, 3 4.09, 2 3.44, 10 3.29, 13 3.24, 5 3.17, 2 3.07, 21 2.92, 2 2.86, 2 2.7, 2 2.57, 2 2.56, 2 2.5, 2 2.48, 2 2.41, 2 2.31, 2 2.27, 2 2.15, 4 2.1, 2 2.09, 2 2.06, 2 1.98, 2 1.95, 3 1.87, 2 1.86, 2 1.83, 2 1.83, 3 1.81, 4 1.63, 3 1.48, 4 1.27, 4 1.27, 4 1.06, 5 0.85, 8 0.8, 7 0.62, 8 0.43, 2 -0.34, 2 -0.34, 
79% 
300 32.09, 6 7.5, 2 6.71, 3 5.43, 3 4.45, 3 4.09, 3 3.7, 2 3.44, 10 3.29, 13 3.24, 5 3.17, 2 3.07, 21 2.92, 2 2.86, 2 2.7, 2 2.57, 2 2.56, 2 2.5, 2 2.48, 2 2.41, 2 2.31, 2 2.27, 2 2.15, 4 2.1, 2 2.09, 2 2.06, 2 1.98, 2 1.95, 3 1.87, 2 1.86, 2 1.83, 3 1.81, 4 1.63, 3 1.48, 4 1.27, 4 1.27, 4 1.06, 5 0.85, 8 0.8, 7 0.62, 8 0.43, 2 -0.34, 2 -0.34, 
80% 
293 32.25, 6 7.5, 2 6.71, 3 5.43, 3 4.45, 3 4.09, 3 3.7, 2 3.44, 10 3.29, 13 3.24, 5 3.17, 2 3.07, 21 2.92, 2 2.86, 2 2.7, 2 2.57, 2 2.56, 2 2.5, 2 2.48, 2 2.46, 2 2.41, 2 2.31, 2 2.27, 2 2.15, 4 2.1, 2 2.09, 2 2.06, 2 2.03, 2 1.98, 2 1.95, 2 1.86, 2 1.83, 3 1.81, 4 1.63, 3 1.48, 3 1.37, 4 1.27, 4 1.27, 4 1.06, 7 0.93, 5 0.85, 7 0.62, 8 0.43, 2 -0.34, 2 -0.34, 
81% 
292 32.37, 6 7.5, 2 6.71, 3 5.43, 3 4.45, 3 4.09, 3 3.7, 2 3.44, 10 3.29, 13 3.24, 5 3.17, 2 3.07, 21 2.92, 2 2.86, 2 2.7, 2 2.57, 2 2.56, 2 2.5, 2 2.48, 2 2.46, 2 2.41, 2 2.31, 2 2.27, 2 2.15, 4 2.1, 2 2.09, 2 2.06, 2 2.03, 3 2.01, 2 1.98, 2 1.95, 2 1.86, 2 1.83, 3 1.81, 3 1.48, 3 1.37, 4 1.27, 4 1.27, 4 1.06, 7 0.93, 5 0.85, 6 0.78, 8 0.43, 2 -0.34, 2 -0.34, 
82% 
295 32.78, 6 7.5, 2 6.71, 3 5.43, 3 4.45, 3 4.09, 3 3.7, 2 3.44, 10 3.29, 13 3.24, 5 3.17, 21 2.92, 2 2.86, 2 2.7, 2 2.57, 2 2.56, 2 2.5, 2 2.48, 2 2.46, 2 2.41, 2 2.31, 2 2.27, 2 2.15, 4 2.1, 2 2.09, 2 2.06, 2 2.03, 3 2.01, 2 1.98, 2 1.95, 2 1.86, 2 1.83, 3 1.81, 3 1.48, 3 1.37, 4 1.27, 4 1.27, 4 1.06, 7 0.93, 5 0.85, 6 0.78, 8 0.43, 2 -0.34, 
83% 
292 33, 6 7.5, 2 6.71, 3 5.43, 3 4.45, 3 4.09, 3 3.7, 2 3.44, 10 3.29, 13 3.24, 5 3.17, 21 2.92, 2 2.86, 2 2.7, 2 2.57, 2 2.56, 2 2.5, 2 2.48, 2 2.46, 2 2.41, 2 2.31, 2 2.27, 2 2.15, 4 2.1, 2 2.09, 2 2.06, 2 2.03, 3 2.01, 2 1.98, 2 1.95, 2 1.86, 2 1.83, 3 1.81, 3 1.48, 3 1.37, 4 1.27, 4 1.27, 4 1.06, 7 0.93, 5 0.85, 6 0.78, 8 0.43, 2 -0.34, 
84% 
292 33, 6 7.5, 2 6.71, 3 5.43, 3 4.45, 3 4.09, 3 3.7, 2 3.44, 10 3.29, 13 3.24, 5 3.17, 20 3.05, 2 2.86, 2 2.7, 2 2.57, 2 2.56, 2 2.5, 2 2.48, 2 2.46, 2 2.41, 2 2.31, 2 2.27, 2 2.15, 4 2.1, 2 2.09, 2 2.06, 2 2.03, 3 2.01, 2 1.98, 2 1.95, 2 1.86, 2 1.83, 3 1.81, 3 1.48, 3 1.37, 4 1.35, 4 1.27, 4 1.27, 6 1.12, 4 1.06, 5 0.85, 6 0.78, 8 0.43, 2 -0.34, 
85% 
293 33.1, 6 7.5, 2 6.71, 3 5.43, 3 4.45, 3 4.09, 3 3.7, 2 3.44, 10 3.29, 13 3.24, 19 3.2, 5 3.17, 2 2.86, 2 2.7, 2 2.57, 2 2.56, 2 2.5, 2 2.48, 2 2.46, 2 2.41, 2 2.31, 2 2.27, 2 2.15, 4 2.1, 2 2.09, 2 2.06, 2 2.03, 3 2.01, 2 1.98, 2 1.95, 2 1.86, 2 1.83, 3 1.81, 3 1.48, 3 1.37, 4 1.35, 4 1.27, 4 1.27, 6 1.12, 4 1.06, 5 0.85, 6 0.78, 8 0.43, 2 -0.34, 
86% 
295 33.54, 6 7.5, 2 6.71, 3 5.43, 3 4.45, 3 4.09, 3 3.7, 2 3.44, 10 3.29, 13 3.24, 19 3.2, 5 3.17, 2 2.86, 2 2.7, 2 2.57, 2 2.56, 2 2.5, 2 2.48, 2 2.46, 2 2.41, 2 2.31, 2 2.27, 2 2.15, 4 2.1, 2 2.09, 2 2.06, 2 2.03, 3 2.01, 2 1.98, 2 1.95, 2 1.86, 2 1.83, 3 1.81, 3 1.48, 3 1.37, 4 1.35, 4 1.27, 4 1.27, 6 1.12, 4 1.06, 5 0.94, 5 0.85, 8 0.43, 2 -0.34, 
87% 
295 33.82, 6 7.5, 2 6.71, 3 5.43, 3 4.45, 3 4.09, 3 3.7, 2 3.44, 10 3.29, 13 3.24, 19 3.2, 5 3.17, 2 2.86, 2 2.7, 2 2.57, 2 2.56, 2 2.5, 2 2.48, 2 2.46, 2 2.41, 2 2.31, 2 2.27, 2 2.15, 4 2.1, 2 2.09, 2 2.06, 2 2.03, 3 2.01, 2 1.98, 2 1.95, 2 1.86, 2 1.83, 3 1.81, 3 1.6, 3 1.48, 3 1.37, 4 1.35, 4 1.27, 6 1.12, 4 1.06, 5 0.94, 5 0.85, 5 0.84, 8 0.43, 2 -0.34, 
88% 
295 34.01, 6 7.5, 2 6.71, 3 5.43, 3 4.45, 15 4.38, 3 3.7, 2 3.44, 13 3.24, 19 3.2, 5 3.17, 2 2.86, 2 2.7, 2 2.57, 2 2.56, 3 2.55, 2 2.5, 2 2.48, 2 2.46, 2 2.41, 2 2.31, 2 2.27, 2 2.15, 2 2.09, 2 2.06, 2 2.03, 3 2.01, 2 1.98, 2 1.95, 2 1.86, 2 1.83, 3 1.81, 3 1.6, 3 1.48, 3 1.37, 4 1.35, 4 1.27, 6 1.12, 4 1.06, 5 0.94, 5 0.85, 5 0.84, 7 0.54, 2 -0.34, 
89% 
292 34.17, 6 7.5, 2 6.71, 3 5.43, 3 4.45, 15 4.38, 3 3.7, 2 3.44, 13 3.24, 19 3.2, 5 3.17, 2 2.86, 2 2.7, 2 2.57, 2 2.56, 3 2.55, 2 2.5, 2 2.48, 2 2.46, 2 2.41, 2 2.31, 2 2.27, 2 2.15, 2 2.09, 2 2.06, 2 2.03, 3 2.01, 2 1.98, 2 1.95, 2 1.86, 2 1.83, 3 1.81, 3 1.6, 3 1.48, 4 1.45, 3 1.37, 4 1.35, 4 1.27, 6 1.12, 4 1.06, 5 0.95, 5 0.94, 5 0.85, 5 0.84, 7 0.54, 2 -0.34, 
90% 
292 34.4, 6 7.5, 2 6.71, 3 5.43, 3 4.45, 15 4.38, 3 3.7, 2 3.44, 13 3.24, 19 3.2, 5 3.17, 2 2.86, 2 2.7, 2 2.57, 2 2.56, 3 2.55, 2 2.5, 2 2.48, 2 2.46, 2 2.41, 2 2.31, 2 2.27, 2 2.24, 2 2.15, 2 2.09, 2 2.06, 2 2.03, 3 2.01, 2 1.98, 2 1.95, 2 1.86, 2 1.83, 3 1.81, 3 1.6, 3 1.48, 4 1.45, 3 1.37, 4 1.35, 5 1.3, 4 1.27, 4 1.06, 5 0.95, 5 0.94, 5 0.85, 5 0.84, 7 0.54, 2 -0.34, 
91% 
294 34.47, 6 7.5, 2 6.71, 3 5.43, 3 4.45, 15 4.38, 3 3.7, 2 3.44, 18 3.33, 13 3.24, 5 3.17, 2 2.86, 2 2.7, 2 2.57, 2 2.56, 3 2.55, 2 2.5, 2 2.48, 2 2.46, 2 2.41, 2 2.31, 2 2.27, 2 2.24, 2 2.15, 2 2.09, 2 2.06, 2 2.03, 3 2.01, 2 1.98, 2 1.95, 2 1.86, 2 1.83, 3 1.81, 3 1.6, 4 1.57, 3 1.48, 4 1.45, 10 1.42, 3 1.37, 4 1.27, 4 1.06, 4 1.04, 5 0.95, 5 0.94, 7 0.54, 
92% 
294 34.77, 6 7.5, 2 6.71, 3 5.43, 3 4.45, 15 4.38, 3 3.7, 12 3.52, 2 3.44, 18 3.33, 5 3.17, 2 2.86, 2 2.7, 2 2.57, 2 2.56, 3 2.55, 2 2.5, 2 2.48, 2 2.46, 2 2.41, 2 2.31, 2 2.27, 2 2.24, 2 2.15, 2 2.09, 2 2.06, 2 2.03, 3 2.01, 2 1.98, 2 1.95, 3 1.94, 2 1.86, 2 1.83, 3 1.81, 3 1.6, 3 1.48, 4 1.45, 10 1.42, 3 1.37, 4 1.27, 4 1.06, 4 1.04, 5 0.95, 5 0.94, 7 0.54, 
93% 
293 35.13, 6 7.5, 2 6.71, 3 5.43, 3 4.45, 15 4.38, 3 3.7, 17 3.61, 2 3.44, 18 3.33, 5 3.17, 2 2.86, 2 2.7, 2 2.57, 2 2.56, 3 2.55, 2 2.5, 2 2.48, 2 2.46, 2 2.41, 2 2.31, 2 2.27, 2 2.24, 2 2.15, 2 2.09, 2 2.06, 2 2.03, 3 2.01, 2 1.98, 2 1.95, 2 1.86, 2 1.83, 3 1.81, 3 1.6, 3 1.48, 4 1.45, 10 1.42, 3 1.37, 4 1.27, 4 1.16, 4 1.06, 4 1.04, 5 0.95, 7 0.54, 
94% 
293 35.13, 6 7.5, 2 6.71, 3 5.43, 3 4.45, 15 4.38, 3 3.7, 17 3.61, 2 3.44, 18 3.33, 5 3.17, 2 2.86, 2 2.7, 2 2.57, 2 2.56, 3 2.55, 2 2.5, 2 2.48, 2 2.46, 2 2.41, 2 2.31, 2 2.27, 2 2.24, 2 2.15, 2 2.09, 2 2.06, 2 2.03, 3 2.01, 2 1.98, 2 1.95, 2 1.86, 2 1.83, 3 1.81, 3 1.6, 3 1.48, 4 1.45, 10 1.42, 3 1.37, 4 1.27, 4 1.16, 4 1.06, 4 1.04, 5 0.95, 6 0.69, 8 0.56, 
95% 
292 35.26, 6 7.5, 2 6.71, 3 5.43, 3 4.45, 15 4.38, 3 3.7, 17 3.61, 2 3.44, 18 3.33, 5 3.17, 2 2.86, 2 2.7, 3 2.63, 2 2.57, 2 2.56, 3 2.55, 2 2.5, 2 2.48, 2 2.46, 2 2.41, 2 2.31, 2 2.27, 2 2.24, 2 2.15, 2 2.09, 2 2.06, 2 2.03, 3 2.01, 2 1.98, 2 1.95, 2 1.86, 2 1.83, 3 1.81, 3 1.6, 3 1.48, 4 1.45, 10 1.42, 3 1.37, 4 1.27, 4 1.16, 4 1.06, 4 1.04, 5 0.95, 6 0.69, 8 0.56, 
96% 
293 35.32, 6 7.5, 2 6.71, 3 5.43, 3 4.45, 15 4.38, 3 3.7, 17 3.61, 2 3.44, 18 3.33, 5 3.17, 2 2.86, 2 2.7, 3 2.63, 2 2.57, 2 2.56, 3 2.55, 2 2.5, 2 2.48, 2 2.46, 2 2.41, 2 2.31, 2 2.27, 2 2.24, 2 2.15, 2 2.09, 2 2.06, 2 2.03, 3 2.01, 2 1.98, 2 1.95, 2 1.86, 2 1.83, 3 1.81, 3 1.6, 3 1.48, 4 1.45, 10 1.42, 3 1.37, 4 1.27, 4 1.16, 4 1.06, 4 1.04, 5 0.95, 6 0.69, 7 0.68, 
97% 
294 35.43, 6 7.5, 2 6.71, 3 5.43, 3 4.45, 15 4.38, 3 3.7, 17 3.61, 2 3.44, 18 3.33, 5 3.17, 2 2.86, 2 2.7, 3 2.63, 2 2.57, 2 2.56, 3 2.55, 2 2.5, 2 2.48, 2 2.46, 2 2.41, 2 2.31, 2 2.27, 2 2.24, 2 2.15, 2 2.09, 2 2.06, 2 2.03, 3 2.01, 2 1.98, 2 1.95, 2 1.86, 2 1.83, 3 1.81, 3 1.6, 3 1.48, 4 1.45, 10 1.42, 3 1.37, 4 1.27, 4 1.16, 4 1.06, 4 1.04, 5 0.95, 6 0.69, 7 0.68, 
98% 
293 35.51, 6 7.5, 2 6.71, 3 5.43, 3 4.45, 15 4.38, 3 3.7, 17 3.61, 17 3.54, 2 3.44, 5 3.17, 2 2.86, 2 2.7, 3 2.63, 2 2.57, 2 2.56, 3 2.55, 2 2.5, 2 2.48, 2 2.46, 2 2.41, 2 2.31, 2 2.27, 2 2.24, 2 2.15, 2 2.09, 2 2.06, 2 2.03, 3 2.01, 2 1.98, 2 1.95, 2 1.86, 2 1.83, 3 1.81, 3 1.6, 3 1.48, 4 1.45, 10 1.42, 3 1.37, 4 1.27, 4 1.16, 4 1.06, 4 1.04, 5 0.95, 6 0.69, 7 0.68, 
99% 
296 35.57, 6 7.5, 2 6.71, 3 5.43, 3 4.45, 15 4.38, 3 3.7, 17 3.61, 17 3.54, 2 3.44, 5 3.17, 2 2.86, 2 2.7, 3 2.63, 2 2.57, 2 2.56, 3 2.55, 2 2.5, 2 2.48, 2 2.46, 2 2.41, 2 2.31, 2 2.27, 2 2.24, 2 2.15, 2 2.09, 2 2.06, 2 2.03, 3 2.01, 2 1.98, 2 1.95, 2 1.86, 2 1.83, 3 1.81, 3 1.81, 3 1.6, 3 1.48, 10 1.42, 3 1.37, 4 1.27, 4 1.16, 4 1.06, 4 1.04, 5 0.95, 6 0.69, 7 0.68, 
100%
294 35.64, 6 7.5, 2 6.71, 3 5.43, 3 4.45, 15 4.38, 15 3.87, 3 3.7, 17 3.61, 2 3.44, 5 3.17, 2 2.86, 2 2.7, 2 2.66, 3 2.63, 2 2.57, 2 2.56, 3 2.55, 2 2.5, 2 2.48, 2 2.46, 2 2.41, 2 2.31, 2 2.27, 2 2.24, 2 2.15, 2 2.09, 2 2.06, 2 2.03, 3 2.01, 2 1.98, 2 1.95, 2 1.86, 2 1.83, 3 1.81, 3 1.81, 3 1.6, 3 1.48, 10 1.42, 3 1.37, 4 1.27, 4 1.16, 4 1.06, 4 1.04, 5 0.95, 6 0.69, 7 0.68, 
