-sif=/home/safia/anaconda3/lib/R/library/pathfindR/extdata/KEGG.sif
-sig=/home/safia/Documents/pathfindR_Results(3)/active_snw_searches/Iteration_3/active_snw_search/input_for_search.txt
-method=SA
-saTemp0=1
-saTemp1=0.01
-saIter=10000
-geneInitProb=0.0522222222222222
-gaPop=400
-gaIter=200
-gaThread=5
-gaMut=0
-grMaxDepth=1
-grSearchDepth=1
-grOverlap=0.5
-grSubNum=1000
66 3.1, 2 -0.13, 2 -0.13, 2 -0.13, 2 -0.13, 2 -0.13, 2 -0.13, 2 -0.13, 2 -0.13, 2 -0.13, 2 -0.13, 3 -0.14, 3 -0.14, 3 -0.14, 3 -0.14, 3 -0.14, 4 -0.17, 
Percentage of finished job, node number and score of modules that have more than one node are as follows:
0%
1% 
62 3.21, 2 -0.13, 2 -0.13, 2 -0.13, 2 -0.13, 2 -0.13, 2 -0.13, 2 -0.13, 2 -0.13, 2 -0.13, 2 -0.13, 3 -0.14, 3 -0.14, 3 -0.14, 3 -0.14, 3 -0.14, 4 -0.17, 
2% 
63 4.47, 2 -0.13, 2 -0.13, 2 -0.13, 2 -0.13, 2 -0.13, 2 -0.13, 2 -0.13, 2 -0.13, 2 -0.13, 2 -0.13, 3 -0.14, 3 -0.14, 3 -0.14, 3 -0.14, 3 -0.14, 4 -0.17, 
3% 
5 4.52, 62 4.48, 2 -0.13, 2 -0.13, 2 -0.13, 2 -0.13, 2 -0.13, 2 -0.13, 2 -0.13, 2 -0.13, 2 -0.13, 2 -0.13, 3 -0.14, 3 -0.14, 3 -0.14, 3 -0.14, 4 -0.17, 
4% 
66 5.51, 5 4.52, 2 -0.13, 2 -0.13, 2 -0.13, 2 -0.13, 2 -0.13, 2 -0.13, 2 -0.13, 2 -0.13, 2 -0.13, 2 -0.13, 3 -0.14, 3 -0.14, 3 -0.14, 3 -0.14, 4 -0.17, 
5% 
71 7.24, 7 4.67, 5 4.52, 2 -0.13, 2 -0.13, 2 -0.13, 2 -0.13, 2 -0.13, 2 -0.13, 2 -0.13, 2 -0.13, 2 -0.13, 3 -0.14, 3 -0.14, 3 -0.14, 4 -0.17, 
6% 
71 7.24, 7 4.67, 5 4.52, 2 -0.13, 2 -0.13, 2 -0.13, 2 -0.13, 2 -0.13, 2 -0.13, 2 -0.13, 3 -0.14, 3 -0.14, 3 -0.14, 4 -0.17, 
7% 
46 7.91, 7 4.67, 5 4.52, 24 1.41, 2 -0.13, 2 -0.13, 2 -0.13, 2 -0.13, 2 -0.13, 2 -0.13, 2 -0.13, 3 -0.14, 3 -0.14, 3 -0.14, 4 -0.17, 
8% 
45 8.01, 7 4.67, 5 4.52, 23 1.44, 2 -0.13, 2 -0.13, 2 -0.13, 2 -0.13, 2 -0.13, 2 -0.13, 2 -0.13, 3 -0.14, 3 -0.14, 3 -0.14, 4 -0.17, 
9% 
51 9.74, 4 5.24, 7 4.67, 22 1.5, 2 -0.13, 2 -0.13, 2 -0.13, 2 -0.13, 2 -0.13, 2 -0.13, 2 -0.13, 3 -0.14, 3 -0.14, 3 -0.14, 4 -0.17, 
10% 
51 9.74, 4 5.24, 7 4.67, 22 1.5, 2 -0.13, 2 -0.13, 2 -0.13, 2 -0.13, 2 -0.13, 2 -0.13, 3 -0.14, 3 -0.14, 3 -0.14, 4 -0.17, 
11% 
51 9.74, 4 5.24, 7 4.67, 22 1.5, 2 -0.13, 2 -0.13, 2 -0.13, 2 -0.13, 2 -0.13, 2 -0.13, 2 -0.13, 3 -0.14, 3 -0.14, 4 -0.17, 
12% 
49 9.91, 4 5.24, 7 4.67, 22 1.5, 2 -0.13, 2 -0.13, 2 -0.13, 2 -0.13, 2 -0.13, 2 -0.13, 2 -0.13, 3 -0.14, 3 -0.14, 4 -0.17, 
13% 
49 9.91, 3 5.99, 4 5.24, 7 4.67, 22 1.5, 2 -0.13, 2 -0.13, 2 -0.13, 2 -0.13, 2 -0.13, 2 -0.13, 2 -0.13, 3 -0.14, 3 -0.14, 4 -0.17, 
14% 
49 9.91, 3 5.99, 4 5.24, 7 4.67, 19 1.63, 2 -0.13, 2 -0.13, 2 -0.13, 2 -0.13, 2 -0.13, 2 -0.13, 2 -0.13, 3 -0.14, 3 -0.14, 4 -0.17, 
15% 
48 9.99, 3 5.99, 4 5.24, 7 4.67, 19 1.63, 2 -0.13, 2 -0.13, 2 -0.13, 2 -0.13, 2 -0.13, 2 -0.13, 2 -0.13, 3 -0.14, 3 -0.14, 4 -0.17, 
16% 
47 10.08, 3 5.99, 4 5.24, 7 4.67, 18 1.72, 2 -0.13, 2 -0.13, 2 -0.13, 2 -0.13, 2 -0.13, 2 -0.13, 2 -0.13, 3 -0.14, 3 -0.14, 4 -0.17, 
17% 
47 10.08, 3 5.99, 4 5.24, 7 4.67, 18 1.72, 2 -0.13, 2 -0.13, 2 -0.13, 2 -0.13, 2 -0.13, 2 -0.13, 2 -0.13, 3 -0.14, 3 -0.14, 
18% 
46 10.2, 3 5.99, 3 5.99, 7 4.67, 18 1.72, 2 -0.13, 2 -0.13, 2 -0.13, 2 -0.13, 2 -0.13, 2 -0.13, 3 -0.14, 3 -0.14, 
19% 
45 10.32, 3 5.99, 3 5.99, 7 4.67, 18 1.72, 2 -0.13, 2 -0.13, 2 -0.13, 2 -0.13, 2 -0.13, 2 -0.13, 3 -0.14, 3 -0.14, 
20% 
43 10.56, 3 5.99, 3 5.99, 7 4.67, 18 1.72, 2 -0.13, 2 -0.13, 2 -0.13, 2 -0.13, 2 -0.13, 2 -0.13, 3 -0.14, 3 -0.14, 
21% 
2 11.96, 43 10.56, 3 5.99, 3 5.99, 7 4.67, 18 1.72, 2 -0.13, 2 -0.13, 2 -0.13, 2 -0.13, 2 -0.13, 2 -0.13, 3 -0.14, 3 -0.14, 
22% 
2 11.96, 43 10.56, 3 5.99, 3 5.99, 7 4.67, 18 1.72, 2 -0.13, 2 -0.13, 2 -0.13, 2 -0.13, 2 -0.13, 2 -0.13, 3 -0.14, 3 -0.14, 
23% 
67 12.64, 2 11.96, 3 5.99, 7 4.67, 17 1.77, 2 -0.13, 2 -0.13, 2 -0.13, 2 -0.13, 2 -0.13, 2 -0.13, 3 -0.14, 3 -0.14, 
24% 
63 13.05, 2 11.96, 3 5.99, 7 4.67, 16 1.82, 2 -0.13, 2 -0.13, 2 -0.13, 2 -0.13, 2 -0.13, 3 -0.14, 3 -0.14, 
25% 
87 13.11, 2 11.96, 3 5.99, 7 4.67, 2 -0.13, 2 -0.13, 2 -0.13, 2 -0.13, 2 -0.13, 3 -0.14, 3 -0.14, 
26% 
84 13.41, 2 11.96, 3 5.99, 7 4.67, 2 -0.13, 2 -0.13, 2 -0.13, 2 -0.13, 2 -0.13, 3 -0.14, 3 -0.14, 
27% 
84 13.41, 2 11.96, 3 5.99, 7 4.67, 2 -0.13, 2 -0.13, 2 -0.13, 2 -0.13, 2 -0.13, 3 -0.14, 3 -0.14, 
28% 
83 13.52, 2 11.96, 3 5.99, 7 4.67, 2 -0.13, 2 -0.13, 2 -0.13, 2 -0.13, 3 -0.14, 3 -0.14, 
29% 
83 13.52, 2 11.96, 3 5.99, 7 4.67, 2 -0.13, 2 -0.13, 2 -0.13, 3 -0.14, 3 -0.14, 
30% 
94 14.32, 3 5.99, 3 5.11, 6 5.1, 2 -0.13, 2 -0.13, 2 -0.13, 3 -0.14, 3 -0.14, 
31% 
97 15.06, 3 5.11, 6 5.1, 2 -0.13, 2 -0.13, 2 -0.13, 3 -0.14, 3 -0.14, 
32% 
97 15.06, 3 5.11, 6 5.1, 2 -0.13, 2 -0.13, 2 -0.13, 3 -0.14, 3 -0.14, 
33% 
109 15.13, 3 5.11, 2 -0.13, 2 -0.13, 2 -0.13, 3 -0.14, 3 -0.14, 
34% 
107 15.23, 3 5.11, 2 -0.13, 2 -0.13, 2 -0.13, 3 -0.14, 3 -0.14, 
35% 
103 15.78, 3 5.11, 2 -0.13, 2 -0.13, 2 -0.13, 3 -0.14, 3 -0.14, 
36% 
101 15.93, 3 5.11, 2 -0.13, 2 -0.13, 2 -0.13, 3 -0.14, 3 -0.14, 
37% 
100 16.01, 3 5.11, 2 -0.13, 2 -0.13, 2 -0.13, 3 -0.14, 3 -0.14, 
38% 
98 16.27, 3 5.11, 2 -0.13, 2 -0.13, 2 -0.13, 2 -0.13, 3 -0.14, 
39% 
95 16.56, 3 5.11, 2 -0.13, 2 -0.13, 2 -0.13, 2 -0.13, 3 -0.14, 
40% 
92 16.95, 3 6.94, 3 5.11, 2 -0.13, 2 -0.13, 2 -0.13, 2 -0.13, 3 -0.14, 
41% 
89 17.31, 3 6.94, 3 5.11, 2 -0.13, 2 -0.13, 2 -0.13, 2 -0.13, 3 -0.14, 
42% 
94 17.64, 2 7.22, 3 6.94, 2 -0.13, 2 -0.13, 2 -0.13, 2 -0.13, 3 -0.14, 
43% 
92 17.87, 2 7.22, 3 6.94, 2 -0.13, 2 -0.13, 2 -0.13, 2 -0.13, 3 -0.14, 
44% 
91 18.02, 2 7.22, 3 6.94, 2 -0.13, 2 -0.13, 2 -0.13, 2 -0.13, 3 -0.14, 
45% 
94 18.7, 3 6.94, 2 -0.13, 2 -0.13, 2 -0.13, 2 -0.13, 3 -0.14, 
46% 
91 19.11, 3 6.94, 2 -0.13, 2 -0.13, 2 -0.13, 2 -0.13, 3 -0.14, 
47% 
89 19.35, 3 6.94, 2 -0.13, 2 -0.13, 2 -0.13, 2 -0.13, 3 -0.14, 
48% 
85 19.69, 3 6.94, 2 -0.13, 2 -0.13, 2 -0.13, 2 -0.13, 3 -0.14, 
49% 
86 20.58, 3 6.94, 2 -0.13, 2 -0.13, 2 -0.13, 3 -0.14, 
50% 
86 20.58, 2 8.37, 2 -0.13, 2 -0.13, 2 -0.13, 2 -0.13, 
51% 
84 20.96, 2 8.37, 2 -0.13, 2 -0.13, 2 -0.13, 
52% 
90 22.15, 2 8.37, 2 -0.13, 2 -0.13, 2 -0.13, 
53% 
88 22.5, 2 8.37, 2 -0.13, 2 -0.13, 2 -0.13, 
54% 
88 22.5, 2 8.37, 2 -0.13, 2 -0.13, 2 -0.13, 
55% 
88 22.5, 2 8.37, 2 -0.13, 2 -0.13, 2 -0.13, 
56% 
88 22.5, 2 8.37, 2 -0.13, 2 -0.13, 
57% 
87 22.53, 2 8.37, 2 -0.13, 
58% 
87 22.53, 2 8.37, 2 -0.13, 
59% 
86 22.61, 2 8.37, 2 -0.13, 
60% 
91 23.2, 2 8.37, 2 -0.13, 
61% 
91 23.2, 2 8.37, 2 -0.13, 
62% 
91 23.2, 2 8.37, 2 -0.13, 
63% 
89 23.49, 2 8.37, 2 -0.13, 
64% 
88 23.6, 2 8.37, 2 -0.13, 
65% 
87 23.64, 2 8.37, 2 8.37, 2 -0.13, 
66% 
86 23.72, 2 8.37, 2 8.37, 2 -0.13, 
67% 
85 23.9, 2 8.37, 2 8.37, 2 -0.13, 
68% 
82 24.46, 2 8.37, 2 8.37, 2 -0.13, 
69% 
82 24.46, 2 8.37, 2 8.37, 2 -0.13, 
70% 
81 24.56, 2 8.37, 2 8.37, 7 5.04, 2 -0.13, 
71% 
81 24.56, 2 8.37, 2 8.37, 7 5.04, 2 -0.13, 
72% 
80 24.68, 2 8.37, 2 8.37, 7 5.04, 2 -0.13, 
73% 
80 24.68, 2 8.37, 2 8.37, 7 5.04, 
74% 
80 24.68, 2 8.37, 2 8.37, 7 5.04, 
75% 
79 24.74, 2 8.37, 2 8.37, 7 5.04, 
76% 
79 24.74, 2 8.37, 2 8.37, 7 5.04, 
77% 
79 24.74, 2 8.37, 2 8.37, 7 5.04, 
78% 
77 26.99, 2 8.37, 2 8.37, 7 5.04, 
79% 
76 27.15, 2 8.37, 2 8.37, 7 5.04, 5 3.84, 
80% 
76 27.15, 2 8.58, 2 8.37, 2 8.37, 7 5.04, 4 4.46, 
81% 
76 27.15, 2 8.58, 2 8.37, 2 8.37, 7 5.04, 4 4.46, 
82% 
76 27.15, 2 8.58, 2 8.37, 2 8.37, 7 5.04, 4 4.46, 
83% 
76 27.15, 2 8.58, 2 8.37, 2 8.37, 7 5.04, 4 4.46, 
84% 
75 27.29, 2 8.58, 2 8.37, 2 8.37, 6 5.49, 4 4.46, 
85% 
74 27.61, 2 8.58, 2 8.37, 2 8.37, 6 5.49, 4 4.46, 
86% 
73 27.62, 2 8.58, 2 8.37, 2 8.37, 6 5.49, 4 4.46, 
87% 
73 27.62, 2 8.58, 2 8.37, 2 8.37, 6 5.49, 4 4.46, 
88% 
73 27.62, 2 8.58, 2 8.37, 2 8.37, 6 5.49, 4 4.46, 
89% 
73 27.62, 2 8.58, 2 8.37, 2 8.37, 6 5.49, 4 4.46, 
90% 
73 27.62, 2 8.58, 2 8.37, 2 8.37, 6 5.49, 4 4.46, 
91% 
73 27.62, 2 8.58, 2 8.37, 2 8.37, 6 5.49, 4 4.46, 
92% 
73 27.62, 2 8.58, 2 8.37, 2 8.37, 6 5.49, 4 4.46, 
93% 
73 27.62, 2 8.58, 2 8.37, 2 8.37, 6 5.49, 4 4.46, 
94% 
73 27.62, 2 8.58, 2 8.37, 2 8.37, 6 5.49, 4 4.46, 
95% 
71 27.89, 2 8.58, 2 8.37, 2 8.37, 6 5.49, 4 4.46, 
96% 
71 27.89, 2 8.58, 2 8.37, 2 8.37, 6 5.49, 4 4.46, 
97% 
70 28.1, 2 8.58, 2 8.37, 2 8.37, 6 5.49, 4 4.46, 
98% 
68 28.47, 2 8.58, 2 8.37, 2 8.37, 6 5.49, 4 4.46, 
99% 
68 28.47, 2 8.58, 2 8.37, 2 8.37, 6 5.49, 4 4.46, 
100%
68 28.47, 2 8.58, 2 8.37, 2 8.37, 5 6.21, 4 4.46, 
