-sif=/home/safia/anaconda3/lib/R/library/pathfindR/extdata/KEGG.sif
-sig=/home/safia/Documents/pathfindR_Results(1)/active_snw_searches/Iteration_5/active_snw_search/input_for_search.txt
-method=SA
-saTemp0=1
-saTemp1=0.01
-saIter=10000
-geneInitProb=0.0944444444444444
-gaPop=400
-gaIter=200
-gaThread=5
-gaMut=0
-grMaxDepth=1
-grSearchDepth=1
-grOverlap=0.5
-grSubNum=1000
2 -0.11, 2 -0.11, 2 -0.11, 2 -0.11, 2 -0.11, 2 -0.11, 2 -0.11, 2 -0.11, 2 -0.11, 2 -0.11, 2 -0.11, 2 -0.11, 2 -0.11, 2 -0.11, 2 -0.11, 2 -0.11, 3 -0.14, 3 -0.14, 3 -0.14, 3 -0.14, 3 -0.14, 4 -0.16, 4 -0.16, 4 -0.16, 5 -0.18, 8 -0.23, 250 -0.48, 
Percentage of finished job, node number and score of modules that have more than one node are as follows:
0%
1% 
2 -0.11, 2 -0.11, 2 -0.11, 2 -0.11, 2 -0.11, 2 -0.11, 2 -0.11, 2 -0.11, 2 -0.11, 2 -0.11, 2 -0.11, 2 -0.11, 2 -0.11, 2 -0.11, 2 -0.11, 2 -0.11, 3 -0.14, 3 -0.14, 3 -0.14, 3 -0.14, 3 -0.14, 4 -0.16, 4 -0.16, 4 -0.16, 5 -0.18, 8 -0.23, 246 -0.46, 
2% 
220 0.25, 2 -0.11, 2 -0.11, 2 -0.11, 2 -0.11, 2 -0.11, 2 -0.11, 2 -0.11, 2 -0.11, 2 -0.11, 2 -0.11, 2 -0.11, 2 -0.11, 2 -0.11, 2 -0.11, 3 -0.14, 3 -0.14, 3 -0.14, 3 -0.14, 3 -0.14, 4 -0.16, 4 -0.16, 4 -0.16, 5 -0.18, 7 -0.21, 20 -0.36, 
3% 
211 0.31, 2 -0.11, 2 -0.11, 2 -0.11, 2 -0.11, 2 -0.11, 2 -0.11, 2 -0.11, 2 -0.11, 2 -0.11, 2 -0.11, 2 -0.11, 2 -0.11, 2 -0.11, 2 -0.11, 2 -0.11, 3 -0.14, 3 -0.14, 3 -0.14, 3 -0.14, 3 -0.14, 4 -0.16, 4 -0.16, 4 -0.16, 5 -0.18, 7 -0.21, 20 -0.36, 
4% 
228 1.24, 2 -0.11, 2 -0.11, 2 -0.11, 2 -0.11, 2 -0.11, 2 -0.11, 2 -0.11, 2 -0.11, 2 -0.11, 2 -0.11, 2 -0.11, 2 -0.11, 2 -0.11, 2 -0.11, 3 -0.14, 3 -0.14, 3 -0.14, 3 -0.14, 3 -0.14, 4 -0.16, 4 -0.16, 4 -0.16, 5 -0.18, 7 -0.21, 
5% 
225 1.26, 2 -0.11, 2 -0.11, 2 -0.11, 2 -0.11, 2 -0.11, 2 -0.11, 2 -0.11, 2 -0.11, 2 -0.11, 2 -0.11, 2 -0.11, 2 -0.11, 2 -0.11, 3 -0.14, 3 -0.14, 3 -0.14, 3 -0.14, 3 -0.14, 4 -0.16, 4 -0.16, 4 -0.16, 5 -0.18, 6 -0.2, 
6% 
225 3.14, 2 -0.11, 2 -0.11, 2 -0.11, 2 -0.11, 2 -0.11, 2 -0.11, 2 -0.11, 2 -0.11, 2 -0.11, 2 -0.11, 2 -0.11, 2 -0.11, 2 -0.11, 3 -0.14, 3 -0.14, 3 -0.14, 3 -0.14, 3 -0.14, 4 -0.16, 4 -0.16, 4 -0.16, 4 -0.16, 6 -0.2, 
7% 
230 5.37, 2 -0.11, 2 -0.11, 2 -0.11, 2 -0.11, 2 -0.11, 2 -0.11, 2 -0.11, 2 -0.11, 2 -0.11, 2 -0.11, 2 -0.11, 3 -0.14, 3 -0.14, 3 -0.14, 3 -0.14, 3 -0.14, 4 -0.16, 4 -0.16, 4 -0.16, 4 -0.16, 6 -0.2, 
8% 
220 6.37, 2 -0.11, 2 -0.11, 2 -0.11, 2 -0.11, 2 -0.11, 2 -0.11, 2 -0.11, 2 -0.11, 2 -0.11, 2 -0.11, 2 -0.11, 3 -0.14, 3 -0.14, 3 -0.14, 3 -0.14, 3 -0.14, 4 -0.16, 4 -0.16, 4 -0.16, 4 -0.16, 6 -0.2, 
9% 
215 5.9, 2 -0.11, 2 -0.11, 2 -0.11, 2 -0.11, 2 -0.11, 2 -0.11, 2 -0.11, 2 -0.11, 2 -0.11, 2 -0.11, 3 -0.14, 3 -0.14, 3 -0.14, 3 -0.14, 3 -0.14, 4 -0.16, 4 -0.16, 4 -0.16, 6 -0.2, 
10% 
224 6.32, 2 -0.11, 2 -0.11, 2 -0.11, 2 -0.11, 2 -0.11, 2 -0.11, 2 -0.11, 2 -0.11, 2 -0.11, 2 -0.11, 2 -0.11, 3 -0.14, 3 -0.14, 3 -0.14, 3 -0.14, 4 -0.16, 4 -0.16, 4 -0.16, 6 -0.2, 
11% 
221 7, 2 -0.11, 2 -0.11, 2 -0.11, 2 -0.11, 2 -0.11, 2 -0.11, 2 -0.11, 2 -0.11, 2 -0.11, 2 -0.11, 2 -0.11, 3 -0.14, 3 -0.14, 3 -0.14, 3 -0.14, 4 -0.16, 4 -0.16, 4 -0.16, 6 -0.2, 
12% 
218 7.04, 2 -0.11, 2 -0.11, 2 -0.11, 2 -0.11, 2 -0.11, 2 -0.11, 2 -0.11, 2 -0.11, 2 -0.11, 2 -0.11, 2 -0.11, 3 -0.14, 3 -0.14, 3 -0.14, 3 -0.14, 4 -0.16, 4 -0.16, 4 -0.16, 6 -0.2, 
13% 
2 9.3, 216 7.09, 2 -0.11, 2 -0.11, 2 -0.11, 2 -0.11, 2 -0.11, 2 -0.11, 2 -0.11, 2 -0.11, 2 -0.11, 2 -0.11, 2 -0.11, 2 -0.11, 3 -0.14, 3 -0.14, 3 -0.14, 3 -0.14, 4 -0.16, 4 -0.16, 6 -0.2, 
14% 
2 9.3, 212 7.21, 2 -0.11, 2 -0.11, 2 -0.11, 2 -0.11, 2 -0.11, 2 -0.11, 2 -0.11, 2 -0.11, 2 -0.11, 2 -0.11, 2 -0.11, 2 -0.11, 3 -0.14, 3 -0.14, 3 -0.14, 3 -0.14, 4 -0.16, 4 -0.16, 6 -0.2, 
15% 
2 9.3, 209 7.28, 2 -0.11, 2 -0.11, 2 -0.11, 2 -0.11, 2 -0.11, 2 -0.11, 2 -0.11, 2 -0.11, 2 -0.11, 2 -0.11, 2 -0.11, 2 -0.11, 3 -0.14, 3 -0.14, 3 -0.14, 3 -0.14, 3 -0.14, 4 -0.16, 6 -0.2, 
16% 
2 9.3, 205 7.35, 2 -0.11, 2 -0.11, 2 -0.11, 2 -0.11, 2 -0.11, 2 -0.11, 2 -0.11, 2 -0.11, 2 -0.11, 2 -0.11, 2 -0.11, 2 -0.11, 3 -0.14, 3 -0.14, 3 -0.14, 3 -0.14, 3 -0.14, 4 -0.16, 6 -0.2, 
17% 
2 9.3, 203 7.4, 2 -0.11, 2 -0.11, 2 -0.11, 2 -0.11, 2 -0.11, 2 -0.11, 2 -0.11, 2 -0.11, 2 -0.11, 2 -0.11, 2 -0.11, 2 -0.11, 3 -0.14, 3 -0.14, 3 -0.14, 3 -0.14, 3 -0.14, 4 -0.16, 6 -0.2, 
18% 
2 9.3, 202 8.31, 2 -0.11, 2 -0.11, 2 -0.11, 2 -0.11, 2 -0.11, 2 -0.11, 2 -0.11, 2 -0.11, 2 -0.11, 2 -0.11, 2 -0.11, 2 -0.11, 3 -0.14, 3 -0.14, 3 -0.14, 3 -0.14, 3 -0.14, 4 -0.16, 6 -0.2, 
19% 
2 9.3, 188 8.71, 2 -0.11, 2 -0.11, 2 -0.11, 2 -0.11, 2 -0.11, 2 -0.11, 2 -0.11, 2 -0.11, 2 -0.11, 2 -0.11, 2 -0.11, 3 -0.14, 3 -0.14, 3 -0.14, 3 -0.14, 3 -0.14, 4 -0.16, 6 -0.2, 8 -0.23, 
20% 
2 9.3, 13 8.92, 172 6.61, 2 -0.11, 2 -0.11, 2 -0.11, 2 -0.11, 2 -0.11, 2 -0.11, 2 -0.11, 2 -0.11, 2 -0.11, 2 -0.11, 2 -0.11, 2 -0.11, 3 -0.14, 3 -0.14, 3 -0.14, 3 -0.14, 3 -0.14, 4 -0.16, 4 -0.16, 5 -0.18, 
21% 
2 9.3, 13 8.92, 170 7.37, 2 -0.11, 2 -0.11, 2 -0.11, 2 -0.11, 2 -0.11, 2 -0.11, 2 -0.11, 2 -0.11, 2 -0.11, 2 -0.11, 2 -0.11, 3 -0.14, 3 -0.14, 3 -0.14, 3 -0.14, 3 -0.14, 4 -0.16, 4 -0.16, 5 -0.18, 
22% 
2 9.3, 13 8.92, 157 7.12, 2 -0.11, 2 -0.11, 2 -0.11, 2 -0.11, 2 -0.11, 2 -0.11, 2 -0.11, 2 -0.11, 2 -0.11, 3 -0.14, 3 -0.14, 3 -0.14, 3 -0.14, 3 -0.14, 4 -0.16, 4 -0.16, 5 -0.18, 
23% 
168 9.45, 2 9.3, 2 -0.11, 2 -0.11, 2 -0.11, 2 -0.11, 2 -0.11, 2 -0.11, 2 -0.11, 2 -0.11, 2 -0.11, 3 -0.14, 3 -0.14, 3 -0.14, 3 -0.14, 3 -0.14, 4 -0.16, 4 -0.16, 5 -0.18, 
24% 
169 10.08, 2 9.3, 2 -0.11, 2 -0.11, 2 -0.11, 2 -0.11, 2 -0.11, 2 -0.11, 2 -0.11, 2 -0.11, 3 -0.14, 3 -0.14, 3 -0.14, 3 -0.14, 3 -0.14, 4 -0.16, 5 -0.18, 
25% 
161 10.42, 2 9.3, 2 -0.11, 2 -0.11, 2 -0.11, 2 -0.11, 2 -0.11, 2 -0.11, 2 -0.11, 3 -0.14, 3 -0.14, 3 -0.14, 3 -0.14, 3 -0.14, 4 -0.16, 5 -0.18, 
26% 
157 10.62, 2 9.3, 2 -0.11, 2 -0.11, 2 -0.11, 2 -0.11, 2 -0.11, 2 -0.11, 2 -0.11, 3 -0.14, 3 -0.14, 3 -0.14, 3 -0.14, 3 -0.14, 4 -0.16, 5 -0.18, 
27% 
153 10.73, 2 9.3, 2 -0.11, 2 -0.11, 2 -0.11, 2 -0.11, 2 -0.11, 2 -0.11, 2 -0.11, 3 -0.14, 3 -0.14, 3 -0.14, 3 -0.14, 3 -0.14, 4 -0.16, 5 -0.18, 
28% 
147 10.87, 2 9.3, 4 7.7, 2 -0.11, 2 -0.11, 2 -0.11, 2 -0.11, 2 -0.11, 2 -0.11, 3 -0.14, 3 -0.14, 3 -0.14, 3 -0.14, 3 -0.14, 4 -0.16, 5 -0.18, 
29% 
144 11.03, 2 9.3, 4 7.7, 2 -0.11, 2 -0.11, 2 -0.11, 2 -0.11, 2 -0.11, 2 -0.11, 3 -0.14, 3 -0.14, 3 -0.14, 3 -0.14, 3 -0.14, 3 -0.14, 5 -0.18, 
30% 
142 11.15, 2 9.53, 2 9.3, 4 7.7, 2 -0.11, 2 -0.11, 2 -0.11, 2 -0.11, 2 -0.11, 3 -0.14, 3 -0.14, 3 -0.14, 3 -0.14, 3 -0.14, 5 -0.18, 
31% 
136 11.42, 2 9.53, 2 9.3, 4 7.7, 2 -0.11, 2 -0.11, 2 -0.11, 2 -0.11, 2 -0.11, 3 -0.14, 3 -0.14, 3 -0.14, 3 -0.14, 3 -0.14, 3 -0.14, 5 -0.18, 
32% 
129 11.83, 2 9.53, 2 9.3, 4 7.7, 3 7.22, 6 5.91, 2 -0.11, 2 -0.11, 2 -0.11, 2 -0.11, 3 -0.14, 3 -0.14, 3 -0.14, 3 -0.14, 3 -0.14, 3 -0.14, 5 -0.18, 
33% 
126 12.95, 2 9.53, 2 9.3, 4 7.7, 3 7.22, 6 5.91, 2 -0.11, 2 -0.11, 2 -0.11, 2 -0.11, 3 -0.14, 3 -0.14, 3 -0.14, 3 -0.14, 3 -0.14, 3 -0.14, 5 -0.18, 
34% 
126 12.95, 2 9.53, 2 9.3, 4 7.7, 3 7.22, 6 5.91, 2 -0.11, 2 -0.11, 2 -0.11, 2 -0.11, 2 -0.11, 3 -0.14, 3 -0.14, 3 -0.14, 3 -0.14, 3 -0.14, 5 -0.18, 
35% 
118 13.34, 2 9.53, 2 9.3, 4 7.7, 3 7.22, 6 5.91, 2 -0.11, 2 -0.11, 2 -0.11, 2 -0.11, 2 -0.11, 3 -0.14, 3 -0.14, 3 -0.14, 3 -0.14, 3 -0.14, 4 -0.16, 5 -0.18, 
36% 
111 13.74, 2 9.53, 2 9.3, 4 7.7, 3 7.22, 5 6.54, 2 -0.11, 2 -0.11, 2 -0.11, 2 -0.11, 2 -0.11, 3 -0.14, 3 -0.14, 3 -0.14, 3 -0.14, 3 -0.14, 4 -0.16, 5 -0.18, 6 -0.2, 
37% 
129 13.82, 2 9.53, 2 9.3, 4 7.7, 4 7.42, 2 -0.11, 2 -0.11, 2 -0.11, 2 -0.11, 3 -0.14, 3 -0.14, 3 -0.14, 3 -0.14, 4 -0.16, 5 -0.18, 6 -0.2, 
38% 
127 13.93, 2 9.53, 2 9.3, 4 7.7, 4 7.42, 2 -0.11, 2 -0.11, 2 -0.11, 2 -0.11, 3 -0.14, 3 -0.14, 3 -0.14, 3 -0.14, 4 -0.16, 5 -0.18, 6 -0.2, 
39% 
126 14.01, 2 11.35, 2 9.53, 2 9.3, 4 7.42, 2 -0.11, 2 -0.11, 2 -0.11, 2 -0.11, 3 -0.14, 3 -0.14, 3 -0.14, 3 -0.14, 4 -0.16, 5 -0.18, 6 -0.2, 
40% 
124 14.11, 2 11.35, 2 9.53, 2 9.3, 4 7.42, 2 -0.11, 2 -0.11, 2 -0.11, 2 -0.11, 3 -0.14, 3 -0.14, 3 -0.14, 3 -0.14, 4 -0.16, 5 -0.18, 6 -0.2, 
41% 
96 14.32, 2 11.35, 2 9.53, 2 9.3, 4 7.42, 27 1.99, 2 -0.11, 2 -0.11, 2 -0.11, 2 -0.11, 3 -0.14, 3 -0.14, 3 -0.14, 3 -0.14, 4 -0.16, 5 -0.18, 6 -0.2, 
42% 
94 14.4, 2 11.35, 2 9.53, 2 9.3, 4 7.42, 27 1.99, 2 -0.11, 2 -0.11, 2 -0.11, 2 -0.11, 3 -0.14, 3 -0.14, 3 -0.14, 3 -0.14, 4 -0.16, 5 -0.18, 6 -0.2, 
43% 
6 15.06, 85 11.65, 2 11.35, 2 9.53, 2 9.3, 4 7.42, 26 2.03, 2 -0.11, 2 -0.11, 2 -0.11, 3 -0.14, 3 -0.14, 3 -0.14, 3 -0.14, 4 -0.16, 4 -0.16, 6 -0.2, 
44% 
6 15.06, 85 11.65, 2 11.35, 2 9.53, 2 9.3, 4 7.42, 26 2.03, 2 -0.11, 2 -0.11, 2 -0.11, 3 -0.14, 3 -0.14, 3 -0.14, 3 -0.14, 4 -0.16, 4 -0.16, 6 -0.2, 
45% 
6 15.06, 108 11.72, 2 11.35, 2 9.53, 2 9.3, 4 7.42, 2 -0.11, 2 -0.11, 2 -0.11, 2 -0.11, 3 -0.14, 3 -0.14, 3 -0.14, 3 -0.14, 4 -0.16, 4 -0.16, 6 -0.2, 
46% 
6 15.06, 108 11.72, 2 11.35, 2 9.53, 2 9.3, 4 7.42, 2 -0.11, 2 -0.11, 2 -0.11, 2 -0.11, 2 -0.11, 3 -0.14, 3 -0.14, 3 -0.14, 4 -0.16, 4 -0.16, 6 -0.2, 
47% 
6 15.06, 112 12.45, 2 11.35, 2 9.53, 2 9.3, 4 7.42, 2 -0.11, 2 -0.11, 2 -0.11, 2 -0.11, 2 -0.11, 3 -0.14, 3 -0.14, 3 -0.14, 4 -0.16, 6 -0.2, 
48% 
6 15.06, 110 12.55, 2 11.35, 2 9.53, 2 9.3, 4 7.42, 2 -0.11, 2 -0.11, 2 -0.11, 2 -0.11, 2 -0.11, 3 -0.14, 3 -0.14, 3 -0.14, 4 -0.16, 6 -0.2, 
49% 
114 15.58, 2 11.35, 2 9.53, 2 9.3, 3 8.51, 2 -0.11, 2 -0.11, 2 -0.11, 2 -0.11, 2 -0.11, 3 -0.14, 3 -0.14, 3 -0.14, 4 -0.16, 6 -0.2, 
50% 
122 17.28, 2 11.35, 2 9.53, 2 9.3, 2 -0.11, 2 -0.11, 2 -0.11, 2 -0.11, 2 -0.11, 3 -0.14, 3 -0.14, 3 -0.14, 4 -0.16, 6 -0.2, 
51% 
101 17.56, 2 11.35, 2 9.53, 2 9.3, 2 8.03, 3 7.22, 6 4.15, 2 -0.11, 2 -0.11, 2 -0.11, 2 -0.11, 2 -0.11, 2 -0.11, 3 -0.14, 3 -0.14, 3 -0.14, 4 -0.16, 6 -0.2, 
52% 
100 17.6, 2 11.35, 2 9.53, 2 9.3, 2 8.03, 3 7.22, 6 4.15, 2 -0.11, 2 -0.11, 2 -0.11, 2 -0.11, 2 -0.11, 3 -0.14, 3 -0.14, 3 -0.14, 3 -0.14, 5 -0.18, 
53% 
99 17.66, 2 11.35, 2 9.53, 2 9.3, 2 8.03, 3 7.22, 6 4.15, 2 -0.11, 2 -0.11, 2 -0.11, 2 -0.11, 2 -0.11, 3 -0.14, 3 -0.14, 3 -0.14, 3 -0.14, 5 -0.18, 
54% 
117 18.04, 2 11.35, 2 9.53, 2 9.3, 2 8.03, 3 7.22, 6 4.15, 2 -0.11, 2 -0.11, 2 -0.11, 2 -0.11, 2 -0.11, 2 -0.11, 3 -0.14, 3 -0.14, 
55% 
116 18.11, 2 11.35, 2 9.53, 2 9.3, 2 8.03, 3 7.22, 6 4.15, 2 -0.11, 2 -0.11, 2 -0.11, 2 -0.11, 2 -0.11, 2 -0.11, 3 -0.14, 3 -0.14, 
56% 
116 19.02, 2 11.35, 2 9.53, 2 9.3, 2 8.03, 3 7.22, 6 4.15, 2 -0.11, 2 -0.11, 2 -0.11, 2 -0.11, 2 -0.11, 2 -0.11, 3 -0.14, 3 -0.14, 
57% 
101 20.53, 2 11.35, 2 9.53, 2 9.3, 2 8.03, 3 7.22, 6 4.15, 18 2.48, 2 -0.11, 2 -0.11, 2 -0.11, 2 -0.11, 2 -0.11, 2 -0.11, 3 -0.14, 3 -0.14, 
58% 
100 21.42, 2 11.35, 2 9.53, 2 9.3, 2 8.03, 3 7.22, 6 4.15, 16 2.76, 2 -0.11, 2 -0.11, 2 -0.11, 2 -0.11, 2 -0.11, 2 -0.11, 3 -0.14, 3 -0.14, 
59% 
97 21.59, 2 11.35, 2 9.53, 2 9.3, 2 8.03, 3 7.22, 6 4.15, 16 2.76, 2 -0.11, 2 -0.11, 2 -0.11, 2 -0.11, 2 -0.11, 2 -0.11, 2 -0.11, 3 -0.14, 3 -0.14, 
60% 
97 21.59, 2 11.35, 2 9.53, 2 9.3, 2 8.03, 3 7.22, 6 4.15, 16 2.76, 2 -0.11, 2 -0.11, 2 -0.11, 2 -0.11, 2 -0.11, 2 -0.11, 2 -0.11, 3 -0.14, 3 -0.14, 
61% 
97 21.59, 2 11.35, 2 9.53, 2 9.3, 2 8.03, 3 7.22, 6 4.15, 16 2.76, 2 -0.11, 2 -0.11, 2 -0.11, 2 -0.11, 2 -0.11, 2 -0.11, 3 -0.14, 3 -0.14, 
62% 
97 21.59, 2 11.35, 2 9.53, 2 9.3, 2 8.03, 3 7.22, 5 4.6, 16 2.76, 2 -0.11, 2 -0.11, 2 -0.11, 2 -0.11, 2 -0.11, 2 -0.11, 3 -0.14, 3 -0.14, 
63% 
95 21.67, 2 11.35, 2 9.53, 2 9.3, 2 8.03, 3 7.22, 5 4.6, 16 2.76, 2 -0.11, 2 -0.11, 2 -0.11, 2 -0.11, 2 -0.11, 2 -0.11, 3 -0.14, 3 -0.14, 
64% 
95 23.33, 2 11.35, 2 9.53, 2 9.3, 2 8.03, 3 7.22, 5 4.6, 15 2.89, 2 -0.11, 2 -0.11, 2 -0.11, 2 -0.11, 2 -0.11, 2 -0.11, 3 -0.14, 3 -0.14, 
65% 
91 23.81, 2 11.35, 2 9.53, 2 9.3, 2 8.03, 3 7.22, 5 4.6, 15 2.89, 2 -0.11, 2 -0.11, 2 -0.11, 2 -0.11, 2 -0.11, 2 -0.11, 3 -0.14, 3 -0.14, 
66% 
84 24.01, 2 11.35, 2 9.53, 2 9.3, 2 8.03, 3 7.22, 5 4.6, 15 2.89, 2 -0.11, 2 -0.11, 2 -0.11, 2 -0.11, 2 -0.11, 2 -0.11, 3 -0.14, 3 -0.14, 
67% 
78 24.92, 2 11.35, 2 9.53, 2 9.3, 2 9.3, 2 8.03, 5 4.6, 14 3.03, 2 -0.11, 2 -0.11, 2 -0.11, 2 -0.11, 2 -0.11, 2 -0.11, 3 -0.14, 3 -0.14, 
68% 
77 24.97, 2 11.35, 2 9.53, 2 9.3, 2 9.3, 2 8.03, 3 6.23, 5 4.6, 12 3.35, 2 -0.11, 2 -0.11, 2 -0.11, 2 -0.11, 2 -0.11, 2 -0.11, 3 -0.14, 3 -0.14, 
69% 
78 26.22, 2 11.35, 2 9.53, 2 9.3, 2 9.3, 2 8.03, 3 6.23, 5 4.6, 12 3.35, 2 -0.11, 2 -0.11, 2 -0.11, 2 -0.11, 3 -0.14, 3 -0.14, 
70% 
81 26.86, 2 11.35, 2 9.53, 2 9.3, 2 9.3, 3 6.23, 5 4.6, 12 3.35, 2 -0.11, 2 -0.11, 2 -0.11, 2 -0.11, 2 -0.11, 3 -0.14, 
71% 
81 26.86, 2 11.35, 2 9.53, 2 9.3, 2 9.3, 3 6.23, 5 4.6, 12 3.35, 2 -0.11, 2 -0.11, 2 -0.11, 2 -0.11, 2 -0.11, 3 -0.14, 
72% 
78 27.33, 2 11.35, 2 9.53, 2 9.3, 2 9.3, 3 6.23, 5 4.6, 12 3.35, 2 -0.11, 2 -0.11, 2 -0.11, 2 -0.11, 3 -0.14, 
73% 
83 27.56, 2 11.35, 2 9.53, 2 9.3, 2 9.3, 5 4.6, 12 3.35, 2 -0.11, 2 -0.11, 2 -0.11, 3 -0.14, 
74% 
82 27.81, 2 11.35, 2 9.53, 2 9.3, 2 9.3, 5 4.6, 12 3.35, 2 -0.11, 2 -0.11, 2 -0.11, 3 -0.14, 
75% 
82 27.81, 2 11.35, 2 9.53, 2 9.3, 2 9.3, 5 4.6, 12 3.35, 2 -0.11, 2 -0.11, 2 -0.11, 3 -0.14, 
76% 
82 27.81, 2 11.35, 2 9.53, 2 9.3, 2 9.3, 5 4.6, 11 3.59, 2 -0.11, 2 -0.11, 2 -0.11, 3 -0.14, 
77% 
81 27.95, 2 11.35, 2 9.53, 2 9.3, 2 9.3, 5 4.6, 11 3.59, 2 -0.11, 2 -0.11, 2 -0.11, 3 -0.14, 
78% 
80 28.09, 2 11.35, 2 9.53, 2 9.3, 2 9.3, 5 4.6, 11 3.59, 2 -0.11, 2 -0.11, 2 -0.11, 3 -0.14, 
79% 
79 28.26, 2 11.35, 2 9.53, 2 9.3, 2 9.3, 5 4.6, 11 3.59, 2 -0.11, 2 -0.11, 2 -0.11, 3 -0.14, 
80% 
78 28.43, 2 11.35, 2 9.53, 2 9.3, 2 9.3, 5 4.6, 11 3.59, 2 -0.11, 2 -0.11, 2 -0.11, 3 -0.14, 
81% 
77 28.49, 2 11.35, 2 9.53, 2 9.3, 2 9.3, 5 4.6, 11 3.59, 2 -0.11, 2 -0.11, 2 -0.11, 3 -0.14, 
82% 
77 28.49, 2 11.35, 2 9.53, 2 9.3, 2 9.3, 5 4.6, 11 3.59, 2 -0.11, 2 -0.11, 2 -0.11, 3 -0.14, 
83% 
77 28.49, 2 11.35, 2 9.53, 2 9.3, 2 9.3, 5 4.6, 11 3.59, 2 -0.11, 2 -0.11, 2 -0.11, 3 -0.14, 
84% 
75 28.91, 2 11.35, 2 9.53, 2 9.3, 2 9.3, 5 4.6, 11 3.59, 2 -0.11, 2 -0.11, 2 -0.11, 3 -0.14, 
85% 
74 29, 2 11.35, 2 9.53, 2 9.3, 2 9.3, 5 4.6, 10 3.83, 2 -0.11, 2 -0.11, 2 -0.11, 3 -0.14, 
86% 
74 29, 2 11.35, 2 9.53, 2 9.3, 2 9.3, 5 4.6, 10 3.83, 2 -0.11, 3 -0.14, 
87% 
74 29, 2 11.35, 2 9.53, 2 9.3, 2 9.3, 5 4.6, 10 3.83, 2 -0.11, 
88% 
72 29.61, 2 11.35, 2 9.53, 2 9.3, 2 9.3, 5 4.6, 10 3.83, 2 -0.11, 
89% 
71 29.84, 2 11.35, 2 9.53, 2 9.3, 2 9.3, 5 4.6, 10 3.83, 2 -0.11, 
90% 
70 30.22, 2 11.35, 2 9.53, 2 9.3, 2 9.3, 3 7.92, 5 4.6, 2 -0.11, 
91% 
70 30.22, 2 11.35, 2 9.53, 2 9.3, 2 9.3, 3 7.92, 5 4.6, 2 -0.11, 
92% 
69 30.43, 2 11.35, 2 9.53, 2 9.3, 2 9.3, 3 7.92, 5 4.6, 2 -0.11, 
93% 
68 30.64, 2 11.35, 2 9.53, 2 9.3, 2 9.3, 3 7.92, 4 5.23, 2 -0.11, 
94% 
69 32.3, 2 11.35, 2 9.53, 2 9.3, 2 9.3, 3 7.92, 4 5.23, 2 -0.11, 
95% 
69 32.3, 2 11.35, 2 9.53, 2 9.3, 2 9.3, 3 7.92, 4 5.23, 2 -0.11, 
96% 
68 32.52, 2 11.35, 2 10.18, 2 9.53, 2 9.3, 2 9.3, 4 5.23, 2 -0.11, 
97% 
68 32.52, 2 11.35, 2 10.18, 2 9.53, 2 9.3, 2 9.3, 3 6.02, 5 4.77, 2 -0.11, 
98% 
68 32.52, 2 11.35, 2 10.18, 2 9.53, 2 9.3, 2 9.3, 3 6.02, 5 4.77, 2 -0.11, 
99% 
66 32.81, 2 11.35, 2 10.18, 2 9.53, 2 9.3, 2 9.3, 3 6.02, 5 4.77, 2 -0.11, 
100%
69 33.8, 2 11.35, 2 9.53, 2 9.3, 2 9.3, 3 6.02, 5 4.77, 2 -0.11, 
