-sif=/home/safia/anaconda3/lib/R/library/pathfindR/extdata/KEGG.sif
-sig=/home/safia/Documents/pathfindR_Results(1)/active_snw_searches/Iteration_9/active_snw_search/input_for_search.txt
-method=SA
-saTemp0=1
-saTemp1=0.01
-saIter=10000
-geneInitProb=0.178888888888889
-gaPop=400
-gaIter=200
-gaThread=5
-gaMut=0
-grMaxDepth=1
-grSearchDepth=1
-grOverlap=0.5
-grSubNum=1000
3 6.24, 2 -0.11, 2 -0.11, 2 -0.11, 2 -0.11, 2 -0.11, 2 -0.11, 2 -0.11, 2 -0.11, 2 -0.11, 2 -0.11, 2 -0.11, 2 -0.11, 2 -0.11, 2 -0.11, 2 -0.11, 2 -0.11, 2 -0.11, 3 -0.14, 3 -0.14, 3 -0.14, 3 -0.14, 3 -0.14, 3 -0.14, 3 -0.14, 3 -0.14, 3 -0.14, 3 -0.14, 4 -0.16, 4 -0.16, 4 -0.16, 4 -0.16, 4 -0.16, 4 -0.16, 4 -0.16, 5 -0.18, 6 -0.2, 6 -0.2, 6 -0.2, 7 -0.21, 7 -0.21, 553 -0.21, 
Percentage of finished job, node number and score of modules that have more than one node are as follows:
0%
1% 
3 6.24, 538 0.23, 2 -0.11, 2 -0.11, 2 -0.11, 2 -0.11, 2 -0.11, 2 -0.11, 2 -0.11, 2 -0.11, 2 -0.11, 2 -0.11, 2 -0.11, 2 -0.11, 2 -0.11, 2 -0.11, 2 -0.11, 2 -0.11, 3 -0.14, 3 -0.14, 3 -0.14, 3 -0.14, 3 -0.14, 3 -0.14, 3 -0.14, 3 -0.14, 3 -0.14, 3 -0.14, 3 -0.14, 4 -0.16, 4 -0.16, 4 -0.16, 4 -0.16, 4 -0.16, 4 -0.16, 5 -0.18, 5 -0.18, 5 -0.18, 5 -0.18, 6 -0.2, 6 -0.2, 7 -0.21, 
2% 
3 6.24, 528 0.27, 2 -0.11, 2 -0.11, 2 -0.11, 2 -0.11, 2 -0.11, 2 -0.11, 2 -0.11, 2 -0.11, 2 -0.11, 2 -0.11, 2 -0.11, 2 -0.11, 2 -0.11, 2 -0.11, 2 -0.11, 3 -0.14, 3 -0.14, 3 -0.14, 3 -0.14, 3 -0.14, 3 -0.14, 3 -0.14, 3 -0.14, 4 -0.16, 4 -0.16, 4 -0.16, 4 -0.16, 4 -0.16, 4 -0.16, 5 -0.18, 5 -0.18, 5 -0.18, 5 -0.18, 6 -0.2, 6 -0.2, 7 -0.21, 
3% 
3 6.24, 514 1.05, 2 -0.11, 2 -0.11, 2 -0.11, 2 -0.11, 2 -0.11, 2 -0.11, 2 -0.11, 2 -0.11, 2 -0.11, 2 -0.11, 2 -0.11, 2 -0.11, 2 -0.11, 2 -0.11, 3 -0.14, 3 -0.14, 3 -0.14, 3 -0.14, 3 -0.14, 3 -0.14, 3 -0.14, 3 -0.14, 3 -0.14, 4 -0.16, 4 -0.16, 4 -0.16, 4 -0.16, 4 -0.16, 4 -0.16, 5 -0.18, 5 -0.18, 5 -0.18, 5 -0.18, 6 -0.2, 6 -0.2, 7 -0.21, 
4% 
3 6.24, 500 1.88, 2 -0.11, 2 -0.11, 2 -0.11, 2 -0.11, 2 -0.11, 2 -0.11, 2 -0.11, 2 -0.11, 2 -0.11, 2 -0.11, 2 -0.11, 2 -0.11, 2 -0.11, 2 -0.11, 2 -0.11, 3 -0.14, 3 -0.14, 3 -0.14, 3 -0.14, 3 -0.14, 3 -0.14, 3 -0.14, 3 -0.14, 3 -0.14, 4 -0.16, 4 -0.16, 4 -0.16, 4 -0.16, 5 -0.18, 5 -0.18, 5 -0.18, 6 -0.2, 6 -0.2, 7 -0.21, 
5% 
3 6.24, 480 2, 2 -0.11, 2 -0.11, 2 -0.11, 2 -0.11, 2 -0.11, 2 -0.11, 2 -0.11, 2 -0.11, 2 -0.11, 2 -0.11, 2 -0.11, 2 -0.11, 2 -0.11, 2 -0.11, 2 -0.11, 3 -0.14, 3 -0.14, 3 -0.14, 3 -0.14, 3 -0.14, 3 -0.14, 3 -0.14, 3 -0.14, 3 -0.14, 4 -0.16, 4 -0.16, 4 -0.16, 4 -0.16, 5 -0.18, 5 -0.18, 5 -0.18, 5 -0.18, 6 -0.2, 7 -0.21, 
6% 
3 6.24, 472 3.09, 2 -0.11, 2 -0.11, 2 -0.11, 2 -0.11, 2 -0.11, 2 -0.11, 2 -0.11, 2 -0.11, 2 -0.11, 2 -0.11, 2 -0.11, 2 -0.11, 2 -0.11, 2 -0.11, 3 -0.14, 3 -0.14, 3 -0.14, 3 -0.14, 3 -0.14, 3 -0.14, 3 -0.14, 3 -0.14, 4 -0.16, 4 -0.16, 4 -0.16, 4 -0.16, 5 -0.18, 5 -0.18, 5 -0.18, 5 -0.18, 6 -0.2, 7 -0.21, 
7% 
3 6.24, 451 3.26, 2 -0.11, 2 -0.11, 2 -0.11, 2 -0.11, 2 -0.11, 2 -0.11, 2 -0.11, 2 -0.11, 2 -0.11, 2 -0.11, 2 -0.11, 2 -0.11, 2 -0.11, 2 -0.11, 2 -0.11, 2 -0.11, 3 -0.14, 3 -0.14, 3 -0.14, 3 -0.14, 3 -0.14, 3 -0.14, 3 -0.14, 3 -0.14, 4 -0.16, 4 -0.16, 4 -0.16, 4 -0.16, 5 -0.18, 5 -0.18, 5 -0.18, 5 -0.18, 6 -0.2, 6 -0.2, 
8% 
3 6.24, 437 3.36, 2 -0.11, 2 -0.11, 2 -0.11, 2 -0.11, 2 -0.11, 2 -0.11, 2 -0.11, 2 -0.11, 2 -0.11, 2 -0.11, 2 -0.11, 2 -0.11, 2 -0.11, 2 -0.11, 2 -0.11, 3 -0.14, 3 -0.14, 3 -0.14, 3 -0.14, 3 -0.14, 3 -0.14, 3 -0.14, 3 -0.14, 3 -0.14, 4 -0.16, 4 -0.16, 5 -0.18, 5 -0.18, 5 -0.18, 5 -0.18, 6 -0.2, 6 -0.2, 
9% 
3 6.24, 425 3.45, 2 -0.11, 2 -0.11, 2 -0.11, 2 -0.11, 2 -0.11, 2 -0.11, 2 -0.11, 2 -0.11, 2 -0.11, 2 -0.11, 2 -0.11, 2 -0.11, 2 -0.11, 2 -0.11, 2 -0.11, 2 -0.11, 2 -0.11, 3 -0.14, 3 -0.14, 3 -0.14, 3 -0.14, 3 -0.14, 3 -0.14, 3 -0.14, 3 -0.14, 3 -0.14, 4 -0.16, 4 -0.16, 5 -0.18, 5 -0.18, 5 -0.18, 5 -0.18, 6 -0.2, 
10% 
3 6.24, 421 3.47, 2 -0.11, 2 -0.11, 2 -0.11, 2 -0.11, 2 -0.11, 2 -0.11, 2 -0.11, 2 -0.11, 2 -0.11, 2 -0.11, 2 -0.11, 2 -0.11, 2 -0.11, 2 -0.11, 2 -0.11, 2 -0.11, 3 -0.14, 3 -0.14, 3 -0.14, 3 -0.14, 3 -0.14, 3 -0.14, 3 -0.14, 3 -0.14, 3 -0.14, 4 -0.16, 4 -0.16, 5 -0.18, 5 -0.18, 5 -0.18, 5 -0.18, 6 -0.2, 
11% 
3 6.24, 404 3.57, 2 -0.11, 2 -0.11, 2 -0.11, 2 -0.11, 2 -0.11, 2 -0.11, 2 -0.11, 2 -0.11, 2 -0.11, 2 -0.11, 2 -0.11, 2 -0.11, 2 -0.11, 2 -0.11, 2 -0.11, 2 -0.11, 2 -0.11, 3 -0.14, 3 -0.14, 3 -0.14, 3 -0.14, 3 -0.14, 3 -0.14, 3 -0.14, 3 -0.14, 3 -0.14, 4 -0.16, 4 -0.16, 5 -0.18, 5 -0.18, 5 -0.18, 5 -0.18, 6 -0.2, 
12% 
3 6.24, 397 4.07, 2 -0.11, 2 -0.11, 2 -0.11, 2 -0.11, 2 -0.11, 2 -0.11, 2 -0.11, 2 -0.11, 2 -0.11, 2 -0.11, 2 -0.11, 2 -0.11, 2 -0.11, 2 -0.11, 3 -0.14, 3 -0.14, 3 -0.14, 3 -0.14, 3 -0.14, 3 -0.14, 3 -0.14, 3 -0.14, 3 -0.14, 4 -0.16, 4 -0.16, 4 -0.16, 5 -0.18, 5 -0.18, 5 -0.18, 6 -0.2, 
13% 
3 6.24, 379 3.78, 2 -0.11, 2 -0.11, 2 -0.11, 2 -0.11, 2 -0.11, 2 -0.11, 2 -0.11, 2 -0.11, 2 -0.11, 2 -0.11, 2 -0.11, 2 -0.11, 2 -0.11, 2 -0.11, 2 -0.11, 3 -0.14, 3 -0.14, 3 -0.14, 3 -0.14, 3 -0.14, 3 -0.14, 3 -0.14, 3 -0.14, 3 -0.14, 4 -0.16, 4 -0.16, 4 -0.16, 4 -0.16, 5 -0.18, 5 -0.18, 5 -0.18, 6 -0.2, 
14% 
3 6.24, 372 3.85, 2 -0.11, 2 -0.11, 2 -0.11, 2 -0.11, 2 -0.11, 2 -0.11, 2 -0.11, 2 -0.11, 2 -0.11, 2 -0.11, 2 -0.11, 2 -0.11, 2 -0.11, 2 -0.11, 2 -0.11, 3 -0.14, 3 -0.14, 3 -0.14, 3 -0.14, 3 -0.14, 3 -0.14, 3 -0.14, 3 -0.14, 3 -0.14, 4 -0.16, 4 -0.16, 4 -0.16, 4 -0.16, 5 -0.18, 5 -0.18, 5 -0.18, 6 -0.2, 
15% 
3 6.24, 366 3.93, 2 -0.11, 2 -0.11, 2 -0.11, 2 -0.11, 2 -0.11, 2 -0.11, 2 -0.11, 2 -0.11, 2 -0.11, 2 -0.11, 2 -0.11, 2 -0.11, 2 -0.11, 2 -0.11, 2 -0.11, 3 -0.14, 3 -0.14, 3 -0.14, 3 -0.14, 3 -0.14, 3 -0.14, 3 -0.14, 3 -0.14, 3 -0.14, 4 -0.16, 4 -0.16, 4 -0.16, 5 -0.18, 5 -0.18, 5 -0.18, 6 -0.2, 
16% 
3 6.24, 363 4.5, 2 -0.11, 2 -0.11, 2 -0.11, 2 -0.11, 2 -0.11, 2 -0.11, 2 -0.11, 2 -0.11, 2 -0.11, 2 -0.11, 2 -0.11, 2 -0.11, 2 -0.11, 2 -0.11, 2 -0.11, 3 -0.14, 3 -0.14, 3 -0.14, 3 -0.14, 3 -0.14, 3 -0.14, 3 -0.14, 3 -0.14, 3 -0.14, 4 -0.16, 4 -0.16, 4 -0.16, 5 -0.18, 5 -0.18, 6 -0.2, 
17% 
3 6.24, 355 4.6, 2 -0.11, 2 -0.11, 2 -0.11, 2 -0.11, 2 -0.11, 2 -0.11, 2 -0.11, 2 -0.11, 2 -0.11, 2 -0.11, 2 -0.11, 2 -0.11, 2 -0.11, 3 -0.14, 3 -0.14, 3 -0.14, 3 -0.14, 3 -0.14, 3 -0.14, 3 -0.14, 3 -0.14, 3 -0.14, 3 -0.14, 4 -0.16, 4 -0.16, 5 -0.18, 5 -0.18, 6 -0.2, 
18% 
3 6.24, 355 5.25, 2 -0.11, 2 -0.11, 2 -0.11, 2 -0.11, 2 -0.11, 2 -0.11, 2 -0.11, 2 -0.11, 2 -0.11, 2 -0.11, 2 -0.11, 2 -0.11, 2 -0.11, 3 -0.14, 3 -0.14, 3 -0.14, 3 -0.14, 3 -0.14, 3 -0.14, 3 -0.14, 3 -0.14, 3 -0.14, 3 -0.14, 4 -0.16, 4 -0.16, 5 -0.18, 5 -0.18, 6 -0.2, 
19% 
3 6.24, 346 5.35, 2 -0.11, 2 -0.11, 2 -0.11, 2 -0.11, 2 -0.11, 2 -0.11, 2 -0.11, 2 -0.11, 2 -0.11, 2 -0.11, 2 -0.11, 2 -0.11, 3 -0.14, 3 -0.14, 3 -0.14, 3 -0.14, 3 -0.14, 3 -0.14, 3 -0.14, 3 -0.14, 3 -0.14, 3 -0.14, 4 -0.16, 4 -0.16, 4 -0.16, 4 -0.16, 5 -0.18, 6 -0.2, 
20% 
3 6.24, 343 5.39, 4 4.76, 2 -0.11, 2 -0.11, 2 -0.11, 2 -0.11, 2 -0.11, 2 -0.11, 2 -0.11, 2 -0.11, 2 -0.11, 2 -0.11, 2 -0.11, 2 -0.11, 3 -0.14, 3 -0.14, 3 -0.14, 3 -0.14, 3 -0.14, 3 -0.14, 3 -0.14, 3 -0.14, 3 -0.14, 3 -0.14, 4 -0.16, 4 -0.16, 4 -0.16, 4 -0.16, 5 -0.18, 6 -0.2, 
21% 
3 6.24, 340 5.4, 4 4.76, 2 -0.11, 2 -0.11, 2 -0.11, 2 -0.11, 2 -0.11, 2 -0.11, 2 -0.11, 2 -0.11, 2 -0.11, 2 -0.11, 2 -0.11, 2 -0.11, 3 -0.14, 3 -0.14, 3 -0.14, 3 -0.14, 3 -0.14, 3 -0.14, 3 -0.14, 3 -0.14, 3 -0.14, 3 -0.14, 4 -0.16, 4 -0.16, 4 -0.16, 5 -0.18, 6 -0.2, 
22% 
3 6.24, 329 6, 3 5.38, 2 -0.11, 2 -0.11, 2 -0.11, 2 -0.11, 2 -0.11, 2 -0.11, 2 -0.11, 2 -0.11, 2 -0.11, 2 -0.11, 2 -0.11, 2 -0.11, 2 -0.11, 3 -0.14, 3 -0.14, 3 -0.14, 3 -0.14, 3 -0.14, 3 -0.14, 3 -0.14, 3 -0.14, 3 -0.14, 3 -0.14, 4 -0.16, 4 -0.16, 4 -0.16, 5 -0.18, 6 -0.2, 8 -0.22, 
23% 
327 6.6, 3 6.24, 2 -0.11, 2 -0.11, 2 -0.11, 2 -0.11, 2 -0.11, 2 -0.11, 2 -0.11, 2 -0.11, 2 -0.11, 2 -0.11, 2 -0.11, 2 -0.11, 2 -0.11, 2 -0.11, 3 -0.14, 3 -0.14, 3 -0.14, 3 -0.14, 3 -0.14, 3 -0.14, 3 -0.14, 3 -0.14, 3 -0.14, 4 -0.16, 4 -0.16, 4 -0.16, 5 -0.18, 6 -0.2, 8 -0.22, 
24% 
324 6.64, 3 6.24, 2 -0.11, 2 -0.11, 2 -0.11, 2 -0.11, 2 -0.11, 2 -0.11, 2 -0.11, 2 -0.11, 2 -0.11, 2 -0.11, 2 -0.11, 2 -0.11, 2 -0.11, 2 -0.11, 2 -0.11, 3 -0.14, 3 -0.14, 3 -0.14, 3 -0.14, 3 -0.14, 3 -0.14, 3 -0.14, 3 -0.14, 3 -0.14, 4 -0.16, 4 -0.16, 4 -0.16, 4 -0.16, 5 -0.18, 6 -0.2, 
25% 
15 11.87, 3 6.24, 302 4.2, 2 -0.11, 2 -0.11, 2 -0.11, 2 -0.11, 2 -0.11, 2 -0.11, 2 -0.11, 2 -0.11, 2 -0.11, 2 -0.11, 2 -0.11, 2 -0.11, 2 -0.11, 2 -0.11, 2 -0.11, 3 -0.14, 3 -0.14, 3 -0.14, 3 -0.14, 3 -0.14, 3 -0.14, 3 -0.14, 3 -0.14, 4 -0.16, 4 -0.16, 4 -0.16, 4 -0.16, 4 -0.16, 6 -0.2, 
26% 
14 12.13, 3 6.24, 298 4.79, 2 -0.11, 2 -0.11, 2 -0.11, 2 -0.11, 2 -0.11, 2 -0.11, 2 -0.11, 2 -0.11, 2 -0.11, 2 -0.11, 2 -0.11, 2 -0.11, 2 -0.11, 2 -0.11, 2 -0.11, 2 -0.11, 3 -0.14, 3 -0.14, 3 -0.14, 3 -0.14, 3 -0.14, 3 -0.14, 3 -0.14, 3 -0.14, 4 -0.16, 4 -0.16, 4 -0.16, 4 -0.16, 6 -0.2, 
27% 
13 12.49, 3 6.24, 289 4.9, 2 -0.11, 2 -0.11, 2 -0.11, 2 -0.11, 2 -0.11, 2 -0.11, 2 -0.11, 2 -0.11, 2 -0.11, 2 -0.11, 2 -0.11, 2 -0.11, 2 -0.11, 2 -0.11, 2 -0.11, 2 -0.11, 3 -0.14, 3 -0.14, 3 -0.14, 3 -0.14, 3 -0.14, 3 -0.14, 3 -0.14, 3 -0.14, 4 -0.16, 4 -0.16, 4 -0.16, 4 -0.16, 4 -0.16, 6 -0.2, 
28% 
13 12.49, 289 6.61, 3 6.24, 2 -0.11, 2 -0.11, 2 -0.11, 2 -0.11, 2 -0.11, 2 -0.11, 2 -0.11, 2 -0.11, 2 -0.11, 2 -0.11, 2 -0.11, 2 -0.11, 2 -0.11, 2 -0.11, 2 -0.11, 2 -0.11, 3 -0.14, 3 -0.14, 3 -0.14, 3 -0.14, 3 -0.14, 3 -0.14, 3 -0.14, 4 -0.16, 4 -0.16, 4 -0.16, 4 -0.16, 4 -0.16, 6 -0.2, 
29% 
13 12.49, 289 6.61, 3 6.24, 2 -0.11, 2 -0.11, 2 -0.11, 2 -0.11, 2 -0.11, 2 -0.11, 2 -0.11, 2 -0.11, 2 -0.11, 2 -0.11, 2 -0.11, 2 -0.11, 2 -0.11, 2 -0.11, 2 -0.11, 2 -0.11, 3 -0.14, 3 -0.14, 3 -0.14, 3 -0.14, 3 -0.14, 4 -0.16, 4 -0.16, 4 -0.16, 4 -0.16, 4 -0.16, 6 -0.2, 
30% 
13 12.49, 282 6.73, 3 6.24, 2 -0.11, 2 -0.11, 2 -0.11, 2 -0.11, 2 -0.11, 2 -0.11, 2 -0.11, 2 -0.11, 2 -0.11, 2 -0.11, 2 -0.11, 2 -0.11, 2 -0.11, 2 -0.11, 2 -0.11, 2 -0.11, 2 -0.11, 3 -0.14, 3 -0.14, 3 -0.14, 3 -0.14, 4 -0.16, 4 -0.16, 4 -0.16, 4 -0.16, 4 -0.16, 6 -0.2, 
31% 
13 12.49, 296 7.8, 3 6.24, 2 -0.11, 2 -0.11, 2 -0.11, 2 -0.11, 2 -0.11, 2 -0.11, 2 -0.11, 2 -0.11, 2 -0.11, 2 -0.11, 2 -0.11, 2 -0.11, 2 -0.11, 2 -0.11, 2 -0.11, 2 -0.11, 2 -0.11, 3 -0.14, 3 -0.14, 3 -0.14, 3 -0.14, 4 -0.16, 4 -0.16, 4 -0.16, 4 -0.16, 4 -0.16, 6 -0.2, 
32% 
13 12.49, 289 7.91, 3 6.24, 2 -0.11, 2 -0.11, 2 -0.11, 2 -0.11, 2 -0.11, 2 -0.11, 2 -0.11, 2 -0.11, 2 -0.11, 2 -0.11, 2 -0.11, 2 -0.11, 2 -0.11, 2 -0.11, 2 -0.11, 2 -0.11, 2 -0.11, 3 -0.14, 3 -0.14, 3 -0.14, 3 -0.14, 4 -0.16, 4 -0.16, 4 -0.16, 4 -0.16, 4 -0.16, 6 -0.2, 
33% 
13 12.49, 289 7.91, 3 6.24, 2 -0.11, 2 -0.11, 2 -0.11, 2 -0.11, 2 -0.11, 2 -0.11, 2 -0.11, 2 -0.11, 2 -0.11, 2 -0.11, 2 -0.11, 2 -0.11, 2 -0.11, 2 -0.11, 2 -0.11, 2 -0.11, 2 -0.11, 3 -0.14, 3 -0.14, 3 -0.14, 3 -0.14, 4 -0.16, 4 -0.16, 4 -0.16, 4 -0.16, 4 -0.16, 6 -0.2, 
34% 
13 12.49, 296 8.5, 2 -0.11, 2 -0.11, 2 -0.11, 2 -0.11, 2 -0.11, 2 -0.11, 2 -0.11, 2 -0.11, 2 -0.11, 2 -0.11, 2 -0.11, 2 -0.11, 2 -0.11, 2 -0.11, 2 -0.11, 2 -0.11, 2 -0.11, 2 -0.11, 3 -0.14, 3 -0.14, 3 -0.14, 3 -0.14, 4 -0.16, 4 -0.16, 4 -0.16, 6 -0.2, 
35% 
13 12.49, 292 8.57, 2 -0.11, 2 -0.11, 2 -0.11, 2 -0.11, 2 -0.11, 2 -0.11, 2 -0.11, 2 -0.11, 2 -0.11, 2 -0.11, 2 -0.11, 2 -0.11, 2 -0.11, 2 -0.11, 2 -0.11, 2 -0.11, 2 -0.11, 3 -0.14, 3 -0.14, 3 -0.14, 3 -0.14, 3 -0.14, 4 -0.16, 4 -0.16, 6 -0.2, 
36% 
12 13.17, 289 8.62, 2 -0.11, 2 -0.11, 2 -0.11, 2 -0.11, 2 -0.11, 2 -0.11, 2 -0.11, 2 -0.11, 2 -0.11, 2 -0.11, 2 -0.11, 2 -0.11, 2 -0.11, 2 -0.11, 2 -0.11, 2 -0.11, 3 -0.14, 3 -0.14, 3 -0.14, 3 -0.14, 4 -0.16, 4 -0.16, 6 -0.2, 
37% 
11 13.59, 278 8.88, 2 -0.11, 2 -0.11, 2 -0.11, 2 -0.11, 2 -0.11, 2 -0.11, 2 -0.11, 2 -0.11, 2 -0.11, 2 -0.11, 2 -0.11, 2 -0.11, 2 -0.11, 2 -0.11, 2 -0.11, 2 -0.11, 3 -0.14, 3 -0.14, 3 -0.14, 3 -0.14, 4 -0.16, 4 -0.16, 5 -0.18, 6 -0.2, 
38% 
11 13.59, 273 8.94, 2 -0.11, 2 -0.11, 2 -0.11, 2 -0.11, 2 -0.11, 2 -0.11, 2 -0.11, 2 -0.11, 2 -0.11, 2 -0.11, 2 -0.11, 2 -0.11, 2 -0.11, 2 -0.11, 2 -0.11, 2 -0.11, 2 -0.11, 3 -0.14, 3 -0.14, 3 -0.14, 3 -0.14, 4 -0.16, 4 -0.16, 5 -0.18, 6 -0.2, 
39% 
11 13.59, 274 9.94, 2 -0.11, 2 -0.11, 2 -0.11, 2 -0.11, 2 -0.11, 2 -0.11, 2 -0.11, 2 -0.11, 2 -0.11, 2 -0.11, 2 -0.11, 2 -0.11, 2 -0.11, 2 -0.11, 2 -0.11, 2 -0.11, 2 -0.11, 2 -0.11, 3 -0.14, 3 -0.14, 3 -0.14, 3 -0.14, 4 -0.16, 4 -0.16, 5 -0.18, 6 -0.2, 
40% 
11 13.59, 268 10.09, 2 -0.11, 2 -0.11, 2 -0.11, 2 -0.11, 2 -0.11, 2 -0.11, 2 -0.11, 2 -0.11, 2 -0.11, 2 -0.11, 2 -0.11, 2 -0.11, 2 -0.11, 2 -0.11, 2 -0.11, 2 -0.11, 2 -0.11, 3 -0.14, 3 -0.14, 3 -0.14, 3 -0.14, 4 -0.16, 4 -0.16, 5 -0.18, 6 -0.2, 
41% 
11 13.59, 261 10.24, 2 -0.11, 2 -0.11, 2 -0.11, 2 -0.11, 2 -0.11, 2 -0.11, 2 -0.11, 2 -0.11, 2 -0.11, 2 -0.11, 2 -0.11, 2 -0.11, 2 -0.11, 2 -0.11, 2 -0.11, 2 -0.11, 2 -0.11, 3 -0.14, 3 -0.14, 3 -0.14, 3 -0.14, 4 -0.16, 4 -0.16, 5 -0.18, 5 -0.18, 
42% 
11 13.59, 255 10.47, 2 -0.11, 2 -0.11, 2 -0.11, 2 -0.11, 2 -0.11, 2 -0.11, 2 -0.11, 2 -0.11, 2 -0.11, 2 -0.11, 2 -0.11, 2 -0.11, 2 -0.11, 2 -0.11, 2 -0.11, 2 -0.11, 2 -0.11, 3 -0.14, 3 -0.14, 3 -0.14, 3 -0.14, 4 -0.16, 4 -0.16, 5 -0.18, 5 -0.18, 
43% 
11 13.59, 251 10.55, 2 -0.11, 2 -0.11, 2 -0.11, 2 -0.11, 2 -0.11, 2 -0.11, 2 -0.11, 2 -0.11, 2 -0.11, 2 -0.11, 2 -0.11, 2 -0.11, 2 -0.11, 2 -0.11, 2 -0.11, 2 -0.11, 2 -0.11, 3 -0.14, 3 -0.14, 3 -0.14, 3 -0.14, 4 -0.16, 4 -0.16, 5 -0.18, 5 -0.18, 
44% 
11 13.59, 245 10.68, 2 -0.11, 2 -0.11, 2 -0.11, 2 -0.11, 2 -0.11, 2 -0.11, 2 -0.11, 2 -0.11, 2 -0.11, 2 -0.11, 2 -0.11, 2 -0.11, 2 -0.11, 2 -0.11, 2 -0.11, 2 -0.11, 2 -0.11, 3 -0.14, 3 -0.14, 3 -0.14, 3 -0.14, 4 -0.16, 4 -0.16, 5 -0.18, 5 -0.18, 
45% 
11 13.59, 233 10.99, 2 -0.11, 2 -0.11, 2 -0.11, 2 -0.11, 2 -0.11, 2 -0.11, 2 -0.11, 2 -0.11, 2 -0.11, 2 -0.11, 2 -0.11, 2 -0.11, 2 -0.11, 2 -0.11, 2 -0.11, 2 -0.11, 2 -0.11, 2 -0.11, 2 -0.11, 3 -0.14, 3 -0.14, 3 -0.14, 4 -0.16, 4 -0.16, 5 -0.18, 5 -0.18, 
46% 
243 13.82, 2 -0.11, 2 -0.11, 2 -0.11, 2 -0.11, 2 -0.11, 2 -0.11, 2 -0.11, 2 -0.11, 2 -0.11, 2 -0.11, 2 -0.11, 2 -0.11, 2 -0.11, 2 -0.11, 2 -0.11, 2 -0.11, 2 -0.11, 2 -0.11, 2 -0.11, 3 -0.14, 3 -0.14, 3 -0.14, 4 -0.16, 4 -0.16, 5 -0.18, 5 -0.18, 
47% 
234 14.12, 2 -0.11, 2 -0.11, 2 -0.11, 2 -0.11, 2 -0.11, 2 -0.11, 2 -0.11, 2 -0.11, 2 -0.11, 2 -0.11, 2 -0.11, 2 -0.11, 2 -0.11, 2 -0.11, 2 -0.11, 2 -0.11, 2 -0.11, 2 -0.11, 2 -0.11, 2 -0.11, 3 -0.14, 3 -0.14, 3 -0.14, 4 -0.16, 5 -0.18, 5 -0.18, 
48% 
234 15.12, 2 -0.11, 2 -0.11, 2 -0.11, 2 -0.11, 2 -0.11, 2 -0.11, 2 -0.11, 2 -0.11, 2 -0.11, 2 -0.11, 2 -0.11, 2 -0.11, 2 -0.11, 2 -0.11, 2 -0.11, 2 -0.11, 2 -0.11, 2 -0.11, 2 -0.11, 2 -0.11, 3 -0.14, 3 -0.14, 3 -0.14, 4 -0.16, 5 -0.18, 5 -0.18, 
49% 
230 15.3, 2 -0.11, 2 -0.11, 2 -0.11, 2 -0.11, 2 -0.11, 2 -0.11, 2 -0.11, 2 -0.11, 2 -0.11, 2 -0.11, 2 -0.11, 2 -0.11, 2 -0.11, 2 -0.11, 2 -0.11, 2 -0.11, 2 -0.11, 2 -0.11, 2 -0.11, 3 -0.14, 3 -0.14, 4 -0.16, 5 -0.18, 5 -0.18, 
50% 
239 15.58, 2 -0.11, 2 -0.11, 2 -0.11, 2 -0.11, 2 -0.11, 2 -0.11, 2 -0.11, 2 -0.11, 2 -0.11, 2 -0.11, 2 -0.11, 2 -0.11, 2 -0.11, 2 -0.11, 2 -0.11, 2 -0.11, 2 -0.11, 2 -0.11, 3 -0.14, 3 -0.14, 4 -0.16, 5 -0.18, 5 -0.18, 
51% 
233 15.77, 2 -0.11, 2 -0.11, 2 -0.11, 2 -0.11, 2 -0.11, 2 -0.11, 2 -0.11, 2 -0.11, 2 -0.11, 2 -0.11, 2 -0.11, 2 -0.11, 2 -0.11, 2 -0.11, 2 -0.11, 2 -0.11, 2 -0.11, 3 -0.14, 3 -0.14, 4 -0.16, 5 -0.18, 5 -0.18, 
52% 
229 15.95, 2 -0.11, 2 -0.11, 2 -0.11, 2 -0.11, 2 -0.11, 2 -0.11, 2 -0.11, 2 -0.11, 2 -0.11, 2 -0.11, 2 -0.11, 2 -0.11, 2 -0.11, 2 -0.11, 2 -0.11, 2 -0.11, 2 -0.11, 2 -0.11, 3 -0.14, 3 -0.14, 5 -0.18, 5 -0.18, 
53% 
233 16.35, 2 -0.11, 2 -0.11, 2 -0.11, 2 -0.11, 2 -0.11, 2 -0.11, 2 -0.11, 2 -0.11, 2 -0.11, 2 -0.11, 2 -0.11, 2 -0.11, 2 -0.11, 2 -0.11, 2 -0.11, 2 -0.11, 2 -0.11, 3 -0.14, 3 -0.14, 5 -0.18, 5 -0.18, 
54% 
229 16.54, 2 -0.11, 2 -0.11, 2 -0.11, 2 -0.11, 2 -0.11, 2 -0.11, 2 -0.11, 2 -0.11, 2 -0.11, 2 -0.11, 2 -0.11, 2 -0.11, 2 -0.11, 2 -0.11, 2 -0.11, 2 -0.11, 2 -0.11, 3 -0.14, 3 -0.14, 5 -0.18, 5 -0.18, 
55% 
229 16.54, 2 -0.11, 2 -0.11, 2 -0.11, 2 -0.11, 2 -0.11, 2 -0.11, 2 -0.11, 2 -0.11, 2 -0.11, 2 -0.11, 2 -0.11, 2 -0.11, 2 -0.11, 2 -0.11, 2 -0.11, 3 -0.14, 3 -0.14, 5 -0.18, 5 -0.18, 
56% 
230 17.19, 2 -0.11, 2 -0.11, 2 -0.11, 2 -0.11, 2 -0.11, 2 -0.11, 2 -0.11, 2 -0.11, 2 -0.11, 2 -0.11, 2 -0.11, 2 -0.11, 2 -0.11, 2 -0.11, 2 -0.11, 2 -0.11, 3 -0.14, 5 -0.18, 5 -0.18, 
57% 
229 17.22, 2 -0.11, 2 -0.11, 2 -0.11, 2 -0.11, 2 -0.11, 2 -0.11, 2 -0.11, 2 -0.11, 2 -0.11, 2 -0.11, 2 -0.11, 2 -0.11, 2 -0.11, 2 -0.11, 2 -0.11, 3 -0.14, 5 -0.18, 5 -0.18, 
58% 
229 17.22, 2 -0.11, 2 -0.11, 2 -0.11, 2 -0.11, 2 -0.11, 2 -0.11, 2 -0.11, 2 -0.11, 2 -0.11, 2 -0.11, 2 -0.11, 2 -0.11, 2 -0.11, 2 -0.11, 2 -0.11, 3 -0.14, 4 -0.16, 5 -0.18, 
59% 
229 17.22, 2 -0.11, 2 -0.11, 2 -0.11, 2 -0.11, 2 -0.11, 2 -0.11, 2 -0.11, 2 -0.11, 2 -0.11, 2 -0.11, 2 -0.11, 2 -0.11, 2 -0.11, 2 -0.11, 2 -0.11, 3 -0.14, 4 -0.16, 5 -0.18, 
60% 
229 17.22, 2 -0.11, 2 -0.11, 2 -0.11, 2 -0.11, 2 -0.11, 2 -0.11, 2 -0.11, 2 -0.11, 2 -0.11, 2 -0.11, 2 -0.11, 2 -0.11, 2 -0.11, 2 -0.11, 2 -0.11, 3 -0.14, 4 -0.16, 5 -0.18, 
61% 
224 17.92, 2 -0.11, 2 -0.11, 2 -0.11, 2 -0.11, 2 -0.11, 2 -0.11, 2 -0.11, 2 -0.11, 2 -0.11, 2 -0.11, 2 -0.11, 2 -0.11, 2 -0.11, 2 -0.11, 2 -0.11, 3 -0.14, 3 -0.14, 4 -0.16, 5 -0.18, 
62% 
219 18.1, 2 7.95, 2 -0.11, 2 -0.11, 2 -0.11, 2 -0.11, 2 -0.11, 2 -0.11, 2 -0.11, 2 -0.11, 2 -0.11, 2 -0.11, 2 -0.11, 2 -0.11, 2 -0.11, 2 -0.11, 2 -0.11, 3 -0.14, 3 -0.14, 4 -0.16, 5 -0.18, 
63% 
216 18.27, 2 7.95, 2 -0.11, 2 -0.11, 2 -0.11, 2 -0.11, 2 -0.11, 2 -0.11, 2 -0.11, 2 -0.11, 2 -0.11, 2 -0.11, 2 -0.11, 2 -0.11, 2 -0.11, 2 -0.11, 2 -0.11, 3 -0.14, 3 -0.14, 4 -0.16, 5 -0.18, 
64% 
206 18.88, 2 7.95, 2 -0.11, 2 -0.11, 2 -0.11, 2 -0.11, 2 -0.11, 2 -0.11, 2 -0.11, 2 -0.11, 2 -0.11, 2 -0.11, 2 -0.11, 2 -0.11, 2 -0.11, 2 -0.11, 2 -0.11, 3 -0.14, 3 -0.14, 4 -0.16, 5 -0.18, 
65% 
201 19.06, 2 7.95, 2 -0.11, 2 -0.11, 2 -0.11, 2 -0.11, 2 -0.11, 2 -0.11, 2 -0.11, 2 -0.11, 2 -0.11, 2 -0.11, 2 -0.11, 2 -0.11, 2 -0.11, 2 -0.11, 2 -0.11, 3 -0.14, 3 -0.14, 4 -0.16, 5 -0.18, 
66% 
198 20.01, 2 7.95, 2 -0.11, 2 -0.11, 2 -0.11, 2 -0.11, 2 -0.11, 2 -0.11, 2 -0.11, 2 -0.11, 2 -0.11, 2 -0.11, 2 -0.11, 2 -0.11, 2 -0.11, 2 -0.11, 2 -0.11, 3 -0.14, 3 -0.14, 4 -0.16, 5 -0.18, 
67% 
195 20.25, 2 7.95, 3 5.38, 2 -0.11, 2 -0.11, 2 -0.11, 2 -0.11, 2 -0.11, 2 -0.11, 2 -0.11, 2 -0.11, 2 -0.11, 2 -0.11, 2 -0.11, 2 -0.11, 2 -0.11, 2 -0.11, 2 -0.11, 3 -0.14, 3 -0.14, 4 -0.16, 5 -0.18, 
68% 
199 21.87, 2 7.95, 2 -0.11, 2 -0.11, 2 -0.11, 2 -0.11, 2 -0.11, 2 -0.11, 2 -0.11, 2 -0.11, 2 -0.11, 2 -0.11, 2 -0.11, 2 -0.11, 2 -0.11, 2 -0.11, 3 -0.14, 3 -0.14, 4 -0.16, 5 -0.18, 
69% 
194 22.23, 2 7.95, 2 -0.11, 2 -0.11, 2 -0.11, 2 -0.11, 2 -0.11, 2 -0.11, 2 -0.11, 2 -0.11, 2 -0.11, 2 -0.11, 2 -0.11, 2 -0.11, 2 -0.11, 2 -0.11, 3 -0.14, 3 -0.14, 4 -0.16, 5 -0.18, 
70% 
189 22.55, 2 7.95, 2 -0.11, 2 -0.11, 2 -0.11, 2 -0.11, 2 -0.11, 2 -0.11, 2 -0.11, 2 -0.11, 2 -0.11, 2 -0.11, 2 -0.11, 2 -0.11, 2 -0.11, 2 -0.11, 3 -0.14, 3 -0.14, 4 -0.16, 5 -0.18, 
71% 
185 22.92, 2 7.95, 2 -0.11, 2 -0.11, 2 -0.11, 2 -0.11, 2 -0.11, 2 -0.11, 2 -0.11, 2 -0.11, 2 -0.11, 2 -0.11, 2 -0.11, 2 -0.11, 2 -0.11, 3 -0.14, 3 -0.14, 4 -0.16, 5 -0.18, 
72% 
179 23.45, 2 7.95, 2 -0.11, 2 -0.11, 2 -0.11, 2 -0.11, 2 -0.11, 2 -0.11, 2 -0.11, 2 -0.11, 2 -0.11, 2 -0.11, 2 -0.11, 2 -0.11, 3 -0.14, 3 -0.14, 4 -0.16, 4 -0.16, 
73% 
178 23.57, 2 7.95, 2 -0.11, 2 -0.11, 2 -0.11, 2 -0.11, 2 -0.11, 2 -0.11, 2 -0.11, 2 -0.11, 2 -0.11, 2 -0.11, 2 -0.11, 2 -0.11, 3 -0.14, 3 -0.14, 4 -0.16, 4 -0.16, 
74% 
173 23.93, 2 7.95, 2 -0.11, 2 -0.11, 2 -0.11, 2 -0.11, 2 -0.11, 2 -0.11, 2 -0.11, 2 -0.11, 2 -0.11, 2 -0.11, 2 -0.11, 2 -0.11, 3 -0.14, 3 -0.14, 4 -0.16, 4 -0.16, 
75% 
172 24.03, 2 7.95, 2 -0.11, 2 -0.11, 2 -0.11, 2 -0.11, 2 -0.11, 2 -0.11, 2 -0.11, 2 -0.11, 2 -0.11, 2 -0.11, 2 -0.11, 2 -0.11, 3 -0.14, 3 -0.14, 4 -0.16, 4 -0.16, 
76% 
171 24.1, 2 7.95, 2 -0.11, 2 -0.11, 2 -0.11, 2 -0.11, 2 -0.11, 2 -0.11, 2 -0.11, 2 -0.11, 2 -0.11, 2 -0.11, 2 -0.11, 2 -0.11, 3 -0.14, 3 -0.14, 4 -0.16, 4 -0.16, 
77% 
174 24.93, 2 7.95, 2 -0.11, 2 -0.11, 2 -0.11, 2 -0.11, 2 -0.11, 2 -0.11, 2 -0.11, 2 -0.11, 2 -0.11, 2 -0.11, 2 -0.11, 2 -0.11, 3 -0.14, 3 -0.14, 3 -0.14, 4 -0.16, 
78% 
170 25.2, 2 7.95, 2 -0.11, 2 -0.11, 2 -0.11, 2 -0.11, 2 -0.11, 2 -0.11, 2 -0.11, 2 -0.11, 2 -0.11, 2 -0.11, 2 -0.11, 2 -0.11, 3 -0.14, 3 -0.14, 4 -0.16, 
79% 
168 25.36, 2 7.95, 2 -0.11, 2 -0.11, 2 -0.11, 2 -0.11, 2 -0.11, 2 -0.11, 2 -0.11, 2 -0.11, 2 -0.11, 2 -0.11, 2 -0.11, 2 -0.11, 3 -0.14, 3 -0.14, 4 -0.16, 
80% 
166 25.57, 2 7.95, 2 -0.11, 2 -0.11, 2 -0.11, 2 -0.11, 2 -0.11, 2 -0.11, 2 -0.11, 2 -0.11, 2 -0.11, 2 -0.11, 2 -0.11, 2 -0.11, 3 -0.14, 3 -0.14, 4 -0.16, 
81% 
166 25.57, 2 7.95, 2 -0.11, 2 -0.11, 2 -0.11, 2 -0.11, 2 -0.11, 2 -0.11, 2 -0.11, 2 -0.11, 2 -0.11, 2 -0.11, 2 -0.11, 3 -0.14, 3 -0.14, 4 -0.16, 
82% 
161 25.86, 2 7.95, 3 7.63, 2 -0.11, 2 -0.11, 2 -0.11, 2 -0.11, 2 -0.11, 2 -0.11, 2 -0.11, 2 -0.11, 2 -0.11, 2 -0.11, 2 -0.11, 3 -0.14, 3 -0.14, 4 -0.16, 
83% 
158 26.03, 2 7.95, 3 7.63, 2 -0.11, 2 -0.11, 2 -0.11, 2 -0.11, 2 -0.11, 2 -0.11, 2 -0.11, 2 -0.11, 2 -0.11, 2 -0.11, 3 -0.14, 3 -0.14, 
84% 
154 26.26, 2 7.95, 3 7.63, 2 -0.11, 2 -0.11, 2 -0.11, 2 -0.11, 2 -0.11, 2 -0.11, 2 -0.11, 2 -0.11, 2 -0.11, 2 -0.11, 3 -0.14, 3 -0.14, 
85% 
154 26.26, 2 7.95, 3 7.63, 2 -0.11, 2 -0.11, 2 -0.11, 2 -0.11, 2 -0.11, 2 -0.11, 2 -0.11, 2 -0.11, 2 -0.11, 2 -0.11, 2 -0.11, 3 -0.14, 
86% 
154 26.26, 2 7.95, 3 7.63, 2 -0.11, 2 -0.11, 2 -0.11, 2 -0.11, 2 -0.11, 2 -0.11, 2 -0.11, 2 -0.11, 2 -0.11, 2 -0.11, 2 -0.11, 3 -0.14, 
87% 
154 26.26, 2 7.95, 3 7.63, 2 -0.11, 2 -0.11, 2 -0.11, 2 -0.11, 2 -0.11, 2 -0.11, 2 -0.11, 2 -0.11, 2 -0.11, 2 -0.11, 3 -0.14, 
88% 
154 26.26, 2 7.95, 3 7.63, 2 -0.11, 2 -0.11, 2 -0.11, 2 -0.11, 2 -0.11, 2 -0.11, 2 -0.11, 2 -0.11, 2 -0.11, 2 -0.11, 3 -0.14, 
89% 
154 26.26, 2 7.95, 3 7.63, 2 -0.11, 2 -0.11, 2 -0.11, 2 -0.11, 2 -0.11, 2 -0.11, 2 -0.11, 2 -0.11, 2 -0.11, 2 -0.11, 3 -0.14, 
90% 
154 26.26, 2 9.47, 2 7.95, 2 -0.11, 2 -0.11, 2 -0.11, 2 -0.11, 2 -0.11, 2 -0.11, 2 -0.11, 2 -0.11, 2 -0.11, 3 -0.14, 
91% 
150 26.45, 2 9.47, 2 7.95, 2 -0.11, 2 -0.11, 2 -0.11, 2 -0.11, 2 -0.11, 2 -0.11, 2 -0.11, 2 -0.11, 2 -0.11, 3 -0.14, 
92% 
149 26.49, 2 9.47, 2 7.95, 2 -0.11, 2 -0.11, 2 -0.11, 2 -0.11, 2 -0.11, 2 -0.11, 2 -0.11, 2 -0.11, 2 -0.11, 3 -0.14, 
93% 
147 26.69, 2 9.47, 2 7.95, 2 -0.11, 2 -0.11, 2 -0.11, 2 -0.11, 2 -0.11, 2 -0.11, 2 -0.11, 2 -0.11, 2 -0.11, 3 -0.14, 
94% 
145 26.97, 2 9.47, 2 7.95, 2 -0.11, 2 -0.11, 2 -0.11, 2 -0.11, 2 -0.11, 2 -0.11, 2 -0.11, 2 -0.11, 2 -0.11, 3 -0.14, 
95% 
143 27.21, 2 9.47, 2 7.95, 2 -0.11, 2 -0.11, 2 -0.11, 2 -0.11, 2 -0.11, 2 -0.11, 2 -0.11, 2 -0.11, 2 -0.11, 3 -0.14, 
96% 
140 27.46, 2 9.47, 2 7.95, 2 -0.11, 2 -0.11, 2 -0.11, 2 -0.11, 2 -0.11, 2 -0.11, 2 -0.11, 2 -0.11, 2 -0.11, 3 -0.14, 
97% 
138 27.7, 2 9.47, 2 7.95, 2 -0.11, 2 -0.11, 2 -0.11, 2 -0.11, 2 -0.11, 2 -0.11, 2 -0.11, 2 -0.11, 2 -0.11, 3 -0.14, 
98% 
137 27.83, 2 9.47, 2 7.95, 2 -0.11, 2 -0.11, 2 -0.11, 2 -0.11, 2 -0.11, 2 -0.11, 2 -0.11, 2 -0.11, 2 -0.11, 3 -0.14, 
99% 
135 27.96, 2 9.47, 2 7.95, 2 -0.11, 2 -0.11, 2 -0.11, 2 -0.11, 2 -0.11, 2 -0.11, 2 -0.11, 2 -0.11, 3 -0.14, 
100%
133 28.13, 2 9.47, 2 7.95, 2 -0.11, 2 -0.11, 2 -0.11, 2 -0.11, 2 -0.11, 2 -0.11, 2 -0.11, 3 -0.14, 
