-sif=/home/safia/anaconda3/lib/R/library/pathfindR/extdata/KEGG.sif
-sig=/home/safia/Documents/pathfindR_Results(1)/active_snw_searches/Iteration_6/active_snw_search/input_for_search.txt
-method=SA
-saTemp0=1
-saTemp1=0.01
-saIter=10000
-geneInitProb=0.115555555555556
-gaPop=400
-gaIter=200
-gaThread=5
-gaMut=0
-grMaxDepth=1
-grSearchDepth=1
-grOverlap=0.5
-grSubNum=1000
25 6.49, 251 0.61, 2 -0.09, 2 -0.09, 2 -0.09, 2 -0.09, 2 -0.09, 2 -0.09, 2 -0.09, 2 -0.09, 2 -0.09, 2 -0.09, 2 -0.09, 2 -0.09, 2 -0.09, 3 -0.11, 3 -0.11, 3 -0.11, 3 -0.11, 3 -0.11, 4 -0.13, 4 -0.13, 4 -0.13, 4 -0.13, 5 -0.14, 5 -0.14, 5 -0.14, 6 -0.17, 8 -0.2, 8 -0.2, 9 -0.21, 
Percentage of finished job, node number and score of modules that have more than one node are as follows:
0%
1% 
25 6.49, 248 0.63, 2 -0.09, 2 -0.09, 2 -0.09, 2 -0.09, 2 -0.09, 2 -0.09, 2 -0.09, 2 -0.09, 2 -0.09, 2 -0.09, 2 -0.09, 2 -0.09, 2 -0.09, 3 -0.11, 3 -0.11, 3 -0.11, 3 -0.11, 3 -0.11, 4 -0.13, 4 -0.13, 4 -0.13, 4 -0.13, 4 -0.13, 5 -0.14, 5 -0.14, 6 -0.17, 8 -0.2, 8 -0.2, 8 -0.2, 
2% 
25 6.49, 244 0.67, 2 -0.09, 2 -0.09, 2 -0.09, 2 -0.09, 2 -0.09, 2 -0.09, 2 -0.09, 2 -0.09, 2 -0.09, 2 -0.09, 2 -0.09, 2 -0.09, 2 -0.09, 3 -0.11, 3 -0.11, 3 -0.11, 3 -0.11, 3 -0.11, 4 -0.13, 4 -0.13, 4 -0.13, 4 -0.13, 4 -0.13, 5 -0.14, 5 -0.14, 6 -0.17, 8 -0.2, 8 -0.2, 8 -0.2, 
3% 
24 6.63, 241 0.69, 2 -0.09, 2 -0.09, 2 -0.09, 2 -0.09, 2 -0.09, 2 -0.09, 2 -0.09, 2 -0.09, 2 -0.09, 2 -0.09, 2 -0.09, 2 -0.09, 3 -0.11, 3 -0.11, 3 -0.11, 3 -0.11, 3 -0.11, 4 -0.13, 4 -0.13, 4 -0.13, 4 -0.13, 4 -0.13, 5 -0.14, 5 -0.14, 6 -0.17, 8 -0.2, 8 -0.2, 8 -0.2, 
4% 
24 6.63, 240 0.69, 2 -0.09, 2 -0.09, 2 -0.09, 2 -0.09, 2 -0.09, 2 -0.09, 2 -0.09, 2 -0.09, 2 -0.09, 2 -0.09, 2 -0.09, 2 -0.09, 3 -0.11, 3 -0.11, 3 -0.11, 3 -0.11, 3 -0.11, 4 -0.13, 4 -0.13, 4 -0.13, 4 -0.13, 4 -0.13, 5 -0.14, 5 -0.14, 6 -0.17, 8 -0.2, 8 -0.2, 8 -0.2, 
5% 
22 7.07, 229 0.75, 2 -0.09, 2 -0.09, 2 -0.09, 2 -0.09, 2 -0.09, 2 -0.09, 2 -0.09, 2 -0.09, 2 -0.09, 2 -0.09, 2 -0.09, 2 -0.09, 2 -0.09, 2 -0.09, 3 -0.11, 3 -0.11, 3 -0.11, 4 -0.13, 4 -0.13, 4 -0.13, 4 -0.13, 4 -0.13, 5 -0.14, 5 -0.14, 6 -0.17, 8 -0.2, 8 -0.2, 8 -0.2, 
6% 
22 10.88, 224 0.8, 2 -0.09, 2 -0.09, 2 -0.09, 2 -0.09, 2 -0.09, 2 -0.09, 2 -0.09, 2 -0.09, 2 -0.09, 2 -0.09, 2 -0.09, 2 -0.09, 3 -0.11, 3 -0.11, 3 -0.11, 3 -0.11, 4 -0.13, 4 -0.13, 4 -0.13, 4 -0.13, 4 -0.13, 5 -0.14, 6 -0.17, 8 -0.2, 8 -0.2, 8 -0.2, 
7% 
22 10.88, 222 2.11, 2 -0.09, 2 -0.09, 2 -0.09, 2 -0.09, 2 -0.09, 2 -0.09, 2 -0.09, 2 -0.09, 2 -0.09, 2 -0.09, 2 -0.09, 2 -0.09, 3 -0.11, 3 -0.11, 3 -0.11, 3 -0.11, 4 -0.13, 4 -0.13, 4 -0.13, 4 -0.13, 4 -0.13, 5 -0.14, 6 -0.17, 7 -0.19, 8 -0.2, 8 -0.2, 
8% 
22 10.88, 215 2.17, 2 -0.09, 2 -0.09, 2 -0.09, 2 -0.09, 2 -0.09, 2 -0.09, 2 -0.09, 2 -0.09, 2 -0.09, 2 -0.09, 2 -0.09, 2 -0.09, 2 -0.09, 3 -0.11, 3 -0.11, 3 -0.11, 3 -0.11, 3 -0.11, 4 -0.13, 4 -0.13, 4 -0.13, 4 -0.13, 5 -0.14, 5 -0.14, 6 -0.17, 6 -0.17, 8 -0.2, 
9% 
22 10.88, 207 2.23, 2 -0.09, 2 -0.09, 2 -0.09, 2 -0.09, 2 -0.09, 2 -0.09, 2 -0.09, 2 -0.09, 2 -0.09, 2 -0.09, 2 -0.09, 2 -0.09, 3 -0.11, 3 -0.11, 3 -0.11, 3 -0.11, 3 -0.11, 4 -0.13, 4 -0.13, 4 -0.13, 4 -0.13, 5 -0.14, 5 -0.14, 5 -0.14, 6 -0.17, 8 -0.2, 
10% 
21 11.02, 203 2.28, 2 -0.09, 2 -0.09, 2 -0.09, 2 -0.09, 2 -0.09, 2 -0.09, 2 -0.09, 2 -0.09, 2 -0.09, 2 -0.09, 2 -0.09, 3 -0.11, 3 -0.11, 3 -0.11, 3 -0.11, 3 -0.11, 4 -0.13, 4 -0.13, 4 -0.13, 4 -0.13, 5 -0.14, 5 -0.14, 5 -0.14, 6 -0.17, 8 -0.2, 
11% 
21 11.02, 201 2.3, 2 -0.09, 2 -0.09, 2 -0.09, 2 -0.09, 2 -0.09, 2 -0.09, 2 -0.09, 2 -0.09, 2 -0.09, 2 -0.09, 2 -0.09, 3 -0.11, 3 -0.11, 3 -0.11, 3 -0.11, 3 -0.11, 4 -0.13, 4 -0.13, 4 -0.13, 4 -0.13, 5 -0.14, 5 -0.14, 5 -0.14, 6 -0.17, 8 -0.2, 
12% 
20 11.21, 192 2.38, 2 -0.09, 2 -0.09, 2 -0.09, 2 -0.09, 2 -0.09, 2 -0.09, 2 -0.09, 2 -0.09, 2 -0.09, 3 -0.11, 3 -0.11, 3 -0.11, 3 -0.11, 3 -0.11, 4 -0.13, 4 -0.13, 4 -0.13, 4 -0.13, 5 -0.14, 5 -0.14, 5 -0.14, 6 -0.17, 8 -0.2, 
13% 
20 11.21, 190 2.4, 2 -0.09, 2 -0.09, 2 -0.09, 2 -0.09, 2 -0.09, 2 -0.09, 2 -0.09, 2 -0.09, 2 -0.09, 3 -0.11, 3 -0.11, 3 -0.11, 3 -0.11, 3 -0.11, 4 -0.13, 4 -0.13, 4 -0.13, 4 -0.13, 5 -0.14, 5 -0.14, 5 -0.14, 6 -0.17, 8 -0.2, 
14% 
18 11.64, 187 2.46, 2 -0.09, 2 -0.09, 2 -0.09, 2 -0.09, 2 -0.09, 2 -0.09, 2 -0.09, 2 -0.09, 2 -0.09, 3 -0.11, 3 -0.11, 3 -0.11, 3 -0.11, 3 -0.11, 4 -0.13, 4 -0.13, 4 -0.13, 5 -0.14, 5 -0.14, 5 -0.14, 6 -0.17, 8 -0.2, 
15% 
18 11.64, 183 3.5, 2 -0.09, 2 -0.09, 2 -0.09, 2 -0.09, 2 -0.09, 2 -0.09, 2 -0.09, 2 -0.09, 2 -0.09, 2 -0.09, 3 -0.11, 3 -0.11, 3 -0.11, 3 -0.11, 4 -0.13, 4 -0.13, 4 -0.13, 4 -0.13, 5 -0.14, 5 -0.14, 6 -0.17, 8 -0.2, 
16% 
18 11.64, 180 3.56, 2 -0.09, 2 -0.09, 2 -0.09, 2 -0.09, 2 -0.09, 2 -0.09, 2 -0.09, 2 -0.09, 2 -0.09, 2 -0.09, 3 -0.11, 3 -0.11, 4 -0.13, 4 -0.13, 4 -0.13, 4 -0.13, 5 -0.14, 5 -0.14, 6 -0.17, 8 -0.2, 
17% 
18 11.64, 178 3.6, 2 -0.09, 2 -0.09, 2 -0.09, 2 -0.09, 2 -0.09, 2 -0.09, 2 -0.09, 2 -0.09, 2 -0.09, 2 -0.09, 3 -0.11, 3 -0.11, 3 -0.11, 4 -0.13, 4 -0.13, 4 -0.13, 5 -0.14, 5 -0.14, 6 -0.17, 8 -0.2, 
18% 
18 11.64, 174 3.68, 2 -0.09, 2 -0.09, 2 -0.09, 2 -0.09, 2 -0.09, 2 -0.09, 2 -0.09, 2 -0.09, 2 -0.09, 2 -0.09, 3 -0.11, 3 -0.11, 4 -0.13, 4 -0.13, 4 -0.13, 5 -0.14, 5 -0.14, 6 -0.17, 8 -0.2, 
19% 
17 12.09, 2 9.47, 171 3.73, 2 -0.09, 2 -0.09, 2 -0.09, 2 -0.09, 2 -0.09, 2 -0.09, 2 -0.09, 2 -0.09, 2 -0.09, 3 -0.11, 3 -0.11, 4 -0.13, 4 -0.13, 4 -0.13, 5 -0.14, 5 -0.14, 6 -0.17, 8 -0.2, 
20% 
17 12.09, 2 9.47, 167 3.8, 2 -0.09, 2 -0.09, 2 -0.09, 2 -0.09, 2 -0.09, 2 -0.09, 2 -0.09, 2 -0.09, 3 -0.11, 3 -0.11, 4 -0.13, 4 -0.13, 4 -0.13, 5 -0.14, 5 -0.14, 6 -0.17, 8 -0.2, 
21% 
17 12.09, 2 9.47, 166 3.84, 2 -0.09, 2 -0.09, 2 -0.09, 2 -0.09, 2 -0.09, 2 -0.09, 2 -0.09, 2 -0.09, 3 -0.11, 3 -0.11, 4 -0.13, 4 -0.13, 4 -0.13, 5 -0.14, 5 -0.14, 6 -0.17, 8 -0.2, 
22% 
17 12.09, 2 9.47, 161 3.92, 2 -0.09, 2 -0.09, 2 -0.09, 2 -0.09, 2 -0.09, 2 -0.09, 2 -0.09, 2 -0.09, 2 -0.09, 3 -0.11, 4 -0.13, 4 -0.13, 4 -0.13, 5 -0.14, 5 -0.14, 5 -0.14, 6 -0.17, 
23% 
16 12.68, 2 9.47, 159 3.96, 2 -0.09, 2 -0.09, 2 -0.09, 2 -0.09, 2 -0.09, 2 -0.09, 2 -0.09, 2 -0.09, 2 -0.09, 3 -0.11, 4 -0.13, 4 -0.13, 4 -0.13, 5 -0.14, 5 -0.14, 5 -0.14, 6 -0.17, 
24% 
16 12.68, 2 9.47, 2 9.47, 152 4.11, 2 -0.09, 2 -0.09, 2 -0.09, 2 -0.09, 2 -0.09, 2 -0.09, 2 -0.09, 2 -0.09, 2 -0.09, 2 -0.09, 3 -0.11, 3 -0.11, 4 -0.13, 4 -0.13, 4 -0.13, 5 -0.14, 5 -0.14, 6 -0.17, 
25% 
16 12.68, 2 9.47, 2 9.47, 147 4.2, 2 -0.09, 2 -0.09, 2 -0.09, 2 -0.09, 2 -0.09, 2 -0.09, 2 -0.09, 2 -0.09, 2 -0.09, 2 -0.09, 3 -0.11, 3 -0.11, 4 -0.13, 4 -0.13, 4 -0.13, 5 -0.14, 5 -0.14, 5 -0.14, 
26% 
16 12.68, 2 9.47, 2 9.47, 141 4.34, 2 -0.09, 2 -0.09, 2 -0.09, 2 -0.09, 2 -0.09, 2 -0.09, 2 -0.09, 2 -0.09, 3 -0.11, 3 -0.11, 3 -0.11, 4 -0.13, 4 -0.13, 4 -0.13, 5 -0.14, 5 -0.14, 
27% 
16 12.68, 2 9.47, 2 9.47, 134 4.48, 2 -0.09, 2 -0.09, 2 -0.09, 2 -0.09, 2 -0.09, 2 -0.09, 2 -0.09, 2 -0.09, 3 -0.11, 3 -0.11, 3 -0.11, 4 -0.13, 4 -0.13, 4 -0.13, 4 -0.13, 5 -0.14, 5 -0.14, 
28% 
16 12.68, 2 9.47, 2 9.47, 3 8.26, 130 4.56, 2 -0.09, 2 -0.09, 2 -0.09, 2 -0.09, 2 -0.09, 2 -0.09, 2 -0.09, 2 -0.09, 3 -0.11, 3 -0.11, 3 -0.11, 4 -0.13, 4 -0.13, 4 -0.13, 4 -0.13, 5 -0.14, 5 -0.14, 
29% 
16 12.68, 2 9.47, 2 9.47, 3 8.26, 123 4.72, 2 -0.09, 2 -0.09, 2 -0.09, 2 -0.09, 2 -0.09, 2 -0.09, 2 -0.09, 2 -0.09, 3 -0.11, 3 -0.11, 3 -0.11, 4 -0.13, 4 -0.13, 4 -0.13, 4 -0.13, 5 -0.14, 
30% 
17 14.59, 2 9.47, 2 9.47, 3 8.26, 119 4.82, 2 -0.09, 2 -0.09, 2 -0.09, 2 -0.09, 2 -0.09, 2 -0.09, 2 -0.09, 3 -0.11, 3 -0.11, 3 -0.11, 4 -0.13, 4 -0.13, 4 -0.13, 4 -0.13, 5 -0.14, 
31% 
17 14.59, 2 9.47, 2 9.47, 3 8.26, 118 4.86, 2 -0.09, 2 -0.09, 2 -0.09, 2 -0.09, 2 -0.09, 2 -0.09, 2 -0.09, 2 -0.09, 3 -0.11, 3 -0.11, 4 -0.13, 4 -0.13, 4 -0.13, 5 -0.14, 
32% 
17 14.59, 2 9.47, 2 9.47, 3 8.26, 117 4.88, 2 -0.09, 2 -0.09, 2 -0.09, 2 -0.09, 2 -0.09, 2 -0.09, 2 -0.09, 3 -0.11, 3 -0.11, 4 -0.13, 4 -0.13, 4 -0.13, 5 -0.14, 
33% 
17 14.59, 2 9.47, 2 9.47, 3 8.26, 137 5.2, 2 -0.09, 2 -0.09, 2 -0.09, 2 -0.09, 2 -0.09, 2 -0.09, 2 -0.09, 3 -0.11, 3 -0.11, 4 -0.13, 4 -0.13, 4 -0.13, 5 -0.14, 
34% 
17 14.59, 2 9.47, 2 9.47, 3 8.26, 136 5.22, 2 -0.09, 2 -0.09, 2 -0.09, 2 -0.09, 2 -0.09, 2 -0.09, 2 -0.09, 3 -0.11, 3 -0.11, 4 -0.13, 4 -0.13, 4 -0.13, 5 -0.14, 
35% 
16 15.29, 2 9.47, 2 9.47, 3 8.26, 135 5.25, 2 -0.09, 2 -0.09, 2 -0.09, 2 -0.09, 2 -0.09, 2 -0.09, 2 -0.09, 3 -0.11, 3 -0.11, 4 -0.13, 4 -0.13, 4 -0.13, 5 -0.14, 
36% 
15 16.01, 2 9.47, 2 9.47, 3 8.26, 147 6.14, 2 -0.09, 2 -0.09, 2 -0.09, 2 -0.09, 2 -0.09, 2 -0.09, 2 -0.09, 3 -0.11, 4 -0.13, 4 -0.13, 4 -0.13, 5 -0.14, 
37% 
14 16.63, 2 9.47, 2 9.47, 3 8.26, 144 6.21, 2 -0.09, 2 -0.09, 2 -0.09, 2 -0.09, 2 -0.09, 2 -0.09, 2 -0.09, 3 -0.11, 4 -0.13, 4 -0.13, 4 -0.13, 5 -0.14, 
38% 
14 16.63, 2 9.47, 2 9.47, 3 8.26, 144 6.21, 2 -0.09, 2 -0.09, 2 -0.09, 2 -0.09, 2 -0.09, 2 -0.09, 4 -0.13, 4 -0.13, 4 -0.13, 5 -0.14, 
39% 
14 16.63, 2 9.47, 2 9.47, 3 8.26, 144 7.67, 2 -0.09, 2 -0.09, 2 -0.09, 2 -0.09, 2 -0.09, 2 -0.09, 4 -0.13, 4 -0.13, 4 -0.13, 5 -0.14, 
40% 
14 16.63, 2 9.47, 2 9.47, 139 8.74, 3 8.26, 2 -0.09, 2 -0.09, 2 -0.09, 2 -0.09, 2 -0.09, 2 -0.09, 4 -0.13, 4 -0.13, 4 -0.13, 5 -0.14, 
41% 
14 16.63, 163 10.52, 2 9.47, 3 8.26, 2 -0.09, 2 -0.09, 2 -0.09, 2 -0.09, 2 -0.09, 4 -0.13, 4 -0.13, 4 -0.13, 5 -0.14, 
42% 
14 16.63, 162 11.4, 3 8.26, 2 -0.09, 2 -0.09, 2 -0.09, 2 -0.09, 2 -0.09, 3 -0.11, 4 -0.13, 4 -0.13, 5 -0.14, 
43% 
14 16.63, 161 11.44, 3 8.26, 2 -0.09, 2 -0.09, 2 -0.09, 2 -0.09, 2 -0.09, 3 -0.11, 4 -0.13, 4 -0.13, 5 -0.14, 
44% 
14 16.63, 160 11.52, 3 8.26, 2 -0.09, 2 -0.09, 2 -0.09, 2 -0.09, 2 -0.09, 3 -0.11, 4 -0.13, 4 -0.13, 5 -0.14, 
45% 
13 17.4, 156 13.26, 3 8.26, 2 -0.09, 2 -0.09, 2 -0.09, 2 -0.09, 2 -0.09, 3 -0.11, 3 -0.11, 4 -0.13, 4 -0.13, 
46% 
13 17.4, 153 13.42, 3 8.26, 2 -0.09, 2 -0.09, 2 -0.09, 2 -0.09, 2 -0.09, 3 -0.11, 3 -0.11, 4 -0.13, 4 -0.13, 
47% 
12 18.35, 152 13.47, 3 8.26, 2 -0.09, 2 -0.09, 2 -0.09, 2 -0.09, 3 -0.11, 3 -0.11, 4 -0.13, 4 -0.13, 
48% 
11 19.7, 152 13.47, 3 8.26, 2 -0.09, 2 -0.09, 2 -0.09, 2 -0.09, 3 -0.11, 3 -0.11, 4 -0.13, 4 -0.13, 
49% 
10 21.13, 152 13.47, 3 8.83, 3 8.26, 2 -0.09, 2 -0.09, 2 -0.09, 3 -0.11, 3 -0.11, 4 -0.13, 4 -0.13, 
50% 
10 21.13, 152 13.47, 3 8.83, 3 8.26, 2 -0.09, 2 -0.09, 2 -0.09, 3 -0.11, 3 -0.11, 4 -0.13, 4 -0.13, 
51% 
10 21.13, 152 13.47, 3 8.83, 3 8.26, 2 -0.09, 2 -0.09, 2 -0.09, 3 -0.11, 3 -0.11, 4 -0.13, 4 -0.13, 
52% 
9 22.04, 152 14.3, 3 8.83, 3 8.26, 2 -0.09, 2 -0.09, 2 -0.09, 3 -0.11, 4 -0.13, 4 -0.13, 
53% 
9 22.04, 152 14.3, 3 8.83, 3 8.26, 2 -0.09, 2 -0.09, 2 -0.09, 3 -0.11, 4 -0.13, 4 -0.13, 
54% 
9 22.04, 152 14.3, 3 8.83, 3 8.26, 2 -0.09, 2 -0.09, 3 -0.11, 4 -0.13, 4 -0.13, 
55% 
9 22.04, 145 14.62, 3 8.83, 3 8.26, 2 -0.09, 2 -0.09, 3 -0.11, 4 -0.13, 4 -0.13, 5 -0.14, 
56% 
9 22.04, 143 14.73, 3 8.83, 3 8.26, 2 -0.09, 2 -0.09, 3 -0.11, 4 -0.13, 4 -0.13, 5 -0.14, 
57% 
11 25.01, 142 14.83, 3 8.83, 3 8.26, 2 -0.09, 3 -0.11, 4 -0.13, 4 -0.13, 5 -0.14, 
58% 
11 25.01, 139 14.99, 3 8.83, 3 8.26, 2 -0.09, 3 -0.11, 4 -0.13, 4 -0.13, 5 -0.14, 
59% 
11 25.01, 134 15.29, 2 11.71, 2 10.96, 2 -0.09, 3 -0.11, 3 -0.11, 4 -0.13, 4 -0.13, 5 -0.14, 
60% 
11 25.01, 134 15.29, 2 11.71, 2 10.96, 2 -0.09, 3 -0.11, 3 -0.11, 4 -0.13, 4 -0.13, 5 -0.14, 
61% 
11 25.01, 132 15.37, 2 11.71, 2 10.96, 2 -0.09, 3 -0.11, 3 -0.11, 4 -0.13, 4 -0.13, 5 -0.14, 
62% 
10 26.81, 131 15.46, 2 11.71, 2 10.96, 2 -0.09, 3 -0.11, 3 -0.11, 4 -0.13, 4 -0.13, 5 -0.14, 
63% 
10 26.81, 129 15.53, 2 11.71, 2 10.96, 2 -0.09, 3 -0.11, 3 -0.11, 4 -0.13, 4 -0.13, 5 -0.14, 
64% 
10 26.81, 130 16.55, 2 11.71, 2 -0.09, 3 -0.11, 3 -0.11, 4 -0.13, 4 -0.13, 5 -0.14, 
65% 
10 26.81, 128 16.65, 2 11.71, 2 -0.09, 3 -0.11, 3 -0.11, 4 -0.13, 4 -0.13, 5 -0.14, 
66% 
10 26.81, 124 16.94, 2 11.71, 2 -0.09, 3 -0.11, 3 -0.11, 4 -0.13, 4 -0.13, 5 -0.14, 
67% 
10 26.81, 124 16.94, 2 11.71, 2 -0.09, 3 -0.11, 3 -0.11, 4 -0.13, 4 -0.13, 5 -0.14, 
68% 
10 26.81, 123 17.01, 2 11.71, 2 -0.09, 3 -0.11, 3 -0.11, 3 -0.11, 4 -0.13, 5 -0.14, 
69% 
10 26.81, 122 17.07, 2 11.71, 2 -0.09, 3 -0.11, 3 -0.11, 3 -0.11, 4 -0.13, 5 -0.14, 
70% 
10 26.81, 120 17.2, 2 11.71, 2 -0.09, 3 -0.11, 3 -0.11, 3 -0.11, 4 -0.13, 5 -0.14, 
71% 
10 26.81, 117 17.46, 2 11.71, 2 -0.09, 3 -0.11, 3 -0.11, 3 -0.11, 4 -0.13, 5 -0.14, 
72% 
10 26.81, 127 17.89, 2 -0.09, 3 -0.11, 3 -0.11, 3 -0.11, 4 -0.13, 5 -0.14, 
73% 
10 26.81, 127 17.89, 2 -0.09, 2 -0.09, 3 -0.11, 3 -0.11, 4 -0.13, 5 -0.14, 
74% 
10 26.81, 125 18.02, 2 -0.09, 2 -0.09, 3 -0.11, 3 -0.11, 4 -0.13, 5 -0.14, 
75% 
10 26.81, 125 18.02, 3 10.08, 2 -0.09, 2 -0.09, 3 -0.11, 3 -0.11, 4 -0.13, 5 -0.14, 
76% 
10 26.81, 125 18.02, 3 10.08, 2 -0.09, 2 -0.09, 3 -0.11, 3 -0.11, 4 -0.13, 5 -0.14, 
77% 
10 26.81, 124 18.1, 3 10.08, 2 -0.09, 2 -0.09, 3 -0.11, 3 -0.11, 3 -0.11, 5 -0.14, 
78% 
10 26.81, 124 19.04, 3 10.08, 2 -0.09, 2 -0.09, 3 -0.11, 3 -0.11, 3 -0.11, 5 -0.14, 
79% 
10 26.81, 110 19.57, 3 10.08, 2 -0.09, 2 -0.09, 3 -0.11, 3 -0.11, 3 -0.11, 5 -0.14, 
80% 
10 26.81, 110 19.57, 3 10.08, 2 -0.09, 2 -0.09, 2 -0.09, 3 -0.11, 3 -0.11, 5 -0.14, 
81% 
10 26.81, 108 20.59, 3 10.08, 2 -0.09, 2 -0.09, 2 -0.09, 3 -0.11, 3 -0.11, 5 -0.14, 
82% 
10 26.81, 107 20.63, 3 10.08, 2 -0.09, 2 -0.09, 2 -0.09, 3 -0.11, 3 -0.11, 5 -0.14, 
83% 
10 26.81, 106 20.69, 3 10.08, 2 -0.09, 2 -0.09, 3 -0.11, 3 -0.11, 5 -0.14, 
84% 
10 26.81, 106 20.69, 3 10.08, 2 -0.09, 2 -0.09, 3 -0.11, 3 -0.11, 5 -0.14, 
85% 
10 26.81, 105 20.82, 3 10.08, 2 -0.09, 2 -0.09, 3 -0.11, 3 -0.11, 5 -0.14, 
86% 
10 26.81, 102 21.11, 3 10.08, 2 -0.09, 2 -0.09, 3 -0.11, 3 -0.11, 5 -0.14, 
87% 
10 26.81, 102 21.11, 3 10.08, 2 -0.09, 2 -0.09, 2 -0.09, 3 -0.11, 5 -0.14, 
88% 
10 26.81, 101 21.26, 3 10.08, 2 -0.09, 2 -0.09, 2 -0.09, 3 -0.11, 5 -0.14, 
89% 
10 26.81, 99 21.45, 3 10.08, 2 -0.09, 2 -0.09, 2 -0.09, 3 -0.11, 5 -0.14, 
90% 
110 27.56, 2 13.37, 2 -0.09, 2 -0.09, 2 -0.09, 3 -0.11, 5 -0.14, 
91% 
108 27.77, 2 13.37, 2 -0.09, 2 -0.09, 2 -0.09, 3 -0.11, 5 -0.14, 
92% 
104 28.19, 2 13.37, 2 10.96, 2 -0.09, 2 -0.09, 2 -0.09, 3 -0.11, 5 -0.14, 
93% 
103 28.26, 2 13.37, 2 10.96, 2 -0.09, 2 -0.09, 2 -0.09, 3 -0.11, 5 -0.14, 
94% 
101 28.65, 2 13.37, 2 10.96, 2 -0.09, 2 -0.09, 2 -0.09, 3 -0.11, 5 -0.14, 
95% 
101 28.65, 2 13.37, 2 10.96, 2 -0.09, 2 -0.09, 2 -0.09, 3 -0.11, 5 -0.14, 
96% 
101 28.65, 2 13.37, 2 10.96, 2 -0.09, 2 -0.09, 3 -0.11, 5 -0.14, 
97% 
100 28.69, 2 13.37, 2 10.96, 2 -0.09, 2 -0.09, 3 -0.11, 5 -0.14, 
98% 
99 28.9, 2 13.37, 2 10.96, 2 -0.09, 2 -0.09, 3 -0.11, 5 -0.14, 
99% 
97 29, 2 13.37, 2 11.23, 2 10.96, 2 -0.09, 2 -0.09, 3 -0.11, 4 -0.13, 
100%
97 29, 2 13.37, 2 11.23, 2 10.96, 2 -0.09, 2 -0.09, 3 -0.11, 4 -0.13, 
