-sif=/home/safia/anaconda3/lib/R/library/pathfindR/extdata/KEGG.sif
-sig=/home/safia/Documents/pathfindR_Results(2)/active_snw_searches/Iteration_10/active_snw_search/input_for_search.txt
-method=SA
-saTemp0=1
-saTemp1=0.01
-saIter=10000
-geneInitProb=0.2
-gaPop=400
-gaIter=200
-gaThread=5
-gaMut=0
-grMaxDepth=1
-grSearchDepth=1
-grOverlap=0.5
-grSubNum=1000
7 2.48, 3 1.53, 6 1.13, 4 1.04, 8 0.91, 6 0.67, 9 0.31, 572 0.05, 2 -0.36, 2 -0.36, 2 -0.36, 2 -0.36, 2 -0.36, 2 -0.36, 2 -0.36, 2 -0.36, 2 -0.36, 2 -0.36, 2 -0.36, 2 -0.36, 2 -0.36, 2 -0.36, 2 -0.36, 2 -0.36, 2 -0.36, 2 -0.36, 3 -0.44, 3 -0.44, 3 -0.44, 3 -0.44, 3 -0.44, 3 -0.44, 3 -0.44, 3 -0.44, 4 -0.5, 4 -0.5, 4 -0.5, 4 -0.5, 5 -0.55, 5 -0.55, 5 -0.55, 6 -0.61, 7 -0.65, 7 -0.65, 8 -0.7, 11 -0.82, 12 -0.86, 
Percentage of finished job, node number and score of modules that have more than one node are as follows:
0%
1% 
7 2.48, 8 1.57, 3 1.53, 5 1.29, 4 1.04, 5 0.92, 8 0.91, 571 0.73, 9 0.31, 2 -0.36, 2 -0.36, 2 -0.36, 2 -0.36, 2 -0.36, 2 -0.36, 2 -0.36, 2 -0.36, 2 -0.36, 2 -0.36, 2 -0.36, 2 -0.36, 2 -0.36, 2 -0.36, 2 -0.36, 2 -0.36, 2 -0.36, 2 -0.36, 2 -0.36, 3 -0.44, 3 -0.44, 3 -0.44, 3 -0.44, 3 -0.44, 3 -0.44, 3 -0.44, 3 -0.44, 4 -0.5, 4 -0.5, 5 -0.55, 5 -0.55, 5 -0.55, 6 -0.61, 6 -0.61, 7 -0.65, 8 -0.7, 10 -0.78, 11 -0.82, 
2% 
7 2.48, 8 1.57, 3 1.53, 572 1.41, 5 1.29, 5 0.92, 8 0.91, 9 0.31, 2 -0.36, 2 -0.36, 2 -0.36, 2 -0.36, 2 -0.36, 2 -0.36, 2 -0.36, 2 -0.36, 2 -0.36, 2 -0.36, 2 -0.36, 2 -0.36, 2 -0.36, 2 -0.36, 2 -0.36, 2 -0.36, 2 -0.36, 2 -0.36, 2 -0.36, 3 -0.44, 3 -0.44, 3 -0.44, 3 -0.44, 3 -0.44, 3 -0.44, 3 -0.44, 3 -0.44, 4 -0.5, 4 -0.5, 5 -0.55, 5 -0.55, 5 -0.55, 5 -0.55, 6 -0.61, 7 -0.65, 8 -0.7, 10 -0.78, 11 -0.82, 
3% 
574 2.72, 7 2.48, 8 1.57, 3 1.53, 5 1.29, 5 0.92, 9 0.31, 2 -0.36, 2 -0.36, 2 -0.36, 2 -0.36, 2 -0.36, 2 -0.36, 2 -0.36, 2 -0.36, 2 -0.36, 2 -0.36, 2 -0.36, 2 -0.36, 2 -0.36, 2 -0.36, 2 -0.36, 2 -0.36, 2 -0.36, 2 -0.36, 3 -0.44, 3 -0.44, 3 -0.44, 3 -0.44, 3 -0.44, 3 -0.44, 3 -0.44, 3 -0.44, 4 -0.5, 4 -0.5, 4 -0.5, 5 -0.55, 5 -0.55, 5 -0.55, 6 -0.61, 7 -0.65, 7 -0.65, 10 -0.78, 11 -0.82, 
4% 
574 3.71, 7 2.48, 2 2.45, 8 1.57, 3 1.53, 9 1.39, 5 1.29, 4 1.15, 2 -0.36, 2 -0.36, 2 -0.36, 2 -0.36, 2 -0.36, 2 -0.36, 2 -0.36, 2 -0.36, 2 -0.36, 2 -0.36, 2 -0.36, 2 -0.36, 2 -0.36, 2 -0.36, 2 -0.36, 2 -0.36, 2 -0.36, 3 -0.44, 3 -0.44, 3 -0.44, 3 -0.44, 3 -0.44, 3 -0.44, 3 -0.44, 3 -0.44, 4 -0.5, 4 -0.5, 4 -0.5, 5 -0.55, 5 -0.55, 5 -0.55, 6 -0.61, 7 -0.65, 7 -0.65, 9 -0.73, 11 -0.82, 
5% 
558 4.23, 7 2.48, 2 2.45, 8 1.57, 3 1.53, 9 1.39, 6 1.2, 4 1.15, 5 0.74, 2 -0.36, 2 -0.36, 2 -0.36, 2 -0.36, 2 -0.36, 2 -0.36, 2 -0.36, 2 -0.36, 2 -0.36, 2 -0.36, 2 -0.36, 2 -0.36, 2 -0.36, 2 -0.36, 2 -0.36, 2 -0.36, 2 -0.36, 3 -0.44, 3 -0.44, 3 -0.44, 3 -0.44, 3 -0.44, 3 -0.44, 3 -0.44, 3 -0.44, 3 -0.44, 4 -0.5, 4 -0.5, 5 -0.55, 5 -0.55, 5 -0.55, 6 -0.61, 7 -0.65, 7 -0.65, 9 -0.73, 11 -0.82, 
6% 
559 5.33, 2 3.23, 7 2.48, 2 2.45, 17 1.98, 2 1.79, 8 1.53, 3 1.53, 4 1.15, 5 0.74, 2 -0.36, 2 -0.36, 2 -0.36, 2 -0.36, 2 -0.36, 2 -0.36, 2 -0.36, 2 -0.36, 2 -0.36, 2 -0.36, 2 -0.36, 2 -0.36, 2 -0.36, 2 -0.36, 2 -0.36, 2 -0.36, 2 -0.36, 2 -0.36, 3 -0.44, 3 -0.44, 3 -0.44, 3 -0.44, 3 -0.44, 3 -0.44, 3 -0.44, 3 -0.44, 4 -0.5, 4 -0.5, 5 -0.55, 5 -0.55, 5 -0.55, 6 -0.61, 7 -0.65, 9 -0.73, 11 -0.82, 
7% 
552 5.64, 2 3.23, 7 2.48, 2 2.45, 2 1.79, 8 1.53, 3 1.53, 4 1.47, 15 1.38, 4 1.15, 5 0.74, 2 -0.36, 2 -0.36, 2 -0.36, 2 -0.36, 2 -0.36, 2 -0.36, 2 -0.36, 2 -0.36, 2 -0.36, 2 -0.36, 2 -0.36, 2 -0.36, 2 -0.36, 2 -0.36, 2 -0.36, 2 -0.36, 2 -0.36, 3 -0.44, 3 -0.44, 3 -0.44, 3 -0.44, 3 -0.44, 3 -0.44, 3 -0.44, 3 -0.44, 3 -0.44, 4 -0.5, 5 -0.55, 5 -0.55, 6 -0.61, 7 -0.65, 9 -0.73, 11 -0.82, 
8% 
531 5.71, 2 5.67, 2 3.23, 7 2.48, 2 2.45, 2 1.79, 8 1.53, 3 1.53, 4 1.47, 15 1.38, 4 1.15, 5 0.74, 2 -0.36, 2 -0.36, 2 -0.36, 2 -0.36, 2 -0.36, 2 -0.36, 2 -0.36, 2 -0.36, 2 -0.36, 2 -0.36, 2 -0.36, 2 -0.36, 2 -0.36, 2 -0.36, 2 -0.36, 2 -0.36, 3 -0.44, 3 -0.44, 3 -0.44, 3 -0.44, 3 -0.44, 3 -0.44, 3 -0.44, 3 -0.44, 3 -0.44, 4 -0.5, 5 -0.55, 5 -0.55, 5 -0.55, 6 -0.61, 7 -0.65, 9 -0.73, 11 -0.82, 
9% 
2 5.67, 20 5.04, 491 4.91, 2 3.23, 4 2.53, 7 2.48, 2 2.45, 2 2.3, 2 1.79, 8 1.53, 3 1.53, 4 1.47, 4 1.42, 15 1.38, 6 1.2, 4 1.15, 5 0.74, 2 -0.36, 2 -0.36, 2 -0.36, 2 -0.36, 2 -0.36, 2 -0.36, 2 -0.36, 2 -0.36, 2 -0.36, 2 -0.36, 2 -0.36, 2 -0.36, 2 -0.36, 2 -0.36, 3 -0.44, 3 -0.44, 3 -0.44, 3 -0.44, 3 -0.44, 3 -0.44, 3 -0.44, 3 -0.44, 3 -0.44, 5 -0.55, 5 -0.55, 5 -0.55, 6 -0.61, 7 -0.65, 8 -0.7, 8 -0.7, 
10% 
537 7.28, 2 5.67, 2 3.23, 7 2.48, 2 2.45, 2 1.79, 3 1.53, 4 1.47, 4 1.42, 15 1.38, 6 1.2, 4 1.15, 5 0.74, 2 -0.36, 2 -0.36, 2 -0.36, 2 -0.36, 2 -0.36, 2 -0.36, 2 -0.36, 2 -0.36, 2 -0.36, 2 -0.36, 2 -0.36, 3 -0.44, 3 -0.44, 3 -0.44, 3 -0.44, 3 -0.44, 3 -0.44, 3 -0.44, 3 -0.44, 3 -0.44, 5 -0.55, 5 -0.55, 5 -0.55, 6 -0.61, 7 -0.65, 7 -0.65, 8 -0.7, 
11% 
535 8.07, 2 5.67, 2 3.23, 7 2.48, 2 2.45, 2 1.79, 3 1.7, 3 1.53, 4 1.47, 4 1.42, 6 1.2, 4 1.15, 5 0.74, 2 -0.36, 2 -0.36, 2 -0.36, 2 -0.36, 2 -0.36, 2 -0.36, 2 -0.36, 2 -0.36, 2 -0.36, 2 -0.36, 2 -0.36, 2 -0.36, 2 -0.36, 3 -0.44, 3 -0.44, 3 -0.44, 3 -0.44, 3 -0.44, 3 -0.44, 3 -0.44, 3 -0.44, 4 -0.5, 5 -0.55, 5 -0.55, 6 -0.61, 7 -0.65, 7 -0.65, 7 -0.65, 
12% 
519 8.28, 2 5.67, 2 3.23, 6 2.7, 2 2.45, 2 1.79, 3 1.7, 3 1.53, 4 1.47, 4 1.42, 6 1.2, 4 1.15, 5 0.74, 2 -0.36, 2 -0.36, 2 -0.36, 2 -0.36, 2 -0.36, 2 -0.36, 2 -0.36, 2 -0.36, 2 -0.36, 2 -0.36, 2 -0.36, 2 -0.36, 2 -0.36, 3 -0.44, 3 -0.44, 3 -0.44, 3 -0.44, 3 -0.44, 3 -0.44, 3 -0.44, 3 -0.44, 4 -0.5, 5 -0.55, 5 -0.55, 5 -0.55, 6 -0.61, 7 -0.65, 7 -0.65, 7 -0.65, 
13% 
517 8.57, 2 5.67, 3 4.99, 2 3.23, 6 2.7, 2 2.45, 2 1.79, 3 1.7, 3 1.53, 4 1.47, 4 1.42, 6 1.2, 4 1.15, 5 0.74, 2 -0.36, 2 -0.36, 2 -0.36, 2 -0.36, 2 -0.36, 2 -0.36, 2 -0.36, 2 -0.36, 2 -0.36, 2 -0.36, 2 -0.36, 2 -0.36, 2 -0.36, 2 -0.36, 3 -0.44, 3 -0.44, 3 -0.44, 3 -0.44, 3 -0.44, 3 -0.44, 4 -0.5, 4 -0.5, 5 -0.55, 5 -0.55, 6 -0.61, 6 -0.61, 7 -0.65, 7 -0.65, 
14% 
518 9.08, 2 5.67, 3 4.99, 2 3.23, 6 2.7, 2 2.45, 2 2.08, 2 1.79, 3 1.7, 3 1.63, 3 1.53, 4 1.47, 6 1.2, 4 1.15, 5 0.74, 2 -0.36, 2 -0.36, 2 -0.36, 2 -0.36, 2 -0.36, 2 -0.36, 2 -0.36, 2 -0.36, 2 -0.36, 2 -0.36, 2 -0.36, 2 -0.36, 2 -0.36, 2 -0.36, 2 -0.36, 3 -0.44, 3 -0.44, 3 -0.44, 3 -0.44, 4 -0.5, 4 -0.5, 5 -0.55, 5 -0.55, 6 -0.61, 6 -0.61, 7 -0.65, 7 -0.65, 
15% 
520 9.96, 2 5.67, 2 3.23, 6 2.7, 2 2.45, 2 2.24, 2 2.08, 2 1.79, 3 1.7, 3 1.63, 3 1.53, 4 1.47, 6 1.2, 4 1.15, 5 0.74, 2 -0.36, 2 -0.36, 2 -0.36, 2 -0.36, 2 -0.36, 2 -0.36, 2 -0.36, 2 -0.36, 2 -0.36, 2 -0.36, 2 -0.36, 2 -0.36, 2 -0.36, 2 -0.36, 3 -0.44, 3 -0.44, 3 -0.44, 3 -0.44, 3 -0.44, 4 -0.5, 5 -0.55, 5 -0.55, 5 -0.55, 6 -0.61, 6 -0.61, 7 -0.65, 7 -0.65, 
16% 
516 10.44, 2 5.67, 2 3.53, 2 3.23, 6 2.7, 2 2.45, 2 2.24, 2 1.79, 3 1.7, 3 1.63, 3 1.53, 4 1.47, 4 1.15, 5 0.8, 5 0.74, 2 -0.36, 2 -0.36, 2 -0.36, 2 -0.36, 2 -0.36, 2 -0.36, 2 -0.36, 2 -0.36, 2 -0.36, 2 -0.36, 2 -0.36, 2 -0.36, 2 -0.36, 2 -0.36, 3 -0.44, 3 -0.44, 3 -0.44, 3 -0.44, 3 -0.44, 4 -0.5, 5 -0.55, 5 -0.55, 5 -0.55, 6 -0.61, 6 -0.61, 7 -0.65, 7 -0.65, 
17% 
510 11.04, 2 5.67, 2 3.53, 2 3.23, 6 2.7, 2 2.45, 2 2.24, 3 1.83, 2 1.79, 3 1.7, 3 1.63, 3 1.53, 4 1.15, 5 0.8, 5 0.74, 2 -0.36, 2 -0.36, 2 -0.36, 2 -0.36, 2 -0.36, 2 -0.36, 2 -0.36, 2 -0.36, 2 -0.36, 2 -0.36, 2 -0.36, 2 -0.36, 2 -0.36, 2 -0.36, 3 -0.44, 3 -0.44, 3 -0.44, 3 -0.44, 3 -0.44, 4 -0.5, 4 -0.5, 5 -0.55, 5 -0.55, 6 -0.61, 6 -0.61, 7 -0.65, 7 -0.65, 
18% 
513 12.16, 2 5.67, 3 3.54, 2 3.53, 2 3.23, 5 2.97, 2 2.45, 2 2.24, 3 1.83, 3 1.7, 3 1.68, 3 1.63, 3 1.53, 4 1.15, 5 0.8, 5 0.74, 5 0.72, 2 -0.36, 2 -0.36, 2 -0.36, 2 -0.36, 2 -0.36, 2 -0.36, 2 -0.36, 2 -0.36, 2 -0.36, 2 -0.36, 2 -0.36, 2 -0.36, 2 -0.36, 2 -0.36, 3 -0.44, 3 -0.44, 3 -0.44, 3 -0.44, 3 -0.44, 4 -0.5, 4 -0.5, 5 -0.55, 5 -0.55, 5 -0.55, 6 -0.61, 7 -0.65, 7 -0.65, 
19% 
502 13, 2 5.67, 3 3.54, 2 3.53, 2 3.23, 5 2.97, 2 2.45, 2 2.44, 2 2.24, 2 2.19, 3 1.88, 3 1.83, 3 1.7, 3 1.68, 3 1.63, 3 1.53, 4 1.15, 7 1.04, 4 0.94, 5 0.8, 5 0.74, 5 0.72, 2 -0.36, 2 -0.36, 2 -0.36, 2 -0.36, 2 -0.36, 2 -0.36, 2 -0.36, 2 -0.36, 2 -0.36, 2 -0.36, 2 -0.36, 2 -0.36, 2 -0.36, 2 -0.36, 3 -0.44, 3 -0.44, 3 -0.44, 3 -0.44, 4 -0.5, 4 -0.5, 5 -0.55, 5 -0.55, 6 -0.61, 7 -0.65, 7 -0.65, 
20% 
496 13.3, 2 5.67, 3 3.54, 2 3.53, 2 3.23, 5 2.97, 2 2.45, 2 2.44, 2 2.24, 2 2.19, 3 1.88, 3 1.83, 3 1.7, 3 1.68, 3 1.63, 3 1.53, 4 1.15, 7 1.04, 4 1.01, 4 0.94, 5 0.74, 5 0.72, 2 -0.36, 2 -0.36, 2 -0.36, 2 -0.36, 2 -0.36, 2 -0.36, 2 -0.36, 2 -0.36, 2 -0.36, 2 -0.36, 2 -0.36, 2 -0.36, 2 -0.36, 2 -0.36, 3 -0.44, 3 -0.44, 3 -0.44, 3 -0.44, 3 -0.44, 4 -0.5, 5 -0.55, 5 -0.55, 6 -0.61, 7 -0.65, 7 -0.65, 
21% 
499 14.39, 3 3.54, 2 3.53, 2 3.23, 5 2.97, 2 2.45, 2 2.44, 2 2.24, 2 2.19, 3 1.88, 3 1.83, 3 1.7, 3 1.63, 3 1.53, 4 1.15, 7 1.04, 4 1.01, 4 0.94, 5 0.74, 5 0.72, 2 -0.36, 2 -0.36, 2 -0.36, 2 -0.36, 2 -0.36, 2 -0.36, 2 -0.36, 2 -0.36, 2 -0.36, 2 -0.36, 2 -0.36, 2 -0.36, 2 -0.36, 3 -0.44, 3 -0.44, 3 -0.44, 3 -0.44, 3 -0.44, 4 -0.5, 5 -0.55, 5 -0.55, 6 -0.61, 7 -0.65, 7 -0.65, 
22% 
494 14.9, 3 3.54, 2 3.53, 2 3.23, 5 2.97, 2 2.45, 2 2.44, 2 2.24, 2 2.19, 3 1.88, 3 1.83, 3 1.7, 3 1.63, 3 1.53, 3 1.3, 4 1.15, 7 1.04, 5 0.74, 5 0.72, 2 -0.36, 2 -0.36, 2 -0.36, 2 -0.36, 2 -0.36, 2 -0.36, 2 -0.36, 2 -0.36, 2 -0.36, 2 -0.36, 2 -0.36, 2 -0.36, 3 -0.44, 3 -0.44, 3 -0.44, 3 -0.44, 4 -0.5, 5 -0.55, 5 -0.55, 6 -0.61, 6 -0.61, 7 -0.65, 
23% 
481 15.01, 3 3.54, 2 3.53, 2 3.23, 5 2.97, 2 2.45, 2 2.44, 2 2.24, 2 2.19, 3 1.88, 3 1.83, 3 1.7, 3 1.63, 3 1.53, 3 1.3, 4 1.15, 7 1.04, 5 0.74, 5 0.72, 2 -0.36, 2 -0.36, 2 -0.36, 2 -0.36, 2 -0.36, 2 -0.36, 2 -0.36, 2 -0.36, 2 -0.36, 2 -0.36, 2 -0.36, 2 -0.36, 2 -0.36, 3 -0.44, 3 -0.44, 3 -0.44, 3 -0.44, 3 -0.44, 4 -0.5, 5 -0.55, 5 -0.55, 5 -0.55, 6 -0.61, 7 -0.65, 
24% 
486 15.37, 3 3.54, 2 3.53, 2 3.23, 5 2.97, 2 2.45, 2 2.44, 2 2.24, 2 2.19, 3 1.88, 3 1.83, 3 1.7, 3 1.63, 3 1.53, 4 1.15, 7 1.04, 5 0.74, 5 0.72, 2 -0.36, 2 -0.36, 2 -0.36, 2 -0.36, 2 -0.36, 2 -0.36, 2 -0.36, 2 -0.36, 2 -0.36, 2 -0.36, 2 -0.36, 2 -0.36, 2 -0.36, 3 -0.44, 3 -0.44, 3 -0.44, 3 -0.44, 4 -0.5, 5 -0.55, 5 -0.55, 5 -0.55, 5 -0.55, 7 -0.65, 
25% 
491 16.07, 3 3.54, 2 3.53, 2 3.23, 5 2.97, 2 2.45, 2 2.44, 2 2.24, 2 2.19, 3 1.88, 3 1.83, 3 1.7, 3 1.63, 3 1.53, 4 1.15, 7 1.04, 5 0.74, 5 0.72, 2 -0.36, 2 -0.36, 2 -0.36, 2 -0.36, 2 -0.36, 2 -0.36, 2 -0.36, 2 -0.36, 2 -0.36, 2 -0.36, 2 -0.36, 2 -0.36, 3 -0.44, 3 -0.44, 3 -0.44, 3 -0.44, 4 -0.5, 5 -0.55, 5 -0.55, 5 -0.55, 5 -0.55, 7 -0.65, 
26% 
481 16.33, 3 3.54, 2 3.53, 2 3.23, 5 2.97, 2 2.45, 2 2.44, 2 2.24, 2 2.19, 3 2.02, 3 1.88, 3 1.83, 3 1.7, 3 1.63, 3 1.53, 4 1.15, 7 1.04, 5 0.74, 5 0.72, 2 -0.36, 2 -0.36, 2 -0.36, 2 -0.36, 2 -0.36, 2 -0.36, 2 -0.36, 2 -0.36, 2 -0.36, 2 -0.36, 2 -0.36, 2 -0.36, 3 -0.44, 3 -0.44, 3 -0.44, 3 -0.44, 3 -0.44, 4 -0.5, 4 -0.5, 5 -0.55, 5 -0.55, 7 -0.65, 
27% 
477 17.12, 3 3.54, 2 3.53, 2 3.23, 5 2.97, 2 2.45, 2 2.44, 2 2.24, 2 2.19, 3 2.02, 3 1.88, 3 1.83, 3 1.7, 3 1.63, 3 1.53, 4 1.15, 7 1.04, 4 0.94, 5 0.72, 10 0.42, 2 -0.36, 2 -0.36, 2 -0.36, 2 -0.36, 2 -0.36, 2 -0.36, 2 -0.36, 2 -0.36, 2 -0.36, 2 -0.36, 3 -0.44, 3 -0.44, 3 -0.44, 3 -0.44, 3 -0.44, 3 -0.44, 4 -0.5, 5 -0.55, 7 -0.65, 
28% 
481 17.48, 3 3.54, 2 3.53, 2 3.23, 5 2.97, 2 2.45, 2 2.44, 2 2.24, 2 2.19, 3 2.02, 3 1.88, 3 1.83, 3 1.7, 3 1.63, 3 1.53, 4 1.15, 7 1.04, 4 0.94, 5 0.72, 10 0.42, 2 -0.36, 2 -0.36, 2 -0.36, 2 -0.36, 2 -0.36, 2 -0.36, 2 -0.36, 2 -0.36, 2 -0.36, 2 -0.36, 3 -0.44, 3 -0.44, 3 -0.44, 3 -0.44, 3 -0.44, 3 -0.44, 4 -0.5, 5 -0.55, 7 -0.65, 
29% 
481 17.69, 3 3.54, 2 3.53, 2 3.23, 5 2.97, 2 2.45, 2 2.44, 2 2.24, 2 2.19, 3 2.02, 3 1.88, 3 1.83, 3 1.7, 3 1.63, 3 1.53, 4 1.15, 7 1.04, 4 0.94, 5 0.72, 10 0.42, 2 -0.36, 2 -0.36, 2 -0.36, 2 -0.36, 2 -0.36, 2 -0.36, 2 -0.36, 2 -0.36, 2 -0.36, 2 -0.36, 3 -0.44, 3 -0.44, 3 -0.44, 3 -0.44, 3 -0.44, 3 -0.44, 4 -0.5, 5 -0.55, 7 -0.65, 
30% 
471 17.83, 3 3.54, 2 3.53, 2 3.23, 5 2.97, 2 2.45, 2 2.44, 2 2.24, 2 2.19, 3 2.02, 3 1.88, 3 1.88, 3 1.83, 3 1.7, 3 1.63, 3 1.53, 4 1.15, 7 1.04, 4 0.94, 5 0.72, 10 0.42, 2 -0.36, 2 -0.36, 2 -0.36, 2 -0.36, 2 -0.36, 2 -0.36, 2 -0.36, 2 -0.36, 2 -0.36, 3 -0.44, 3 -0.44, 3 -0.44, 3 -0.44, 3 -0.44, 3 -0.44, 3 -0.44, 4 -0.5, 5 -0.55, 7 -0.65, 
31% 
482 18.33, 3 3.54, 2 3.53, 2 3.23, 5 2.97, 2 2.45, 2 2.44, 2 2.24, 2 2.19, 3 2.02, 3 1.88, 3 1.88, 3 1.83, 3 1.7, 3 1.63, 3 1.53, 6 1.17, 4 1.15, 4 1.15, 4 0.94, 10 0.42, 2 -0.36, 2 -0.36, 2 -0.36, 2 -0.36, 2 -0.36, 2 -0.36, 2 -0.36, 2 -0.36, 3 -0.44, 3 -0.44, 3 -0.44, 3 -0.44, 3 -0.44, 3 -0.44, 4 -0.5, 5 -0.55, 7 -0.65, 
32% 
487 18.7, 3 3.54, 2 3.53, 2 3.23, 5 2.97, 2 2.66, 2 2.45, 2 2.44, 2 2.24, 2 2.19, 3 1.88, 3 1.83, 3 1.7, 3 1.63, 3 1.53, 6 1.17, 4 1.15, 4 1.15, 4 0.94, 5 0.87, 10 0.42, 8 0.36, 2 -0.36, 2 -0.36, 2 -0.36, 2 -0.36, 2 -0.36, 2 -0.36, 2 -0.36, 2 -0.36, 2 -0.36, 3 -0.44, 3 -0.44, 3 -0.44, 3 -0.44, 3 -0.44, 4 -0.5, 5 -0.55, 7 -0.65, 
33% 
483 19.49, 3 3.54, 2 3.53, 2 3.23, 5 2.97, 2 2.66, 2 2.45, 2 2.44, 2 2.24, 2 2.19, 3 1.88, 3 1.83, 3 1.7, 3 1.63, 3 1.53, 6 1.17, 4 1.15, 4 1.15, 4 0.94, 5 0.87, 10 0.42, 8 0.36, 2 -0.36, 2 -0.36, 2 -0.36, 2 -0.36, 2 -0.36, 2 -0.36, 2 -0.36, 2 -0.36, 2 -0.36, 3 -0.44, 3 -0.44, 3 -0.44, 3 -0.44, 3 -0.44, 3 -0.44, 4 -0.5, 5 -0.55, 7 -0.65, 
34% 
492 19.79, 3 3.54, 2 3.53, 2 3.23, 5 2.97, 2 2.66, 2 2.45, 2 2.44, 2 2.24, 2 2.19, 3 1.88, 3 1.83, 3 1.7, 3 1.63, 3 1.53, 3 1.46, 15 1.18, 6 1.17, 4 1.15, 4 0.94, 5 0.87, 7 0.48, 2 -0.36, 2 -0.36, 2 -0.36, 2 -0.36, 2 -0.36, 2 -0.36, 2 -0.36, 2 -0.36, 2 -0.36, 3 -0.44, 3 -0.44, 3 -0.44, 3 -0.44, 3 -0.44, 3 -0.44, 4 -0.5, 5 -0.55, 7 -0.65, 
35% 
488 19.9, 3 4.93, 6 4.45, 3 3.54, 2 3.53, 2 3.23, 7 2.83, 2 2.66, 2 2.45, 2 2.44, 2 2.24, 2 2.19, 3 1.88, 3 1.83, 3 1.7, 3 1.63, 3 1.53, 3 1.46, 15 1.18, 6 1.17, 4 0.94, 5 0.87, 7 0.48, 2 -0.36, 2 -0.36, 2 -0.36, 2 -0.36, 2 -0.36, 2 -0.36, 2 -0.36, 2 -0.36, 2 -0.36, 3 -0.44, 3 -0.44, 3 -0.44, 3 -0.44, 3 -0.44, 3 -0.44, 4 -0.5, 4 -0.5, 7 -0.65, 
36% 
488 20.14, 3 4.93, 6 4.45, 3 3.54, 2 3.53, 3 3.42, 2 3.23, 7 2.83, 2 2.66, 2 2.45, 2 2.44, 2 2.24, 2 2.21, 7 2.2, 2 2.19, 6 1.96, 3 1.88, 3 1.83, 3 1.7, 3 1.63, 3 1.46, 15 1.18, 4 0.94, 7 0.48, 2 -0.36, 2 -0.36, 2 -0.36, 2 -0.36, 2 -0.36, 2 -0.36, 2 -0.36, 2 -0.36, 2 -0.36, 3 -0.44, 3 -0.44, 3 -0.44, 3 -0.44, 3 -0.44, 3 -0.44, 4 -0.5, 4 -0.5, 5 -0.55, 
37% 
483 20.13, 3 4.93, 6 4.45, 3 3.54, 2 3.53, 3 3.42, 2 3.23, 7 2.83, 2 2.66, 2 2.45, 2 2.44, 2 2.24, 2 2.21, 7 2.2, 2 2.19, 2 2.11, 6 1.96, 3 1.88, 3 1.83, 3 1.7, 3 1.63, 15 1.18, 4 0.94, 7 0.48, 2 -0.36, 2 -0.36, 2 -0.36, 2 -0.36, 2 -0.36, 2 -0.36, 2 -0.36, 2 -0.36, 2 -0.36, 3 -0.44, 3 -0.44, 3 -0.44, 3 -0.44, 3 -0.44, 3 -0.44, 4 -0.5, 4 -0.5, 5 -0.55, 
38% 
475 20.07, 2 5.67, 3 4.93, 2 4.66, 6 4.45, 3 3.54, 2 3.53, 2 3.34, 2 3.23, 7 2.83, 2 2.66, 2 2.53, 2 2.45, 2 2.44, 2 2.24, 2 2.21, 7 2.2, 2 2.19, 7 2.12, 2 2.11, 6 1.96, 3 1.88, 3 1.83, 3 1.7, 3 1.63, 14 1.28, 3 1.22, 7 0.48, 2 -0.36, 2 -0.36, 2 -0.36, 2 -0.36, 2 -0.36, 2 -0.36, 2 -0.36, 2 -0.36, 2 -0.36, 3 -0.44, 3 -0.44, 3 -0.44, 3 -0.44, 3 -0.44, 4 -0.5, 4 -0.5, 5 -0.55, 
39% 
479 20.2, 2 5.67, 3 4.93, 2 4.66, 6 4.45, 3 3.54, 2 3.53, 2 3.34, 7 2.83, 2 2.66, 2 2.53, 2 2.45, 2 2.44, 2 2.24, 2 2.21, 7 2.2, 2 2.19, 7 2.12, 2 2.11, 5 2.05, 6 1.96, 3 1.88, 3 1.83, 3 1.7, 3 1.63, 14 1.28, 3 1.22, 7 0.48, 2 -0.36, 2 -0.36, 2 -0.36, 2 -0.36, 2 -0.36, 2 -0.36, 2 -0.36, 2 -0.36, 2 -0.36, 3 -0.44, 3 -0.44, 3 -0.44, 3 -0.44, 4 -0.5, 4 -0.5, 5 -0.55, 
40% 
484 20.81, 2 5.67, 3 4.93, 2 4.66, 6 4.45, 3 3.54, 2 3.53, 2 3.34, 8 3.22, 2 2.66, 2 2.53, 2 2.45, 2 2.44, 2 2.24, 2 2.21, 7 2.2, 2 2.19, 2 2.11, 5 2.05, 3 2.02, 6 1.96, 3 1.88, 3 1.83, 3 1.7, 3 1.63, 14 1.28, 3 1.22, 7 0.48, 2 -0.36, 2 -0.36, 2 -0.36, 2 -0.36, 2 -0.36, 2 -0.36, 2 -0.36, 2 -0.36, 2 -0.36, 3 -0.44, 3 -0.44, 3 -0.44, 3 -0.44, 3 -0.44, 4 -0.5, 5 -0.55, 
41% 
471 20.88, 2 5.67, 3 4.93, 2 4.66, 6 4.45, 11 3.64, 3 3.54, 2 3.53, 2 3.46, 2 3.34, 2 2.66, 2 2.53, 2 2.45, 2 2.44, 2 2.24, 2 2.21, 7 2.2, 2 2.19, 2 2.11, 5 2.05, 3 2.02, 6 1.96, 3 1.88, 3 1.83, 3 1.7, 3 1.63, 14 1.28, 3 1.22, 7 0.48, 2 -0.36, 2 -0.36, 2 -0.36, 2 -0.36, 2 -0.36, 2 -0.36, 2 -0.36, 2 -0.36, 2 -0.36, 3 -0.44, 3 -0.44, 3 -0.44, 3 -0.44, 3 -0.44, 3 -0.44, 4 -0.5, 5 -0.55, 
42% 
459 20.98, 2 5.67, 3 4.93, 5 4.83, 2 4.66, 11 3.64, 3 3.54, 2 3.53, 2 3.46, 2 3.34, 2 2.66, 2 2.53, 2 2.45, 5 2.45, 2 2.44, 2 2.24, 2 2.21, 7 2.2, 2 2.19, 2 2.11, 5 2.05, 3 2.02, 6 1.96, 3 1.88, 3 1.83, 3 1.7, 3 1.63, 14 1.28, 3 1.22, 7 0.48, 2 -0.36, 2 -0.36, 2 -0.36, 2 -0.36, 2 -0.36, 2 -0.36, 2 -0.36, 2 -0.36, 3 -0.44, 3 -0.44, 3 -0.44, 3 -0.44, 3 -0.44, 3 -0.44, 3 -0.44, 5 -0.55, 
43% 
462 21.19, 2 5.67, 3 4.93, 5 4.83, 2 4.66, 11 3.64, 3 3.54, 2 3.53, 2 3.46, 2 3.34, 2 2.66, 2 2.53, 2 2.45, 5 2.45, 2 2.44, 2 2.21, 7 2.2, 2 2.19, 2 2.11, 5 2.05, 3 2.02, 6 1.96, 3 1.95, 3 1.88, 3 1.83, 3 1.7, 3 1.63, 14 1.28, 3 1.22, 6 0.59, 2 -0.36, 2 -0.36, 2 -0.36, 2 -0.36, 2 -0.36, 2 -0.36, 2 -0.36, 2 -0.36, 3 -0.44, 3 -0.44, 3 -0.44, 3 -0.44, 3 -0.44, 3 -0.44, 5 -0.55, 
44% 
452 21.32, 2 5.67, 3 4.93, 5 4.83, 2 4.66, 11 3.64, 3 3.54, 2 3.53, 2 3.46, 2 3.34, 2 2.66, 2 2.53, 2 2.45, 5 2.45, 2 2.44, 2 2.21, 7 2.2, 2 2.19, 2 2.11, 3 2.02, 6 1.96, 3 1.95, 3 1.88, 3 1.83, 3 1.7, 3 1.63, 3 1.56, 14 1.28, 3 1.22, 6 0.59, 2 -0.36, 2 -0.36, 2 -0.36, 2 -0.36, 2 -0.36, 2 -0.36, 2 -0.36, 2 -0.36, 2 -0.36, 2 -0.36, 3 -0.44, 3 -0.44, 3 -0.44, 3 -0.44, 3 -0.44, 3 -0.44, 5 -0.55, 
45% 
454 22.19, 2 5.67, 3 4.93, 5 4.83, 2 4.66, 11 3.64, 3 3.54, 2 3.53, 2 3.46, 2 3.34, 2 2.66, 2 2.53, 2 2.45, 5 2.45, 2 2.44, 2 2.34, 2 2.21, 7 2.2, 2 2.19, 2 2.11, 2 2.05, 3 2.02, 6 1.96, 3 1.95, 3 1.88, 3 1.83, 3 1.7, 3 1.56, 12 1.51, 3 1.22, 4 1.04, 6 0.59, 2 -0.36, 2 -0.36, 2 -0.36, 2 -0.36, 2 -0.36, 2 -0.36, 2 -0.36, 2 -0.36, 2 -0.36, 2 -0.36, 3 -0.44, 3 -0.44, 3 -0.44, 3 -0.44, 3 -0.44, 3 -0.44, 5 -0.55, 
46% 
452 22.51, 2 5.67, 3 4.93, 5 4.83, 2 4.66, 11 3.64, 3 3.54, 2 3.53, 2 3.46, 2 3.34, 2 2.66, 2 2.53, 2 2.45, 5 2.45, 2 2.44, 2 2.34, 13 2.32, 2 2.21, 7 2.2, 2 2.19, 2 2.11, 2 2.05, 3 2.02, 6 1.96, 3 1.95, 2 1.94, 3 1.88, 3 1.83, 3 1.7, 3 1.56, 3 1.22, 4 1.04, 6 0.59, 2 -0.36, 2 -0.36, 2 -0.36, 2 -0.36, 2 -0.36, 2 -0.36, 2 -0.36, 2 -0.36, 2 -0.36, 2 -0.36, 3 -0.44, 3 -0.44, 3 -0.44, 3 -0.44, 3 -0.44, 5 -0.55, 
47% 
454 22.33, 2 5.67, 3 4.93, 5 4.83, 2 4.66, 11 3.64, 3 3.54, 2 3.53, 2 3.46, 2 3.34, 2 2.66, 2 2.53, 2 2.45, 5 2.45, 2 2.44, 2 2.34, 13 2.32, 2 2.21, 7 2.2, 2 2.19, 2 2.11, 2 2.05, 3 2.02, 6 1.96, 3 1.95, 2 1.94, 3 1.88, 3 1.83, 3 1.7, 3 1.56, 3 1.22, 4 1.04, 6 0.59, 2 -0.36, 2 -0.36, 2 -0.36, 2 -0.36, 2 -0.36, 2 -0.36, 2 -0.36, 2 -0.36, 2 -0.36, 2 -0.36, 3 -0.44, 3 -0.44, 3 -0.44, 3 -0.44, 3 -0.44, 5 -0.55, 
48% 
463 22.76, 2 5.67, 3 4.93, 5 4.83, 11 3.64, 3 3.54, 2 3.53, 2 3.46, 2 3.34, 2 2.66, 2 2.53, 2 2.45, 5 2.45, 2 2.44, 2 2.34, 13 2.32, 2 2.21, 7 2.2, 2 2.11, 2 2.05, 6 1.96, 3 1.95, 2 1.94, 3 1.88, 3 1.83, 3 1.7, 3 1.56, 3 1.22, 3 1.22, 4 1.04, 6 0.59, 2 -0.36, 2 -0.36, 2 -0.36, 2 -0.36, 2 -0.36, 2 -0.36, 2 -0.36, 2 -0.36, 2 -0.36, 2 -0.36, 2 -0.36, 3 -0.44, 3 -0.44, 3 -0.44, 3 -0.44, 5 -0.55, 
49% 
456 22.93, 2 5.67, 3 4.93, 5 4.83, 11 3.64, 3 3.54, 2 3.53, 2 3.46, 2 3.34, 2 3.23, 2 2.66, 2 2.53, 12 2.48, 2 2.45, 5 2.45, 2 2.44, 2 2.34, 2 2.21, 7 2.2, 2 2.11, 2 2.05, 6 1.96, 3 1.95, 2 1.94, 3 1.88, 3 1.83, 3 1.7, 3 1.56, 3 1.22, 3 1.22, 4 1.04, 6 0.59, 2 -0.36, 2 -0.36, 2 -0.36, 2 -0.36, 2 -0.36, 2 -0.36, 2 -0.36, 2 -0.36, 2 -0.36, 3 -0.44, 3 -0.44, 3 -0.44, 3 -0.44, 5 -0.55, 
50% 
455 23.73, 2 5.67, 3 4.93, 5 4.83, 9 4.22, 3 3.54, 2 3.53, 2 3.46, 2 3.34, 2 3.23, 2 2.66, 2 2.53, 12 2.48, 2 2.45, 5 2.45, 2 2.44, 2 2.34, 2 2.21, 7 2.2, 2 2.11, 6 1.96, 3 1.95, 2 1.94, 3 1.88, 3 1.83, 3 1.7, 3 1.62, 3 1.56, 3 1.22, 3 1.22, 4 1.04, 6 0.59, 2 -0.36, 2 -0.36, 2 -0.36, 2 -0.36, 2 -0.36, 2 -0.36, 2 -0.36, 2 -0.36, 3 -0.44, 3 -0.44, 3 -0.44, 3 -0.44, 5 -0.55, 
51% 
452 23.87, 2 5.67, 3 4.93, 5 4.83, 9 4.22, 3 3.54, 2 3.53, 2 3.46, 2 3.34, 2 3.23, 2 2.66, 2 2.53, 12 2.48, 2 2.45, 5 2.45, 2 2.44, 2 2.42, 2 2.34, 2 2.24, 2 2.21, 7 2.2, 5 2.18, 2 2.11, 3 1.95, 2 1.94, 3 1.88, 3 1.83, 2 1.8, 3 1.62, 3 1.22, 4 1.04, 6 0.59, 2 -0.36, 2 -0.36, 2 -0.36, 2 -0.36, 2 -0.36, 2 -0.36, 2 -0.36, 2 -0.36, 3 -0.44, 3 -0.44, 3 -0.44, 3 -0.44, 5 -0.55, 
52% 
445 23.96, 2 5.67, 3 4.93, 5 4.83, 9 4.22, 3 3.54, 2 3.53, 2 3.46, 2 3.34, 2 3.23, 2 2.66, 2 2.53, 12 2.48, 2 2.45, 5 2.45, 2 2.44, 2 2.42, 2 2.34, 2 2.24, 2 2.21, 7 2.2, 5 2.18, 2 2.11, 3 1.95, 2 1.94, 3 1.83, 2 1.8, 3 1.62, 3 1.22, 4 1.04, 6 0.77, 6 0.59, 2 -0.36, 2 -0.36, 2 -0.36, 2 -0.36, 2 -0.36, 2 -0.36, 2 -0.36, 2 -0.36, 3 -0.44, 3 -0.44, 3 -0.44, 3 -0.44, 5 -0.55, 
53% 
442 24.47, 2 5.67, 3 4.93, 5 4.83, 9 4.22, 3 3.54, 2 3.53, 2 3.46, 2 3.34, 2 3.23, 4 2.86, 2 2.66, 2 2.53, 12 2.48, 2 2.45, 5 2.45, 2 2.44, 2 2.42, 2 2.34, 2 2.24, 2 2.21, 7 2.2, 5 2.18, 2 2.11, 3 1.95, 2 1.94, 3 1.83, 2 1.8, 3 1.22, 4 1.04, 4 0.92, 6 0.77, 6 0.59, 2 -0.36, 2 -0.36, 2 -0.36, 2 -0.36, 2 -0.36, 2 -0.36, 2 -0.36, 2 -0.36, 3 -0.44, 3 -0.44, 3 -0.44, 3 -0.44, 5 -0.55, 
54% 
439 25.09, 2 5.67, 3 4.93, 5 4.83, 9 4.22, 3 3.54, 2 3.53, 2 3.46, 2 3.34, 2 3.23, 4 2.86, 2 2.66, 2 2.53, 12 2.48, 2 2.45, 5 2.45, 2 2.44, 2 2.42, 2 2.34, 2 2.24, 2 2.21, 7 2.2, 5 2.18, 2 2.11, 3 1.95, 2 1.94, 3 1.83, 2 1.8, 3 1.77, 3 1.22, 4 1.04, 4 0.92, 6 0.77, 6 0.59, 2 -0.36, 2 -0.36, 2 -0.36, 2 -0.36, 2 -0.36, 2 -0.36, 2 -0.36, 2 -0.36, 3 -0.44, 3 -0.44, 3 -0.44, 3 -0.44, 5 -0.55, 
55% 
443 25.52, 2 5.67, 3 4.93, 5 4.83, 9 4.22, 3 3.54, 2 3.53, 2 3.46, 2 3.34, 2 3.23, 4 2.86, 4 2.86, 2 2.66, 2 2.53, 6 2.49, 2 2.45, 2 2.44, 2 2.42, 2 2.34, 2 2.24, 2 2.21, 7 2.2, 5 2.18, 2 2.11, 3 1.95, 2 1.94, 3 1.83, 2 1.8, 3 1.77, 3 1.22, 5 1.04, 4 1.04, 4 0.92, 6 0.77, 6 0.59, 2 -0.36, 2 -0.36, 2 -0.36, 2 -0.36, 2 -0.36, 2 -0.36, 3 -0.44, 3 -0.44, 3 -0.44, 3 -0.44, 5 -0.55, 
56% 
452 26.17, 2 5.67, 3 4.93, 5 4.83, 9 4.22, 3 3.54, 2 3.53, 2 3.46, 2 3.34, 2 3.23, 4 2.86, 4 2.86, 2 2.66, 2 2.53, 2 2.45, 2 2.44, 2 2.42, 2 2.34, 2 2.24, 2 2.21, 7 2.2, 5 2.18, 2 2.11, 3 1.95, 2 1.94, 3 1.83, 2 1.8, 3 1.77, 3 1.22, 3 1.2, 5 1.04, 4 1.04, 6 0.77, 6 0.59, 2 -0.36, 2 -0.36, 2 -0.36, 2 -0.36, 2 -0.36, 2 -0.36, 3 -0.44, 3 -0.44, 3 -0.44, 3 -0.44, 5 -0.55, 
57% 
454 26.29, 2 5.67, 3 4.93, 5 4.83, 8 4.5, 3 3.54, 2 3.53, 2 3.46, 2 3.34, 2 3.23, 4 2.86, 4 2.86, 2 2.66, 2 2.53, 2 2.45, 2 2.44, 2 2.42, 2 2.34, 2 2.24, 2 2.21, 7 2.2, 5 2.18, 2 2.11, 3 1.95, 2 1.94, 3 1.83, 2 1.8, 3 1.77, 3 1.22, 3 1.2, 5 1.04, 4 1.04, 6 0.77, 6 0.59, 2 -0.36, 2 -0.36, 2 -0.36, 2 -0.36, 2 -0.36, 2 -0.36, 3 -0.44, 3 -0.44, 3 -0.44, 3 -0.44, 5 -0.55, 
58% 
459 26.49, 2 5.67, 3 4.93, 5 4.83, 8 4.5, 3 3.54, 2 3.53, 2 3.46, 2 3.34, 2 3.23, 4 2.86, 4 2.86, 2 2.66, 2 2.53, 2 2.45, 2 2.44, 2 2.42, 6 2.4, 2 2.34, 2 2.24, 2 2.21, 5 2.18, 2 2.11, 3 1.95, 2 1.94, 3 1.83, 2 1.8, 3 1.22, 3 1.2, 5 1.04, 4 1.04, 6 0.77, 6 0.59, 2 -0.36, 2 -0.36, 2 -0.36, 2 -0.36, 2 -0.36, 2 -0.36, 3 -0.44, 3 -0.44, 3 -0.44, 3 -0.44, 
59% 
459 26.86, 2 5.67, 3 4.93, 5 4.83, 8 4.5, 3 3.54, 2 3.53, 2 3.46, 2 3.34, 2 3.23, 4 2.86, 2 2.66, 2 2.53, 2 2.45, 2 2.44, 2 2.42, 6 2.4, 2 2.34, 2 2.24, 2 2.21, 5 2.18, 2 2.11, 3 1.95, 2 1.94, 7 1.9, 3 1.83, 2 1.8, 3 1.23, 3 1.22, 3 1.2, 5 1.04, 4 1.04, 6 0.59, 2 -0.36, 2 -0.36, 2 -0.36, 2 -0.36, 2 -0.36, 2 -0.36, 3 -0.44, 3 -0.44, 3 -0.44, 3 -0.44, 
60% 
448 27.36, 2 5.67, 3 4.93, 5 4.83, 8 4.5, 3 3.54, 2 3.53, 2 3.34, 2 3.23, 4 2.86, 2 2.66, 5 2.64, 2 2.53, 2 2.52, 2 2.45, 2 2.44, 2 2.42, 2 2.34, 2 2.24, 2 2.22, 2 2.21, 5 2.18, 2 2.11, 3 1.95, 2 1.94, 7 1.9, 3 1.83, 2 1.8, 3 1.23, 3 1.22, 3 1.2, 5 1.04, 4 1.04, 6 0.59, 2 -0.36, 2 -0.36, 2 -0.36, 2 -0.36, 2 -0.36, 2 -0.36, 3 -0.44, 3 -0.44, 3 -0.44, 3 -0.44, 
61% 
448 27.59, 2 5.67, 4 5.53, 3 4.93, 8 4.5, 9 3.94, 3 3.54, 2 3.53, 2 3.46, 2 3.34, 2 3.23, 2 2.66, 2 2.53, 2 2.52, 2 2.45, 2 2.44, 2 2.42, 2 2.34, 2 2.24, 2 2.22, 2 2.21, 5 2.18, 2 2.11, 3 1.95, 2 1.94, 7 1.9, 3 1.83, 2 1.8, 3 1.23, 3 1.2, 5 1.04, 4 1.04, 6 0.59, 8 0.45, 2 -0.36, 2 -0.36, 2 -0.36, 2 -0.36, 2 -0.36, 2 -0.36, 3 -0.44, 3 -0.44, 3 -0.44, 3 -0.44, 
62% 
446 28.09, 2 5.67, 4 5.53, 3 4.93, 8 4.5, 9 3.94, 3 3.54, 2 3.53, 2 3.46, 2 3.34, 2 3.23, 2 2.66, 2 2.53, 2 2.52, 2 2.45, 2 2.44, 2 2.42, 2 2.34, 2 2.24, 2 2.22, 2 2.21, 5 2.18, 2 2.11, 3 1.95, 2 1.94, 7 1.9, 3 1.83, 2 1.8, 3 1.23, 3 1.2, 5 1.04, 4 1.04, 6 0.59, 8 0.45, 2 -0.36, 2 -0.36, 2 -0.36, 2 -0.36, 2 -0.36, 2 -0.36, 2 -0.36, 3 -0.44, 3 -0.44, 3 -0.44, 
63% 
442 28.76, 2 5.67, 4 5.53, 3 4.93, 8 4.5, 9 3.94, 3 3.54, 2 3.53, 2 3.46, 2 3.34, 2 3.23, 2 2.66, 2 2.53, 2 2.52, 2 2.45, 2 2.44, 2 2.42, 2 2.34, 2 2.24, 2 2.22, 2 2.21, 5 2.18, 2 2.11, 3 1.95, 2 1.94, 7 1.9, 2 1.88, 3 1.83, 2 1.8, 3 1.23, 3 1.2, 5 1.04, 4 1.04, 6 0.59, 8 0.45, 2 -0.36, 2 -0.36, 2 -0.36, 2 -0.36, 2 -0.36, 2 -0.36, 2 -0.36, 3 -0.44, 3 -0.44, 3 -0.44, 
64% 
459 29.37, 2 5.67, 4 5.53, 3 4.93, 8 4.5, 9 3.94, 3 3.54, 2 3.53, 2 3.46, 2 3.34, 2 3.23, 2 2.66, 2 2.53, 2 2.52, 2 2.45, 2 2.44, 2 2.42, 2 2.34, 2 2.24, 2 2.21, 2 2.11, 3 1.95, 2 1.94, 7 1.9, 2 1.88, 3 1.83, 2 1.8, 3 1.2, 5 1.04, 4 1.04, 6 0.59, 8 0.45, 2 -0.36, 2 -0.36, 2 -0.36, 2 -0.36, 2 -0.36, 2 -0.36, 2 -0.36, 3 -0.44, 3 -0.44, 3 -0.44, 
65% 
459 29.37, 2 5.67, 4 5.53, 3 4.93, 8 4.5, 9 3.94, 3 3.54, 2 3.53, 2 3.46, 2 3.34, 2 3.23, 2 2.66, 2 2.53, 2 2.52, 2 2.45, 2 2.44, 2 2.42, 2 2.34, 3 2.29, 2 2.24, 2 2.21, 2 2.11, 3 1.95, 2 1.94, 7 1.9, 2 1.88, 3 1.83, 2 1.8, 4 1.28, 3 1.2, 4 1.04, 6 0.59, 8 0.45, 2 -0.36, 2 -0.36, 2 -0.36, 2 -0.36, 2 -0.36, 2 -0.36, 2 -0.36, 3 -0.44, 3 -0.44, 3 -0.44, 
66% 
459 29.37, 2 5.67, 4 5.53, 3 4.93, 8 4.5, 9 3.94, 3 3.54, 2 3.53, 2 3.46, 2 3.34, 2 3.23, 2 2.66, 2 2.53, 2 2.52, 2 2.45, 2 2.44, 2 2.42, 2 2.34, 3 2.29, 2 2.24, 2 2.21, 2 2.11, 3 1.95, 2 1.94, 7 1.9, 2 1.88, 3 1.83, 2 1.8, 4 1.28, 3 1.2, 4 1.04, 6 0.59, 7 0.57, 2 -0.36, 2 -0.36, 2 -0.36, 2 -0.36, 2 -0.36, 2 -0.36, 2 -0.36, 3 -0.44, 3 -0.44, 3 -0.44, 
67% 
459 29.68, 2 5.67, 4 5.53, 3 4.93, 8 4.5, 9 3.94, 3 3.54, 2 3.53, 2 3.46, 2 3.34, 2 3.23, 2 2.66, 2 2.53, 2 2.52, 2 2.45, 2 2.44, 2 2.42, 2 2.34, 3 2.29, 2 2.24, 2 2.21, 2 2.11, 3 1.95, 2 1.94, 7 1.9, 2 1.88, 3 1.83, 2 1.8, 4 1.28, 3 1.2, 4 1.04, 6 0.59, 7 0.57, 2 -0.36, 2 -0.36, 2 -0.36, 2 -0.36, 2 -0.36, 2 -0.36, 2 -0.36, 3 -0.44, 3 -0.44, 3 -0.44, 
68% 
448 29.64, 2 5.67, 4 5.53, 3 4.93, 8 4.5, 9 3.94, 3 3.54, 2 3.53, 2 3.46, 2 3.34, 2 3.23, 2 2.66, 2 2.53, 2 2.52, 2 2.45, 2 2.44, 2 2.42, 2 2.34, 3 2.29, 2 2.24, 2 2.21, 2 2.11, 2 2.08, 3 1.95, 2 1.94, 7 1.9, 2 1.88, 3 1.83, 2 1.8, 4 1.28, 3 1.2, 4 1.04, 5 0.86, 6 0.59, 7 0.57, 2 -0.36, 2 -0.36, 2 -0.36, 2 -0.36, 2 -0.36, 2 -0.36, 2 -0.36, 3 -0.44, 3 -0.44, 3 -0.44, 
69% 
447 29.72, 2 5.67, 4 5.53, 3 4.93, 8 4.5, 9 3.94, 3 3.54, 2 3.53, 2 3.46, 2 3.34, 2 3.23, 2 2.66, 2 2.53, 2 2.52, 2 2.45, 2 2.44, 2 2.42, 2 2.34, 3 2.29, 2 2.24, 2 2.21, 2 2.11, 2 2.08, 3 1.95, 2 1.94, 7 1.9, 2 1.88, 3 1.83, 2 1.8, 4 1.28, 3 1.2, 3 1.2, 4 1.04, 5 0.86, 6 0.59, 7 0.57, 2 -0.36, 2 -0.36, 2 -0.36, 2 -0.36, 2 -0.36, 2 -0.36, 2 -0.36, 3 -0.44, 3 -0.44, 3 -0.44, 
70% 
448 29.91, 2 5.67, 4 5.53, 3 4.93, 8 4.5, 9 3.94, 3 3.54, 2 3.53, 2 3.46, 2 3.34, 2 3.23, 2 2.66, 2 2.59, 2 2.53, 2 2.52, 2 2.45, 2 2.44, 2 2.42, 2 2.34, 3 2.29, 2 2.24, 2 2.21, 2 2.11, 2 2.08, 3 1.95, 2 1.94, 7 1.9, 2 1.88, 2 1.8, 4 1.28, 3 1.2, 3 1.2, 4 1.04, 5 0.86, 6 0.59, 7 0.57, 2 -0.36, 2 -0.36, 2 -0.36, 2 -0.36, 2 -0.36, 2 -0.36, 3 -0.44, 3 -0.44, 3 -0.44, 
71% 
452 29.95, 2 5.67, 4 5.53, 3 4.93, 8 4.5, 9 3.94, 3 3.54, 2 3.53, 2 3.47, 2 3.46, 2 3.34, 2 3.23, 2 2.66, 2 2.59, 2 2.53, 2 2.52, 2 2.45, 2 2.44, 2 2.42, 2 2.34, 3 2.29, 2 2.24, 2 2.21, 2 2.11, 2 2.08, 3 1.95, 2 1.94, 7 1.9, 2 1.88, 2 1.8, 4 1.28, 3 1.2, 3 1.2, 4 1.04, 5 0.86, 6 0.59, 7 0.57, 2 -0.36, 2 -0.36, 2 -0.36, 2 -0.36, 2 -0.36, 2 -0.36, 3 -0.44, 3 -0.44, 3 -0.44, 
72% 
461 30.12, 2 5.67, 4 5.53, 3 4.93, 8 4.5, 9 3.94, 3 3.54, 2 3.53, 2 3.47, 2 3.46, 4 3.45, 2 3.34, 2 3.23, 2 2.66, 2 2.59, 2 2.53, 2 2.52, 2 2.45, 2 2.44, 2 2.42, 2 2.34, 3 2.29, 2 2.24, 2 2.21, 2 2.11, 2 2.08, 2 1.94, 7 1.9, 2 1.88, 2 1.8, 4 1.28, 3 1.2, 3 1.2, 4 1.04, 5 0.86, 6 0.59, 7 0.57, 2 -0.36, 2 -0.36, 2 -0.36, 2 -0.36, 2 -0.36, 2 -0.36, 3 -0.44, 3 -0.44, 3 -0.44, 
73% 
460 30.57, 2 5.67, 4 5.53, 3 4.93, 8 4.5, 9 3.94, 3 3.54, 2 3.53, 2 3.47, 2 3.46, 4 3.45, 2 3.34, 2 3.23, 2 2.66, 2 2.59, 2 2.53, 2 2.52, 2 2.45, 2 2.44, 2 2.42, 2 2.34, 3 2.29, 2 2.24, 2 2.21, 2 2.11, 2 2.08, 2 1.94, 7 1.9, 2 1.88, 2 1.8, 4 1.28, 3 1.2, 3 1.2, 4 1.04, 5 0.86, 6 0.59, 7 0.57, 2 -0.36, 2 -0.36, 2 -0.36, 2 -0.36, 2 -0.36, 2 -0.36, 3 -0.44, 3 -0.44, 3 -0.44, 
74% 
483 31.07, 2 5.67, 4 5.53, 3 4.93, 9 3.94, 3 3.54, 2 3.53, 2 3.47, 2 3.46, 4 3.45, 2 3.34, 2 3.23, 2 2.66, 2 2.59, 2 2.53, 2 2.52, 2 2.45, 2 2.44, 2 2.42, 2 2.34, 3 2.29, 2 2.24, 2 2.21, 2 2.11, 2 2.08, 2 1.94, 2 1.88, 2 1.8, 4 1.28, 3 1.2, 3 1.2, 4 1.04, 6 0.59, 7 0.57, 2 -0.36, 2 -0.36, 2 -0.36, 2 -0.36, 2 -0.36, 2 -0.36, 2 -0.36, 3 -0.44, 3 -0.44, 
75% 
483 31.07, 2 5.67, 4 5.53, 3 4.93, 9 3.94, 3 3.54, 2 3.53, 2 3.47, 2 3.46, 4 3.45, 2 3.34, 2 3.23, 2 2.66, 2 2.59, 2 2.53, 2 2.52, 2 2.45, 2 2.44, 2 2.42, 2 2.34, 3 2.29, 2 2.24, 2 2.21, 2 2.11, 2 2.08, 2 1.94, 2 1.88, 2 1.8, 4 1.28, 3 1.2, 3 1.2, 4 1.04, 6 0.59, 7 0.57, 2 -0.36, 2 -0.36, 2 -0.36, 2 -0.36, 2 -0.36, 2 -0.36, 3 -0.44, 
76% 
483 31.07, 2 5.67, 4 5.53, 3 4.93, 9 3.94, 3 3.54, 2 3.53, 2 3.47, 2 3.46, 4 3.45, 2 3.34, 2 3.23, 2 2.66, 2 2.59, 2 2.53, 2 2.52, 2 2.45, 2 2.44, 2 2.42, 2 2.34, 3 2.29, 2 2.24, 2 2.21, 2 2.11, 2 2.08, 2 1.94, 2 1.88, 2 1.8, 4 1.28, 3 1.2, 3 1.2, 4 1.04, 6 0.59, 7 0.57, 2 -0.36, 2 -0.36, 2 -0.36, 2 -0.36, 2 -0.36, 3 -0.44, 
77% 
483 31.29, 2 5.67, 4 5.53, 3 4.93, 9 3.94, 3 3.54, 2 3.53, 2 3.47, 2 3.46, 4 3.45, 2 3.34, 2 3.23, 2 2.66, 2 2.59, 2 2.53, 2 2.52, 2 2.45, 2 2.44, 2 2.42, 2 2.34, 3 2.29, 2 2.24, 2 2.21, 2 2.11, 2 2.08, 2 1.94, 2 1.88, 2 1.8, 3 1.33, 4 1.28, 3 1.2, 3 1.2, 6 0.59, 7 0.57, 2 -0.36, 2 -0.36, 2 -0.36, 2 -0.36, 2 -0.36, 3 -0.44, 
78% 
484 31.71, 2 5.67, 4 5.53, 3 4.93, 9 3.94, 3 3.54, 2 3.53, 2 3.47, 2 3.46, 4 3.45, 2 3.34, 2 3.23, 2 2.66, 2 2.59, 2 2.53, 2 2.52, 2 2.45, 2 2.44, 2 2.42, 2 2.34, 3 2.29, 2 2.24, 2 2.21, 2 2.11, 2 2.08, 2 1.94, 2 1.88, 2 1.8, 3 1.61, 3 1.33, 3 1.2, 3 1.2, 6 0.59, 7 0.57, 2 -0.36, 2 -0.36, 2 -0.36, 2 -0.36, 2 -0.36, 3 -0.44, 
79% 
489 32.34, 2 5.67, 4 5.53, 3 4.93, 9 3.94, 3 3.54, 2 3.53, 2 3.47, 4 3.45, 2 3.34, 2 3.23, 2 2.66, 2 2.59, 2 2.53, 2 2.52, 2 2.45, 2 2.44, 2 2.42, 2 2.34, 3 2.29, 2 2.24, 2 2.11, 2 2.08, 2 1.94, 2 1.88, 2 1.8, 3 1.61, 3 1.33, 3 1.2, 3 1.2, 6 0.59, 7 0.57, 2 -0.36, 2 -0.36, 2 -0.36, 2 -0.36, 3 -0.44, 
80% 
486 32.71, 2 5.67, 4 5.53, 3 4.93, 9 3.94, 3 3.54, 2 3.53, 2 3.47, 4 3.45, 2 3.34, 2 3.23, 2 2.66, 2 2.59, 2 2.53, 2 2.52, 2 2.45, 2 2.44, 2 2.42, 2 2.34, 3 2.29, 2 2.24, 2 2.11, 2 2.08, 2 1.94, 2 1.88, 2 1.8, 3 1.61, 3 1.33, 3 1.2, 3 1.2, 6 0.59, 7 0.57, 2 -0.36, 2 -0.36, 2 -0.36, 2 -0.36, 3 -0.44, 
81% 
484 32.86, 2 5.67, 4 5.53, 3 4.93, 9 3.94, 3 3.54, 2 3.53, 2 3.47, 4 3.45, 2 3.34, 2 3.23, 2 2.66, 2 2.59, 2 2.53, 2 2.52, 2 2.45, 2 2.44, 2 2.42, 2 2.34, 3 2.29, 2 2.24, 2 2.11, 2 2.08, 2 1.94, 2 1.88, 3 1.85, 2 1.8, 3 1.61, 3 1.33, 3 1.2, 3 1.2, 6 0.59, 7 0.57, 2 -0.36, 2 -0.36, 3 -0.44, 
82% 
483 32.9, 2 5.67, 4 5.53, 3 4.93, 9 3.94, 3 3.54, 2 3.53, 2 3.47, 4 3.45, 2 3.34, 2 3.23, 2 2.66, 2 2.59, 2 2.53, 2 2.52, 2 2.45, 2 2.44, 2 2.42, 2 2.34, 3 2.29, 2 2.24, 2 2.11, 2 2.08, 2 1.94, 2 1.88, 3 1.85, 2 1.8, 3 1.61, 3 1.33, 3 1.2, 3 1.2, 6 0.59, 7 0.57, 2 -0.36, 3 -0.44, 
83% 
483 32.9, 2 5.67, 4 5.53, 3 4.93, 9 3.94, 3 3.54, 2 3.53, 2 3.47, 4 3.45, 2 3.34, 2 3.23, 2 2.66, 2 2.59, 2 2.53, 2 2.52, 2 2.45, 2 2.44, 2 2.42, 2 2.34, 3 2.29, 2 2.24, 2 2.11, 2 2.08, 2 1.94, 2 1.88, 3 1.85, 2 1.8, 3 1.61, 3 1.33, 3 1.2, 3 1.2, 6 0.59, 7 0.57, 2 -0.36, 3 -0.44, 
84% 
483 33.06, 2 5.67, 4 5.53, 3 4.93, 8 4.21, 3 3.54, 2 3.53, 2 3.47, 4 3.45, 2 3.34, 2 3.23, 2 2.66, 2 2.59, 2 2.53, 2 2.52, 2 2.45, 2 2.44, 2 2.42, 2 2.34, 3 2.29, 2 2.24, 2 2.11, 2 2.08, 2 1.94, 2 1.88, 3 1.85, 2 1.8, 3 1.61, 3 1.33, 3 1.2, 3 1.2, 6 0.59, 7 0.57, 2 -0.36, 3 -0.44, 
85% 
483 33.36, 2 5.67, 4 5.53, 3 4.93, 8 4.21, 3 3.54, 2 3.53, 2 3.47, 4 3.45, 2 3.34, 2 3.23, 2 2.66, 2 2.59, 2 2.53, 2 2.52, 2 2.45, 2 2.44, 2 2.42, 2 2.34, 3 2.29, 2 2.24, 2 2.11, 2 2.08, 2 1.94, 2 1.88, 3 1.85, 2 1.8, 3 1.61, 3 1.33, 3 1.2, 3 1.2, 5 0.72, 7 0.57, 2 -0.36, 3 -0.44, 
86% 
485 33.49, 2 5.67, 4 5.53, 3 4.93, 8 4.21, 3 3.54, 2 3.53, 2 3.47, 4 3.45, 2 3.34, 2 3.23, 2 2.66, 2 2.59, 2 2.53, 2 2.52, 2 2.45, 2 2.44, 2 2.42, 2 2.34, 3 2.29, 2 2.24, 2 2.11, 2 2.08, 2 1.94, 2 1.88, 3 1.85, 2 1.8, 2 1.78, 3 1.61, 3 1.33, 3 1.2, 5 0.72, 7 0.57, 2 -0.36, 3 -0.44, 
87% 
484 33.78, 2 5.67, 4 5.53, 3 4.93, 8 4.21, 3 3.54, 2 3.53, 2 3.47, 4 3.45, 2 3.34, 2 3.23, 2 2.66, 2 2.59, 2 2.53, 2 2.52, 2 2.45, 2 2.44, 2 2.42, 2 2.34, 2 2.24, 2 2.11, 2 2.08, 2 1.94, 2 1.88, 3 1.85, 2 1.8, 2 1.78, 3 1.61, 3 1.33, 3 1.2, 5 0.72, 6 0.68, 2 -0.36, 3 -0.44, 
88% 
487 34.04, 2 5.67, 4 5.53, 3 4.93, 8 4.21, 3 3.54, 2 3.53, 2 3.47, 4 3.45, 2 3.34, 2 3.23, 2 2.66, 2 2.59, 2 2.53, 2 2.52, 2 2.45, 2 2.44, 2 2.42, 2 2.34, 2 2.24, 2 2.11, 2 2.08, 2 1.94, 2 1.88, 3 1.85, 2 1.8, 2 1.78, 3 1.61, 3 1.33, 3 1.2, 5 0.72, 6 0.68, 2 -0.36, 3 -0.44, 
89% 
485 34.37, 2 5.67, 4 5.53, 3 4.93, 8 4.21, 3 3.54, 2 3.53, 2 3.47, 4 3.45, 2 3.34, 2 3.23, 2 2.66, 2 2.59, 2 2.53, 2 2.52, 2 2.45, 2 2.44, 2 2.42, 2 2.34, 2 2.24, 2 2.11, 2 2.08, 2 2.05, 2 1.95, 2 1.94, 2 1.88, 3 1.85, 2 1.8, 2 1.78, 3 1.61, 3 1.2, 5 0.72, 6 0.68, 2 -0.36, 3 -0.44, 
90% 
483 34.61, 2 5.67, 4 5.53, 3 4.93, 8 4.21, 3 3.54, 2 3.53, 2 3.47, 4 3.45, 2 3.34, 2 3.23, 2 2.66, 2 2.59, 2 2.53, 2 2.52, 2 2.45, 2 2.44, 2 2.42, 2 2.34, 2 2.24, 2 2.11, 2 2.08, 2 2.05, 2 1.95, 2 1.94, 2 1.88, 3 1.85, 2 1.8, 2 1.78, 3 1.61, 3 1.2, 5 0.72, 6 0.68, 2 -0.36, 3 -0.44, 
91% 
483 34.61, 2 5.67, 4 5.53, 3 4.93, 8 4.21, 7 3.93, 3 3.54, 2 3.53, 2 3.47, 2 3.34, 2 3.23, 2 2.66, 2 2.59, 2 2.53, 2 2.52, 2 2.45, 2 2.44, 2 2.42, 2 2.24, 2 2.11, 2 2.08, 2 2.05, 2 1.95, 2 1.94, 2 1.88, 3 1.85, 2 1.8, 2 1.78, 3 1.65, 3 1.61, 3 1.2, 5 0.72, 6 0.68, 2 -0.36, 3 -0.44, 
92% 
484 34.73, 2 5.67, 4 5.53, 3 4.93, 8 4.21, 7 3.93, 3 3.54, 2 3.53, 2 3.47, 2 3.34, 2 3.23, 2 2.66, 2 2.59, 2 2.53, 2 2.52, 2 2.45, 2 2.44, 2 2.42, 2 2.24, 2 2.11, 2 2.08, 2 2.05, 2 1.95, 2 1.94, 2 1.88, 3 1.85, 2 1.8, 2 1.78, 3 1.65, 3 1.61, 3 1.2, 5 0.72, 6 0.68, 2 -0.36, 3 -0.44, 
93% 
484 35.1, 2 5.67, 4 5.53, 3 4.93, 8 4.21, 7 3.93, 3 3.54, 2 3.53, 2 3.47, 2 3.34, 2 3.23, 2 2.66, 2 2.59, 2 2.53, 2 2.52, 2 2.45, 2 2.44, 2 2.42, 2 2.24, 2 2.11, 2 2.08, 2 2.05, 2 1.95, 2 1.94, 2 1.88, 3 1.85, 2 1.8, 2 1.78, 3 1.65, 3 1.61, 3 1.2, 5 0.72, 6 0.68, 2 -0.36, 
94% 
484 35.33, 2 5.67, 4 5.53, 3 4.93, 8 4.21, 7 3.93, 3 3.54, 2 3.53, 2 3.47, 2 3.34, 2 3.23, 2 2.66, 2 2.59, 2 2.53, 2 2.52, 2 2.45, 2 2.44, 2 2.42, 2 2.24, 2 2.11, 2 2.08, 2 2.05, 2 1.95, 2 1.94, 2 1.88, 3 1.85, 2 1.8, 2 1.78, 3 1.65, 3 1.61, 3 1.2, 4 0.92, 6 0.68, 2 -0.36, 
95% 
484 35.49, 2 5.67, 4 5.53, 3 4.93, 8 4.21, 7 3.93, 3 3.54, 2 3.53, 2 3.47, 2 3.34, 2 3.23, 2 2.66, 2 2.59, 2 2.53, 2 2.52, 2 2.45, 2 2.44, 2 2.42, 2 2.24, 2 2.11, 2 2.08, 2 2.05, 2 1.95, 2 1.94, 2 1.88, 3 1.85, 2 1.8, 2 1.78, 3 1.65, 3 1.61, 3 1.2, 4 0.92, 6 0.68, 2 -0.36, 
96% 
483 35.87, 2 5.67, 4 5.53, 3 4.93, 8 4.21, 7 3.93, 3 3.54, 2 3.53, 2 3.47, 2 3.34, 2 3.23, 2 2.66, 2 2.59, 2 2.53, 2 2.52, 2 2.45, 2 2.44, 2 2.42, 2 2.24, 2 2.11, 2 2.08, 2 2.05, 2 1.95, 2 1.94, 2 1.88, 3 1.85, 2 1.8, 2 1.78, 3 1.65, 3 1.61, 3 1.2, 4 0.92, 6 0.68, 2 -0.36, 
97% 
483 35.87, 2 5.67, 4 5.53, 3 4.93, 8 4.21, 7 3.93, 3 3.54, 2 3.53, 2 3.47, 2 3.34, 2 3.23, 2 2.66, 2 2.59, 2 2.53, 2 2.52, 2 2.45, 2 2.44, 2 2.42, 2 2.24, 2 2.11, 2 2.08, 2 2.05, 2 1.95, 2 1.94, 2 1.88, 3 1.85, 2 1.8, 2 1.78, 3 1.65, 3 1.61, 3 1.2, 4 0.92, 6 0.68, 2 -0.36, 
98% 
483 35.87, 2 5.67, 4 5.53, 3 4.93, 8 4.21, 7 3.93, 3 3.54, 2 3.53, 2 3.47, 2 3.34, 2 3.23, 2 2.66, 2 2.59, 2 2.53, 2 2.52, 2 2.45, 2 2.44, 2 2.42, 2 2.24, 2 2.11, 2 2.08, 2 2.05, 2 1.95, 2 1.94, 2 1.88, 3 1.85, 2 1.8, 2 1.78, 3 1.65, 3 1.61, 3 1.2, 4 0.92, 6 0.68, 2 -0.36, 
99% 
483 35.87, 2 5.67, 4 5.53, 3 4.93, 8 4.21, 7 3.93, 3 3.54, 2 3.53, 2 3.47, 2 3.34, 2 3.23, 2 2.66, 2 2.59, 2 2.53, 2 2.52, 2 2.45, 2 2.44, 2 2.42, 2 2.24, 2 2.11, 2 2.08, 2 2.05, 2 1.95, 2 1.94, 2 1.88, 3 1.85, 2 1.8, 2 1.78, 3 1.65, 3 1.61, 3 1.2, 3 1.19, 6 0.68, 2 -0.36, 
100%
483 36.02, 2 5.67, 4 5.53, 3 4.93, 8 4.21, 7 3.93, 3 3.54, 2 3.53, 2 3.47, 2 3.34, 2 3.23, 2 2.66, 2 2.59, 2 2.53, 2 2.52, 2 2.45, 2 2.44, 2 2.42, 2 2.24, 2 2.11, 2 2.08, 2 2.05, 2 1.95, 2 1.94, 2 1.88, 3 1.85, 2 1.8, 2 1.78, 3 1.65, 3 1.61, 3 1.2, 3 1.19, 6 0.68, 2 -0.36, 
