-sif=/home/safia/anaconda3/lib/R/library/pathfindR/extdata/KEGG.sif
-sig=/home/safia/Documents/pathfindR_Results(1)/active_snw_searches/Iteration_2/active_snw_search/input_for_search.txt
-method=SA
-saTemp0=1
-saTemp1=0.01
-saIter=10000
-geneInitProb=0.0311111111111111
-gaPop=400
-gaIter=200
-gaThread=5
-gaMut=0
-grMaxDepth=1
-grSearchDepth=1
-grOverlap=0.5
-grSubNum=1000
7 6.94, 7 6.19, 2 -0.11, 2 -0.11, 2 -0.11, 2 -0.11, 2 -0.11, 2 -0.11, 2 -0.11, 3 -0.13, 3 -0.13, 4 -0.16, 6 -0.2, 6 -0.2, 6 -0.2, 
Percentage of finished job, node number and score of modules that have more than one node are as follows:
0%
1% 
7 6.94, 7 6.19, 2 -0.11, 2 -0.11, 2 -0.11, 2 -0.11, 2 -0.11, 2 -0.11, 2 -0.11, 3 -0.13, 3 -0.13, 4 -0.16, 4 -0.16, 6 -0.2, 6 -0.2, 
2% 
7 6.94, 7 6.19, 2 -0.11, 2 -0.11, 2 -0.11, 2 -0.11, 2 -0.11, 2 -0.11, 2 -0.11, 3 -0.13, 3 -0.13, 4 -0.16, 4 -0.16, 6 -0.2, 6 -0.2, 
3% 
7 6.94, 7 6.19, 4 5.81, 2 -0.11, 2 -0.11, 2 -0.11, 2 -0.11, 2 -0.11, 2 -0.11, 3 -0.13, 3 -0.13, 4 -0.16, 4 -0.16, 6 -0.2, 6 -0.2, 
4% 
7 6.94, 7 6.19, 4 5.81, 2 -0.11, 2 -0.11, 2 -0.11, 2 -0.11, 2 -0.11, 2 -0.11, 3 -0.13, 3 -0.13, 3 -0.13, 4 -0.16, 4 -0.16, 6 -0.2, 
5% 
7 6.94, 7 6.19, 4 5.81, 8 5.47, 2 -0.11, 2 -0.11, 2 -0.11, 2 -0.11, 2 -0.11, 2 -0.11, 3 -0.13, 3 -0.13, 3 -0.13, 4 -0.16, 4 -0.16, 6 -0.2, 
6% 
3 7.51, 7 6.94, 7 6.19, 4 5.81, 8 5.47, 2 -0.11, 2 -0.11, 2 -0.11, 2 -0.11, 2 -0.11, 2 -0.11, 3 -0.13, 3 -0.13, 3 -0.13, 4 -0.16, 6 -0.2, 
7% 
3 7.51, 7 6.94, 7 6.19, 4 5.81, 8 5.47, 2 -0.11, 2 -0.11, 2 -0.11, 2 -0.11, 2 -0.11, 2 -0.11, 3 -0.13, 3 -0.13, 3 -0.13, 4 -0.16, 6 -0.2, 
8% 
5 8.1, 3 7.51, 7 6.19, 4 5.81, 8 5.47, 2 -0.11, 2 -0.11, 2 -0.11, 2 -0.11, 2 -0.11, 2 -0.11, 3 -0.13, 3 -0.13, 4 -0.16, 6 -0.2, 
9% 
2 9.04, 5 8.1, 3 7.51, 7 6.19, 4 5.81, 8 5.47, 2 -0.11, 2 -0.11, 2 -0.11, 2 -0.11, 2 -0.11, 2 -0.11, 3 -0.13, 3 -0.13, 4 -0.16, 6 -0.2, 
10% 
2 9.04, 5 8.1, 3 7.51, 3 6.96, 7 6.19, 8 5.47, 2 -0.11, 2 -0.11, 2 -0.11, 2 -0.11, 2 -0.11, 2 -0.11, 2 -0.11, 3 -0.13, 4 -0.16, 6 -0.2, 
11% 
2 9.04, 5 8.1, 3 7.51, 3 6.96, 7 6.19, 8 5.47, 2 -0.11, 2 -0.11, 2 -0.11, 2 -0.11, 2 -0.11, 2 -0.11, 2 -0.11, 3 -0.13, 4 -0.16, 6 -0.2, 
12% 
2 9.04, 5 8.1, 3 7.51, 3 6.96, 6 6.51, 8 5.47, 2 -0.11, 2 -0.11, 2 -0.11, 2 -0.11, 2 -0.11, 2 -0.11, 2 -0.11, 3 -0.13, 4 -0.16, 6 -0.2, 
13% 
2 9.04, 5 8.1, 3 7.51, 3 6.96, 6 6.51, 8 5.47, 2 -0.11, 2 -0.11, 2 -0.11, 2 -0.11, 2 -0.11, 2 -0.11, 2 -0.11, 3 -0.13, 4 -0.16, 6 -0.2, 
14% 
2 9.04, 5 8.1, 3 7.51, 3 6.96, 6 6.51, 8 5.47, 2 -0.11, 2 -0.11, 2 -0.11, 2 -0.11, 2 -0.11, 2 -0.11, 2 -0.11, 3 -0.13, 3 -0.13, 6 -0.2, 
15% 
2 9.04, 5 8.1, 3 7.51, 3 6.96, 6 6.51, 22 5.55, 2 -0.11, 2 -0.11, 2 -0.11, 2 -0.11, 2 -0.11, 2 -0.11, 2 -0.11, 3 -0.13, 6 -0.2, 
16% 
2 9.04, 5 8.1, 3 7.51, 3 6.96, 6 6.51, 22 5.55, 10 2.76, 2 -0.11, 2 -0.11, 2 -0.11, 2 -0.11, 2 -0.11, 2 -0.11, 2 -0.11, 3 -0.13, 6 -0.2, 
17% 
2 9.04, 5 8.1, 3 7.51, 3 6.96, 6 6.51, 22 5.55, 10 2.76, 2 -0.11, 2 -0.11, 2 -0.11, 2 -0.11, 2 -0.11, 2 -0.11, 2 -0.11, 3 -0.13, 6 -0.2, 
18% 
4 13.85, 2 9.04, 5 8.1, 3 7.51, 6 6.51, 22 5.55, 10 2.76, 2 -0.11, 2 -0.11, 2 -0.11, 2 -0.11, 2 -0.11, 2 -0.11, 2 -0.11, 3 -0.13, 6 -0.2, 
19% 
4 13.85, 2 9.04, 5 8.1, 3 7.51, 6 6.51, 22 5.55, 10 2.76, 2 -0.11, 2 -0.11, 2 -0.11, 2 -0.11, 2 -0.11, 2 -0.11, 3 -0.13, 6 -0.2, 
20% 
4 13.85, 2 9.04, 5 8.1, 3 7.51, 6 6.51, 22 5.55, 10 2.76, 2 -0.11, 2 -0.11, 2 -0.11, 2 -0.11, 2 -0.11, 2 -0.11, 3 -0.13, 6 -0.2, 
21% 
4 13.85, 2 9.04, 5 8.1, 29 7.77, 3 7.51, 10 2.76, 2 -0.11, 2 -0.11, 2 -0.11, 2 -0.11, 2 -0.11, 2 -0.11, 3 -0.13, 6 -0.2, 
22% 
4 13.85, 2 9.04, 43 8.94, 3 7.51, 10 2.76, 2 -0.11, 2 -0.11, 2 -0.11, 2 -0.11, 2 -0.11, 2 -0.11, 3 -0.13, 6 -0.2, 
23% 
4 13.85, 42 9.11, 2 9.04, 3 7.51, 10 2.76, 2 -0.11, 2 -0.11, 2 -0.11, 2 -0.11, 2 -0.11, 2 -0.11, 2 -0.11, 2 -0.11, 
24% 
4 13.85, 42 9.11, 2 9.04, 3 7.51, 10 2.76, 2 -0.11, 2 -0.11, 2 -0.11, 2 -0.11, 2 -0.11, 2 -0.11, 2 -0.11, 2 -0.11, 
25% 
4 13.85, 42 9.11, 2 9.04, 3 7.51, 10 2.76, 2 -0.11, 2 -0.11, 2 -0.11, 2 -0.11, 2 -0.11, 2 -0.11, 2 -0.11, 2 -0.11, 
26% 
3 16.5, 42 9.11, 2 9.04, 3 7.51, 10 2.76, 2 -0.11, 2 -0.11, 2 -0.11, 2 -0.11, 2 -0.11, 2 -0.11, 2 -0.11, 2 -0.11, 
27% 
3 16.5, 56 10.37, 2 9.04, 3 7.51, 2 -0.11, 2 -0.11, 2 -0.11, 2 -0.11, 2 -0.11, 2 -0.11, 2 -0.11, 
28% 
3 16.5, 55 10.49, 2 9.04, 3 7.51, 2 -0.11, 2 -0.11, 2 -0.11, 2 -0.11, 2 -0.11, 2 -0.11, 2 -0.11, 
29% 
3 16.5, 55 10.49, 2 9.04, 3 7.51, 2 -0.11, 2 -0.11, 2 -0.11, 2 -0.11, 2 -0.11, 2 -0.11, 2 -0.11, 
30% 
3 16.5, 55 10.49, 2 9.04, 3 7.51, 2 -0.11, 2 -0.11, 2 -0.11, 2 -0.11, 2 -0.11, 2 -0.11, 2 -0.11, 
31% 
3 16.5, 53 10.76, 2 9.04, 3 7.51, 2 -0.11, 2 -0.11, 2 -0.11, 2 -0.11, 2 -0.11, 2 -0.11, 2 -0.11, 
32% 
3 16.5, 53 10.76, 2 9.04, 3 7.51, 2 -0.11, 2 -0.11, 2 -0.11, 2 -0.11, 2 -0.11, 2 -0.11, 2 -0.11, 
33% 
3 16.5, 53 10.76, 2 9.04, 3 7.51, 2 -0.11, 2 -0.11, 2 -0.11, 2 -0.11, 2 -0.11, 2 -0.11, 2 -0.11, 
34% 
3 16.5, 54 11.89, 2 9.04, 3 7.51, 2 -0.11, 2 -0.11, 2 -0.11, 2 -0.11, 2 -0.11, 2 -0.11, 2 -0.11, 
35% 
3 16.5, 54 11.89, 2 9.04, 3 7.51, 2 -0.11, 2 -0.11, 2 -0.11, 2 -0.11, 2 -0.11, 2 -0.11, 2 -0.11, 
36% 
3 16.5, 54 13.23, 2 9.04, 3 7.51, 2 -0.11, 2 -0.11, 2 -0.11, 2 -0.11, 2 -0.11, 2 -0.11, 2 -0.11, 
37% 
2 20.3, 54 13.23, 2 9.04, 3 7.51, 2 6.24, 2 -0.11, 2 -0.11, 2 -0.11, 2 -0.11, 2 -0.11, 2 -0.11, 2 -0.11, 
38% 
2 20.3, 53 13.36, 2 9.04, 3 7.51, 2 6.24, 2 -0.11, 2 -0.11, 2 -0.11, 2 -0.11, 2 -0.11, 2 -0.11, 2 -0.11, 
39% 
2 20.3, 53 13.36, 2 9.04, 3 7.51, 2 6.24, 2 -0.11, 2 -0.11, 2 -0.11, 2 -0.11, 2 -0.11, 2 -0.11, 2 -0.11, 
40% 
2 20.3, 53 13.36, 2 9.04, 3 7.51, 2 6.24, 2 -0.11, 2 -0.11, 2 -0.11, 2 -0.11, 2 -0.11, 2 -0.11, 
41% 
2 20.3, 52 13.47, 2 9.04, 2 8.46, 3 7.51, 4 6.74, 2 6.63, 2 6.24, 20 1.75, 2 -0.11, 2 -0.11, 2 -0.11, 2 -0.11, 
42% 
2 20.3, 51 13.53, 2 9.04, 2 8.46, 3 7.51, 4 6.74, 2 6.63, 2 6.24, 20 1.75, 2 -0.11, 2 -0.11, 2 -0.11, 2 -0.11, 
43% 
2 20.3, 49 13.82, 2 9.04, 2 8.46, 3 7.51, 4 6.74, 2 6.63, 2 6.24, 18 1.86, 2 -0.11, 2 -0.11, 2 -0.11, 2 -0.11, 
44% 
2 20.3, 49 13.82, 2 9.04, 2 8.46, 3 7.51, 4 6.74, 2 6.63, 2 6.24, 18 1.86, 2 -0.11, 2 -0.11, 2 -0.11, 
45% 
2 20.3, 49 13.82, 2 9.04, 2 8.46, 3 7.51, 4 6.74, 2 6.63, 2 6.46, 2 6.24, 6 3.88, 18 1.86, 2 -0.11, 2 -0.11, 2 -0.11, 
46% 
2 20.3, 49 13.82, 2 9.04, 2 8.46, 3 7.51, 4 6.74, 2 6.63, 2 6.46, 2 6.24, 6 3.88, 17 1.91, 2 -0.11, 2 -0.11, 2 -0.11, 
47% 
2 20.3, 48 14.05, 2 9.04, 2 8.46, 3 7.51, 4 6.74, 2 6.63, 2 6.46, 2 6.24, 6 3.88, 17 1.91, 2 -0.11, 2 -0.11, 2 -0.11, 
48% 
3 22.15, 45 14.47, 2 9.04, 2 8.46, 3 7.51, 4 6.74, 2 6.63, 2 6.46, 2 6.24, 6 3.88, 16 2, 2 -0.11, 2 -0.11, 
49% 
3 22.15, 43 14.85, 2 9.04, 2 8.46, 3 7.51, 4 6.74, 2 6.63, 2 6.46, 2 6.24, 6 3.88, 16 2, 2 -0.11, 2 -0.11, 
50% 
3 22.15, 43 14.85, 2 9.04, 2 8.46, 3 7.51, 4 6.74, 2 6.63, 2 6.46, 2 6.24, 6 3.88, 16 2, 2 -0.11, 2 -0.11, 
51% 
3 22.15, 42 15.13, 2 9.04, 2 8.46, 3 7.51, 4 6.74, 2 6.63, 2 6.46, 2 6.24, 6 3.88, 14 2.16, 2 -0.11, 2 -0.11, 
52% 
3 22.15, 44 16.97, 2 9.04, 2 8.46, 3 7.51, 4 6.74, 2 6.63, 2 6.46, 2 6.24, 6 3.88, 14 2.16, 2 -0.11, 2 -0.11, 
53% 
3 22.15, 44 16.97, 2 9.04, 2 8.46, 3 7.51, 4 6.74, 2 6.63, 2 6.46, 2 6.24, 6 3.88, 13 2.3, 2 -0.11, 2 -0.11, 
54% 
3 22.15, 44 16.97, 2 10.92, 2 9.04, 2 8.46, 3 7.51, 4 6.74, 2 6.63, 2 6.46, 2 6.24, 5 4.32, 13 2.3, 2 -0.11, 
55% 
3 22.15, 42 17.45, 2 10.92, 2 9.04, 2 8.46, 3 7.51, 4 6.74, 2 6.63, 2 6.46, 2 6.24, 5 4.32, 13 2.3, 2 -0.11, 
56% 
3 22.15, 42 17.45, 2 10.92, 2 9.04, 2 8.46, 3 7.51, 4 6.74, 2 6.63, 2 6.46, 2 6.24, 5 4.32, 13 2.3, 2 -0.11, 
57% 
3 22.15, 41 17.61, 2 10.92, 2 9.04, 2 8.46, 3 7.51, 4 6.74, 2 6.63, 2 6.46, 2 6.24, 5 4.32, 13 2.3, 2 -0.11, 
58% 
3 22.15, 41 17.61, 2 10.92, 2 9.04, 2 8.46, 3 7.51, 4 6.74, 2 6.63, 2 6.46, 2 6.24, 5 4.32, 13 2.3, 2 -0.11, 
59% 
3 22.15, 41 17.61, 2 10.92, 2 9.04, 2 8.46, 3 7.51, 4 6.74, 2 6.63, 2 6.46, 2 6.24, 5 4.32, 13 2.3, 2 -0.11, 
60% 
3 22.15, 41 17.61, 2 10.92, 2 9.04, 2 8.46, 3 7.51, 4 6.74, 2 6.63, 2 6.46, 2 6.24, 5 4.32, 13 2.3, 2 -0.11, 
61% 
3 22.15, 41 17.61, 2 10.92, 2 9.04, 2 8.46, 3 7.51, 4 6.74, 2 6.63, 2 6.46, 2 6.24, 5 4.32, 12 2.4, 2 -0.11, 
62% 
3 22.15, 41 17.61, 2 10.92, 2 9.04, 2 8.46, 3 7.51, 4 6.74, 2 6.63, 2 6.46, 2 6.24, 5 4.32, 12 2.4, 2 -0.11, 
63% 
3 22.15, 41 17.61, 2 10.92, 2 9.04, 2 8.46, 3 7.51, 4 6.74, 2 6.63, 2 6.46, 2 6.24, 5 4.32, 12 2.4, 2 -0.11, 
64% 
3 22.15, 41 17.61, 2 10.92, 2 9.04, 2 8.46, 3 7.51, 4 6.74, 2 6.63, 2 6.46, 2 6.24, 5 4.32, 12 2.4, 
65% 
3 22.15, 41 17.61, 2 10.92, 2 9.04, 2 8.46, 3 7.51, 4 6.74, 2 6.63, 2 6.46, 2 6.24, 5 4.32, 12 2.4, 
66% 
3 22.15, 39 17.89, 2 10.92, 2 9.04, 2 8.46, 3 7.51, 4 6.74, 2 6.63, 2 6.46, 2 6.24, 5 4.32, 12 2.4, 
67% 
3 22.15, 38 17.97, 2 10.92, 2 9.04, 2 8.46, 3 7.51, 4 6.74, 2 6.63, 2 6.46, 2 6.24, 5 4.32, 12 2.4, 
68% 
3 22.15, 37 18.26, 2 10.92, 2 9.04, 2 8.46, 3 7.51, 4 6.74, 2 6.63, 2 6.46, 2 6.24, 4 4.93, 12 2.4, 
69% 
3 22.15, 36 18.41, 2 10.92, 2 9.04, 2 8.46, 3 7.51, 4 6.74, 2 6.63, 2 6.46, 2 6.24, 4 4.93, 11 2.54, 
70% 
3 22.15, 35 18.61, 2 10.92, 2 9.04, 2 8.46, 3 7.51, 4 6.74, 2 6.63, 2 6.46, 2 6.24, 4 4.93, 11 2.54, 
71% 
3 22.15, 35 18.61, 2 10.92, 2 9.04, 2 8.46, 3 8.06, 3 7.51, 2 6.63, 2 6.46, 2 6.24, 4 4.93, 10 2.66, 
72% 
3 22.15, 34 19.05, 2 10.92, 2 9.04, 2 8.46, 3 8.06, 3 7.51, 2 6.63, 2 6.46, 2 6.24, 4 4.93, 10 2.66, 
73% 
3 22.15, 34 19.05, 2 10.92, 2 9.04, 2 8.46, 3 8.06, 3 7.51, 2 6.63, 2 6.46, 2 6.24, 4 4.93, 6 3.74, 10 2.66, 
74% 
3 22.15, 32 19.81, 2 10.92, 2 9.04, 2 8.46, 3 8.06, 3 7.51, 2 6.63, 2 6.46, 2 6.24, 4 4.93, 6 3.74, 10 2.66, 
75% 
3 22.15, 32 19.81, 2 10.92, 2 9.04, 2 8.46, 3 8.06, 3 7.51, 2 6.63, 2 6.46, 2 6.24, 4 4.93, 5 4.17, 10 2.66, 
76% 
3 22.15, 32 19.81, 2 10.92, 2 9.04, 2 8.46, 3 8.06, 3 7.51, 2 6.63, 2 6.46, 2 6.24, 4 4.93, 4 4.76, 9 2.82, 10 2.66, 
77% 
3 22.15, 32 19.81, 2 10.92, 2 9.04, 2 8.46, 3 8.06, 3 7.51, 2 6.63, 2 6.46, 2 6.24, 3 5.91, 4 4.76, 9 2.82, 10 2.66, 
78% 
3 22.15, 32 19.81, 2 10.92, 2 9.04, 2 8.46, 3 8.06, 3 7.51, 2 7.3, 2 6.63, 2 6.46, 2 6.24, 4 4.76, 9 2.82, 10 2.66, 
79% 
3 22.15, 32 19.81, 2 10.92, 2 9.04, 2 8.46, 3 8.06, 3 7.51, 2 7.3, 2 6.63, 2 6.46, 2 6.24, 4 4.76, 9 2.82, 10 2.66, 
80% 
3 22.15, 32 19.81, 2 10.92, 2 9.04, 2 8.46, 3 8.06, 3 7.51, 2 7.3, 2 6.63, 2 6.46, 2 6.24, 4 4.76, 8 3.08, 10 2.66, 
81% 
3 22.15, 31 20.19, 2 10.92, 2 9.94, 2 9.04, 2 8.46, 3 7.51, 2 7.3, 2 6.63, 2 6.46, 2 6.24, 3 5.71, 8 3.08, 10 2.66, 
82% 
3 22.15, 31 20.19, 2 10.92, 2 9.94, 2 9.04, 2 8.46, 3 7.51, 2 7.3, 2 6.63, 2 6.46, 2 6.24, 3 5.71, 8 3.08, 10 2.66, 
83% 
3 22.15, 31 20.19, 2 10.92, 2 9.94, 2 9.04, 2 8.46, 3 7.51, 2 7.3, 2 6.63, 2 6.46, 2 6.24, 3 5.71, 8 3.08, 10 2.66, 
84% 
3 22.15, 31 20.19, 2 10.92, 2 9.94, 2 9.04, 2 8.67, 2 8.46, 3 7.51, 2 7.3, 2 6.63, 2 6.46, 2 6.24, 3 5.71, 8 3.08, 10 2.66, 
85% 
3 22.15, 31 20.19, 2 10.92, 2 9.94, 2 9.04, 2 8.67, 2 8.46, 3 7.51, 2 7.3, 2 6.63, 2 6.46, 2 6.24, 3 5.71, 8 3.08, 10 2.66, 
86% 
3 22.15, 31 20.19, 2 10.92, 2 9.94, 2 9.04, 2 8.67, 2 8.46, 3 7.51, 2 7.3, 2 6.63, 2 6.46, 2 6.24, 3 5.71, 8 3.08, 10 2.66, 
87% 
3 22.15, 31 20.19, 2 10.92, 2 9.94, 2 9.04, 2 8.67, 2 8.46, 3 7.51, 2 7.3, 2 6.63, 2 6.46, 2 6.24, 3 5.71, 7 3.49, 10 2.66, 
88% 
3 22.15, 31 20.19, 2 10.92, 2 9.94, 2 9.04, 2 8.67, 2 8.46, 3 7.51, 2 7.3, 2 6.63, 2 6.46, 2 6.24, 3 5.71, 7 3.49, 10 2.66, 
89% 
3 22.15, 31 20.19, 2 10.92, 2 9.94, 2 9.04, 2 8.67, 2 8.46, 3 7.51, 2 7.3, 2 6.63, 2 6.46, 2 6.24, 3 5.71, 7 3.49, 10 2.66, 
90% 
3 22.15, 31 20.19, 2 10.92, 2 9.94, 2 9.04, 2 8.67, 2 8.46, 3 7.51, 2 7.3, 2 6.63, 2 6.46, 2 6.24, 3 5.71, 7 3.49, 10 2.66, 
91% 
3 22.15, 31 20.19, 2 10.92, 2 9.94, 2 9.04, 2 8.67, 2 8.46, 3 7.51, 2 7.3, 2 6.63, 2 6.46, 2 6.24, 3 5.71, 7 3.49, 10 2.66, 
92% 
3 22.15, 31 20.19, 2 10.92, 2 9.94, 2 9.04, 2 8.67, 2 8.46, 3 7.51, 2 7.3, 2 6.63, 2 6.46, 2 6.24, 3 5.71, 7 3.49, 10 2.66, 
93% 
3 22.15, 30 20.7, 2 10.92, 2 9.94, 2 9.04, 2 8.67, 2 8.46, 3 7.51, 2 7.3, 2 6.63, 2 6.46, 2 6.24, 3 5.71, 6 3.68, 10 2.66, 
94% 
3 22.15, 29 21.13, 2 10.92, 2 9.94, 2 9.04, 2 8.67, 2 8.46, 3 7.51, 2 7.3, 2 6.63, 2 6.46, 2 6.24, 3 5.71, 6 3.68, 10 2.66, 
95% 
3 22.15, 29 21.13, 2 10.92, 2 9.94, 2 9.04, 2 8.67, 2 8.46, 3 7.51, 2 7.3, 2 6.63, 2 6.46, 2 6.24, 3 5.71, 6 3.68, 10 2.66, 
96% 
3 22.15, 29 21.13, 2 10.92, 2 9.94, 2 9.04, 2 8.67, 2 8.46, 3 7.51, 2 7.3, 2 6.63, 2 6.46, 2 6.24, 3 5.71, 6 3.68, 10 2.66, 
97% 
3 22.15, 29 21.13, 2 10.92, 2 9.94, 2 9.04, 2 8.67, 2 8.46, 3 7.51, 2 7.3, 2 6.63, 2 6.46, 2 6.24, 3 5.71, 6 3.68, 10 2.66, 
98% 
3 22.15, 29 21.13, 2 10.92, 2 9.94, 2 9.27, 2 9.04, 2 8.67, 2 8.46, 2 7.3, 2 6.63, 2 6.46, 2 6.24, 3 5.71, 6 3.68, 9 2.87, 
99% 
3 22.15, 29 21.13, 2 10.92, 2 9.94, 2 9.27, 2 9.04, 2 8.67, 2 8.46, 2 7.3, 2 6.63, 2 6.46, 2 6.24, 3 5.71, 6 3.68, 9 2.87, 
100%
3 22.15, 29 21.13, 2 10.92, 2 9.94, 2 9.27, 2 9.04, 2 8.67, 2 8.46, 2 7.3, 2 6.63, 2 6.46, 2 6.24, 3 5.71, 6 3.68, 9 2.87, 
