-sif=/home/safia/anaconda3/lib/R/library/pathfindR/extdata/KEGG.sif
-sig=/home/safia/Documents/pathfindR_Results(1)/active_snw_searches/Iteration_4/active_snw_search/input_for_search.txt
-method=SA
-saTemp0=1
-saTemp1=0.01
-saIter=10000
-geneInitProb=0.0733333333333333
-gaPop=400
-gaIter=200
-gaThread=5
-gaMut=0
-grMaxDepth=1
-grSearchDepth=1
-grOverlap=0.5
-grSubNum=1000
116 -0.06, 2 -0.11, 2 -0.11, 2 -0.11, 2 -0.11, 2 -0.11, 2 -0.11, 2 -0.11, 2 -0.11, 2 -0.11, 2 -0.11, 2 -0.11, 2 -0.11, 2 -0.11, 2 -0.11, 2 -0.11, 3 -0.13, 3 -0.13, 4 -0.15, 4 -0.15, 5 -0.18, 5 -0.18, 6 -0.2, 10 -0.25, 12 -0.27, 
Percentage of finished job, node number and score of modules that have more than one node are as follows:
0%
1% 
114 -0.04, 2 -0.11, 2 -0.11, 2 -0.11, 2 -0.11, 2 -0.11, 2 -0.11, 2 -0.11, 2 -0.11, 2 -0.11, 2 -0.11, 2 -0.11, 2 -0.11, 2 -0.11, 2 -0.11, 2 -0.11, 3 -0.13, 3 -0.13, 4 -0.15, 4 -0.15, 5 -0.18, 5 -0.18, 6 -0.2, 10 -0.25, 12 -0.27, 
2% 
2 10, 96 0.09, 2 -0.11, 2 -0.11, 2 -0.11, 2 -0.11, 2 -0.11, 2 -0.11, 2 -0.11, 2 -0.11, 2 -0.11, 2 -0.11, 2 -0.11, 2 -0.11, 2 -0.11, 2 -0.11, 2 -0.11, 2 -0.11, 3 -0.13, 3 -0.13, 4 -0.15, 4 -0.15, 4 -0.15, 5 -0.18, 5 -0.18, 6 -0.2, 7 -0.21, 9 -0.24, 11 -0.26, 
3% 
2 10, 93 0.11, 2 -0.11, 2 -0.11, 2 -0.11, 2 -0.11, 2 -0.11, 2 -0.11, 2 -0.11, 2 -0.11, 2 -0.11, 2 -0.11, 2 -0.11, 2 -0.11, 2 -0.11, 2 -0.11, 2 -0.11, 2 -0.11, 2 -0.11, 3 -0.13, 4 -0.15, 4 -0.15, 4 -0.15, 5 -0.18, 5 -0.18, 6 -0.2, 7 -0.21, 9 -0.24, 11 -0.26, 
4% 
2 10, 88 0.14, 2 -0.11, 2 -0.11, 2 -0.11, 2 -0.11, 2 -0.11, 2 -0.11, 2 -0.11, 2 -0.11, 2 -0.11, 2 -0.11, 2 -0.11, 2 -0.11, 2 -0.11, 2 -0.11, 2 -0.11, 2 -0.11, 2 -0.11, 3 -0.13, 4 -0.15, 4 -0.15, 4 -0.15, 4 -0.15, 5 -0.18, 6 -0.2, 7 -0.21, 9 -0.24, 11 -0.26, 
5% 
2 10, 93 1.89, 2 -0.11, 2 -0.11, 2 -0.11, 2 -0.11, 2 -0.11, 2 -0.11, 2 -0.11, 2 -0.11, 2 -0.11, 2 -0.11, 2 -0.11, 2 -0.11, 2 -0.11, 2 -0.11, 2 -0.11, 3 -0.13, 3 -0.13, 4 -0.15, 4 -0.15, 4 -0.15, 5 -0.18, 6 -0.2, 7 -0.21, 8 -0.22, 11 -0.26, 
6% 
2 10, 87 1.97, 2 -0.11, 2 -0.11, 2 -0.11, 2 -0.11, 2 -0.11, 2 -0.11, 2 -0.11, 2 -0.11, 2 -0.11, 2 -0.11, 2 -0.11, 2 -0.11, 2 -0.11, 2 -0.11, 2 -0.11, 3 -0.13, 3 -0.13, 4 -0.15, 4 -0.15, 4 -0.15, 5 -0.18, 6 -0.2, 7 -0.21, 8 -0.22, 11 -0.26, 
7% 
2 10, 84 2.05, 2 -0.11, 2 -0.11, 2 -0.11, 2 -0.11, 2 -0.11, 2 -0.11, 2 -0.11, 2 -0.11, 2 -0.11, 2 -0.11, 2 -0.11, 2 -0.11, 2 -0.11, 2 -0.11, 2 -0.11, 3 -0.13, 3 -0.13, 4 -0.15, 4 -0.15, 4 -0.15, 5 -0.18, 6 -0.2, 7 -0.21, 7 -0.21, 11 -0.26, 
8% 
2 10, 82 2.09, 2 -0.11, 2 -0.11, 2 -0.11, 2 -0.11, 2 -0.11, 2 -0.11, 2 -0.11, 2 -0.11, 2 -0.11, 2 -0.11, 2 -0.11, 2 -0.11, 2 -0.11, 2 -0.11, 2 -0.11, 3 -0.13, 3 -0.13, 3 -0.13, 4 -0.15, 4 -0.15, 5 -0.18, 5 -0.18, 6 -0.2, 7 -0.21, 10 -0.25, 
9% 
2 10, 82 2.09, 2 -0.11, 2 -0.11, 2 -0.11, 2 -0.11, 2 -0.11, 2 -0.11, 2 -0.11, 2 -0.11, 2 -0.11, 2 -0.11, 2 -0.11, 2 -0.11, 2 -0.11, 2 -0.11, 2 -0.11, 3 -0.13, 3 -0.13, 3 -0.13, 4 -0.15, 4 -0.15, 4 -0.15, 5 -0.18, 6 -0.2, 7 -0.21, 10 -0.25, 
10% 
2 10, 80 2.13, 2 -0.11, 2 -0.11, 2 -0.11, 2 -0.11, 2 -0.11, 2 -0.11, 2 -0.11, 2 -0.11, 2 -0.11, 2 -0.11, 2 -0.11, 2 -0.11, 2 -0.11, 2 -0.11, 3 -0.13, 3 -0.13, 3 -0.13, 3 -0.13, 4 -0.15, 4 -0.15, 5 -0.18, 5 -0.18, 7 -0.21, 10 -0.25, 
11% 
2 10, 75 2.23, 2 -0.11, 2 -0.11, 2 -0.11, 2 -0.11, 2 -0.11, 2 -0.11, 2 -0.11, 2 -0.11, 2 -0.11, 2 -0.11, 2 -0.11, 2 -0.11, 2 -0.11, 2 -0.11, 3 -0.13, 3 -0.13, 3 -0.13, 3 -0.13, 4 -0.15, 4 -0.15, 5 -0.18, 5 -0.18, 7 -0.21, 10 -0.25, 
12% 
2 10, 8 2.88, 73 2.28, 2 -0.11, 2 -0.11, 2 -0.11, 2 -0.11, 2 -0.11, 2 -0.11, 2 -0.11, 2 -0.11, 2 -0.11, 2 -0.11, 2 -0.11, 2 -0.11, 2 -0.11, 3 -0.13, 3 -0.13, 3 -0.13, 3 -0.13, 4 -0.15, 4 -0.15, 5 -0.18, 7 -0.21, 10 -0.25, 
13% 
2 10, 8 2.88, 72 2.32, 2 -0.11, 2 -0.11, 2 -0.11, 2 -0.11, 2 -0.11, 2 -0.11, 2 -0.11, 2 -0.11, 2 -0.11, 2 -0.11, 2 -0.11, 2 -0.11, 3 -0.13, 3 -0.13, 3 -0.13, 3 -0.13, 4 -0.15, 4 -0.15, 5 -0.18, 7 -0.21, 10 -0.25, 
14% 
2 10, 8 2.88, 72 2.32, 2 -0.11, 2 -0.11, 2 -0.11, 2 -0.11, 2 -0.11, 2 -0.11, 2 -0.11, 2 -0.11, 2 -0.11, 2 -0.11, 2 -0.11, 2 -0.11, 2 -0.11, 3 -0.13, 3 -0.13, 3 -0.13, 4 -0.15, 4 -0.15, 5 -0.18, 7 -0.21, 10 -0.25, 
15% 
2 10, 74 3.38, 8 2.88, 2 -0.11, 2 -0.11, 2 -0.11, 2 -0.11, 2 -0.11, 2 -0.11, 2 -0.11, 2 -0.11, 2 -0.11, 2 -0.11, 2 -0.11, 2 -0.11, 2 -0.11, 3 -0.13, 3 -0.13, 3 -0.13, 4 -0.15, 4 -0.15, 5 -0.18, 7 -0.21, 10 -0.25, 
16% 
2 10, 72 3.46, 8 2.88, 2 -0.11, 2 -0.11, 2 -0.11, 2 -0.11, 2 -0.11, 2 -0.11, 2 -0.11, 2 -0.11, 2 -0.11, 2 -0.11, 2 -0.11, 2 -0.11, 2 -0.11, 3 -0.13, 3 -0.13, 3 -0.13, 4 -0.15, 4 -0.15, 5 -0.18, 7 -0.21, 10 -0.25, 
17% 
2 10, 72 3.46, 8 2.88, 2 -0.11, 2 -0.11, 2 -0.11, 2 -0.11, 2 -0.11, 2 -0.11, 2 -0.11, 2 -0.11, 2 -0.11, 2 -0.11, 2 -0.11, 2 -0.11, 3 -0.13, 3 -0.13, 3 -0.13, 4 -0.15, 4 -0.15, 5 -0.18, 7 -0.21, 9 -0.24, 
18% 
2 10, 89 5.84, 2 -0.11, 2 -0.11, 2 -0.11, 2 -0.11, 2 -0.11, 2 -0.11, 2 -0.11, 2 -0.11, 2 -0.11, 2 -0.11, 3 -0.13, 3 -0.13, 3 -0.13, 4 -0.15, 4 -0.15, 5 -0.18, 7 -0.21, 9 -0.24, 
19% 
2 10, 89 5.84, 2 -0.11, 2 -0.11, 2 -0.11, 2 -0.11, 2 -0.11, 2 -0.11, 2 -0.11, 2 -0.11, 2 -0.11, 2 -0.11, 3 -0.13, 3 -0.13, 3 -0.13, 4 -0.15, 4 -0.15, 5 -0.18, 7 -0.21, 9 -0.24, 
20% 
2 10, 89 5.84, 2 -0.11, 2 -0.11, 2 -0.11, 2 -0.11, 2 -0.11, 2 -0.11, 2 -0.11, 2 -0.11, 2 -0.11, 2 -0.11, 3 -0.13, 3 -0.13, 3 -0.13, 4 -0.15, 4 -0.15, 5 -0.18, 7 -0.21, 8 -0.22, 
21% 
2 10, 96 6.69, 2 -0.11, 2 -0.11, 2 -0.11, 2 -0.11, 2 -0.11, 2 -0.11, 2 -0.11, 2 -0.11, 3 -0.13, 3 -0.13, 4 -0.15, 4 -0.15, 5 -0.18, 7 -0.21, 8 -0.22, 
22% 
2 10, 103 7.94, 2 -0.11, 2 -0.11, 2 -0.11, 2 -0.11, 2 -0.11, 2 -0.11, 2 -0.11, 2 -0.11, 3 -0.13, 3 -0.13, 4 -0.15, 4 -0.15, 5 -0.18, 7 -0.21, 
23% 
2 10, 100 8.09, 2 -0.11, 2 -0.11, 2 -0.11, 2 -0.11, 2 -0.11, 2 -0.11, 2 -0.11, 3 -0.13, 3 -0.13, 4 -0.15, 4 -0.15, 5 -0.18, 7 -0.21, 
24% 
2 10, 99 8.13, 2 -0.11, 2 -0.11, 2 -0.11, 2 -0.11, 2 -0.11, 2 -0.11, 2 -0.11, 2 -0.11, 3 -0.13, 4 -0.15, 4 -0.15, 5 -0.18, 7 -0.21, 
25% 
2 10, 96 8.23, 2 -0.11, 2 -0.11, 2 -0.11, 2 -0.11, 2 -0.11, 2 -0.11, 2 -0.11, 2 -0.11, 3 -0.13, 4 -0.15, 5 -0.18, 7 -0.21, 
26% 
2 10, 94 8.3, 2 -0.11, 2 -0.11, 2 -0.11, 2 -0.11, 2 -0.11, 2 -0.11, 2 -0.11, 3 -0.13, 4 -0.15, 5 -0.18, 7 -0.21, 
27% 
94 10.42, 2 10, 2 -0.11, 2 -0.11, 2 -0.11, 2 -0.11, 2 -0.11, 2 -0.11, 2 -0.11, 3 -0.13, 4 -0.15, 5 -0.18, 7 -0.21, 
28% 
91 10.55, 2 10, 2 -0.11, 2 -0.11, 2 -0.11, 2 -0.11, 2 -0.11, 2 -0.11, 2 -0.11, 3 -0.13, 4 -0.15, 4 -0.15, 7 -0.21, 
29% 
86 10.83, 2 10, 2 -0.11, 2 -0.11, 2 -0.11, 2 -0.11, 2 -0.11, 2 -0.11, 2 -0.11, 3 -0.13, 4 -0.15, 4 -0.15, 7 -0.21, 
30% 
86 10.83, 2 10, 2 -0.11, 2 -0.11, 2 -0.11, 2 -0.11, 2 -0.11, 2 -0.11, 2 -0.11, 3 -0.13, 4 -0.15, 4 -0.15, 7 -0.21, 
31% 
89 13.16, 2 -0.11, 2 -0.11, 2 -0.11, 2 -0.11, 2 -0.11, 2 -0.11, 2 -0.11, 3 -0.13, 3 -0.13, 4 -0.15, 7 -0.21, 
32% 
103 13.95, 2 -0.11, 2 -0.11, 2 -0.11, 2 -0.11, 2 -0.11, 2 -0.11, 3 -0.13, 3 -0.13, 4 -0.15, 
33% 
101 14.11, 2 -0.11, 2 -0.11, 2 -0.11, 2 -0.11, 2 -0.11, 3 -0.13, 3 -0.13, 4 -0.15, 
34% 
99 14.27, 2 -0.11, 2 -0.11, 2 -0.11, 2 -0.11, 2 -0.11, 2 -0.11, 3 -0.13, 4 -0.15, 
35% 
99 14.27, 2 -0.11, 2 -0.11, 2 -0.11, 2 -0.11, 2 -0.11, 2 -0.11, 3 -0.13, 4 -0.15, 
36% 
99 15.15, 2 -0.11, 2 -0.11, 2 -0.11, 2 -0.11, 2 -0.11, 2 -0.11, 3 -0.13, 4 -0.15, 
37% 
99 15.15, 2 -0.11, 2 -0.11, 2 -0.11, 2 -0.11, 2 -0.11, 2 -0.11, 3 -0.13, 4 -0.15, 
38% 
98 15.2, 2 -0.11, 2 -0.11, 2 -0.11, 2 -0.11, 2 -0.11, 2 -0.11, 3 -0.13, 4 -0.15, 
39% 
96 15.3, 2 -0.11, 2 -0.11, 2 -0.11, 2 -0.11, 2 -0.11, 2 -0.11, 3 -0.13, 4 -0.15, 
40% 
94 15.43, 2 -0.11, 2 -0.11, 2 -0.11, 2 -0.11, 2 -0.11, 2 -0.11, 2 -0.11, 4 -0.15, 
41% 
94 15.43, 2 -0.11, 2 -0.11, 2 -0.11, 2 -0.11, 2 -0.11, 2 -0.11, 2 -0.11, 4 -0.15, 
42% 
99 16.3, 2 -0.11, 2 -0.11, 2 -0.11, 2 -0.11, 2 -0.11, 2 -0.11, 2 -0.11, 4 -0.15, 
43% 
99 16.3, 2 -0.11, 2 -0.11, 2 -0.11, 2 -0.11, 2 -0.11, 2 -0.11, 2 -0.11, 4 -0.15, 
44% 
96 16.46, 2 -0.11, 2 -0.11, 2 -0.11, 2 -0.11, 2 -0.11, 2 -0.11, 2 -0.11, 4 -0.15, 
45% 
94 16.6, 2 -0.11, 2 -0.11, 2 -0.11, 2 -0.11, 2 -0.11, 2 -0.11, 2 -0.11, 4 -0.15, 
46% 
104 17.72, 2 -0.11, 2 -0.11, 2 -0.11, 2 -0.11, 2 -0.11, 2 -0.11, 2 -0.11, 4 -0.15, 
47% 
116 18.41, 2 -0.11, 2 -0.11, 2 -0.11, 2 -0.11, 2 -0.11, 4 -0.15, 
48% 
114 18.52, 3 7.01, 2 -0.11, 2 -0.11, 2 -0.11, 2 -0.11, 2 -0.11, 4 -0.15, 
49% 
113 18.64, 3 7.01, 4 6.59, 2 -0.11, 2 -0.11, 2 -0.11, 2 -0.11, 2 -0.11, 4 -0.15, 
50% 
113 18.64, 3 7.01, 4 6.59, 2 -0.11, 2 -0.11, 2 -0.11, 2 -0.11, 2 -0.11, 4 -0.15, 
51% 
111 18.81, 3 7.01, 4 6.59, 2 -0.11, 2 -0.11, 2 -0.11, 2 -0.11, 2 -0.11, 4 -0.15, 
52% 
110 18.89, 3 7.01, 4 6.59, 2 -0.11, 2 -0.11, 2 -0.11, 2 -0.11, 4 -0.15, 
53% 
110 18.89, 3 7.01, 4 6.59, 2 -0.11, 2 -0.11, 2 -0.11, 2 -0.11, 4 -0.15, 
54% 
107 19.36, 3 7.01, 4 6.59, 2 -0.11, 2 -0.11, 2 -0.11, 2 -0.11, 4 -0.15, 
55% 
106 19.42, 3 7.01, 4 6.59, 2 -0.11, 2 -0.11, 2 -0.11, 2 -0.11, 4 -0.15, 
56% 
110 20.16, 3 7.01, 2 -0.11, 2 -0.11, 2 -0.11, 2 -0.11, 4 -0.15, 
57% 
106 20.73, 3 7.01, 2 -0.11, 2 -0.11, 2 -0.11, 2 -0.11, 4 -0.15, 
58% 
105 20.76, 3 7.01, 7 3.77, 2 -0.11, 2 -0.11, 2 -0.11, 2 -0.11, 4 -0.15, 
59% 
105 20.76, 3 7.01, 7 3.77, 2 -0.11, 2 -0.11, 2 -0.11, 2 -0.11, 4 -0.15, 
60% 
114 22.37, 3 7.01, 2 -0.11, 2 -0.11, 2 -0.11, 2 -0.11, 4 -0.15, 
61% 
112 22.63, 3 7.01, 2 -0.11, 2 -0.11, 2 -0.11, 2 -0.11, 4 -0.15, 
62% 
110 22.81, 2 7.94, 3 7.01, 2 -0.11, 2 -0.11, 2 -0.11, 2 -0.11, 4 -0.15, 
63% 
107 23.37, 2 7.94, 3 7.01, 2 -0.11, 2 -0.11, 2 -0.11, 2 -0.11, 4 -0.15, 
64% 
107 23.37, 2 7.94, 3 7.01, 2 -0.11, 2 -0.11, 2 -0.11, 2 -0.11, 4 -0.15, 
65% 
107 23.37, 2 7.94, 3 7.01, 2 -0.11, 2 -0.11, 2 -0.11, 2 -0.11, 4 -0.15, 
66% 
106 23.45, 2 7.94, 3 7.01, 2 -0.11, 2 -0.11, 2 -0.11, 2 -0.11, 4 -0.15, 
67% 
105 23.48, 2 7.94, 3 7.01, 2 -0.11, 2 -0.11, 2 -0.11, 2 -0.11, 4 -0.15, 
68% 
105 23.48, 2 7.94, 3 7.01, 2 -0.11, 2 -0.11, 2 -0.11, 2 -0.11, 4 -0.15, 
69% 
102 23.7, 2 7.94, 3 7.01, 2 -0.11, 2 -0.11, 2 -0.11, 2 -0.11, 4 -0.15, 
70% 
102 24.9, 2 7.94, 3 7.01, 2 -0.11, 2 -0.11, 2 -0.11, 2 -0.11, 4 -0.15, 
71% 
102 24.9, 2 7.94, 3 7.01, 2 -0.11, 2 -0.11, 2 -0.11, 2 -0.11, 4 -0.15, 
72% 
102 24.9, 2 7.94, 3 7.01, 2 -0.11, 2 -0.11, 2 -0.11, 4 -0.15, 
73% 
102 24.9, 2 7.94, 3 7.01, 7 4.13, 2 -0.11, 2 -0.11, 2 -0.11, 4 -0.15, 
74% 
100 25.24, 2 7.94, 3 7.01, 7 4.13, 2 -0.11, 2 -0.11, 2 -0.11, 4 -0.15, 
75% 
99 25.37, 2 7.94, 3 7.01, 7 4.13, 2 -0.11, 2 -0.11, 2 -0.11, 4 -0.15, 
76% 
98 25.45, 2 7.94, 3 7.01, 7 4.13, 2 -0.11, 2 -0.11, 2 -0.11, 4 -0.15, 
77% 
97 25.52, 2 7.94, 3 7.01, 7 4.13, 2 -0.11, 2 -0.11, 2 -0.11, 4 -0.15, 
78% 
96 25.62, 2 7.94, 3 7.01, 7 4.13, 2 -0.11, 2 -0.11, 2 -0.11, 4 -0.15, 
79% 
95 25.68, 2 7.94, 3 7.01, 7 4.13, 2 -0.11, 2 -0.11, 2 -0.11, 4 -0.15, 
80% 
94 25.82, 2 8.27, 2 7.94, 7 4.13, 2 -0.11, 2 -0.11, 2 -0.11, 4 -0.15, 
81% 
94 25.82, 2 8.27, 2 7.94, 7 4.13, 2 -0.11, 2 -0.11, 2 -0.11, 4 -0.15, 
82% 
93 25.88, 2 8.27, 2 7.94, 7 4.13, 2 -0.11, 2 -0.11, 2 -0.11, 4 -0.15, 
83% 
88 26.47, 2 8.27, 2 7.94, 7 4.13, 2 -0.11, 2 -0.11, 2 -0.11, 3 -0.13, 
84% 
87 26.51, 2 8.27, 2 7.94, 7 4.13, 2 -0.11, 2 -0.11, 2 -0.11, 3 -0.13, 
85% 
86 26.76, 2 8.27, 2 7.94, 7 4.13, 2 -0.11, 2 -0.11, 3 -0.13, 
86% 
86 26.76, 2 8.27, 2 7.94, 7 4.13, 2 -0.11, 2 -0.11, 2 -0.11, 
87% 
94 27.09, 2 8.27, 2 7.94, 2 -0.11, 2 -0.11, 2 -0.11, 
88% 
97 28.42, 2 8.27, 2 7.94, 2 -0.11, 2 -0.11, 
89% 
94 28.75, 2 8.27, 2 7.94, 2 -0.11, 2 -0.11, 
90% 
94 28.75, 2 8.27, 2 7.94, 2 -0.11, 2 -0.11, 
91% 
94 28.75, 2 8.27, 2 7.94, 2 -0.11, 2 -0.11, 
92% 
92 28.91, 2 8.27, 2 7.94, 2 -0.11, 2 -0.11, 
93% 
92 28.91, 2 8.27, 2 7.94, 2 -0.11, 2 -0.11, 
94% 
92 28.91, 2 8.27, 2 7.94, 2 -0.11, 2 -0.11, 
95% 
92 28.91, 2 8.27, 2 7.94, 2 -0.11, 
96% 
91 29.07, 2 8.27, 2 7.94, 2 -0.11, 
97% 
90 29.25, 2 8.27, 2 7.94, 2 -0.11, 
98% 
89 29.32, 2 8.27, 2 7.94, 2 -0.11, 
99% 
88 29.47, 2 8.27, 2 7.94, 2 -0.11, 
100%
88 29.47, 2 8.27, 2 7.94, 3 4.83, 2 -0.11, 
