-sif=/home/safia/anaconda3/lib/R/library/pathfindR/extdata/KEGG.sif
-sig=/home/safia/Documents/pathfindR_Results(2)/active_snw_searches/Iteration_9/active_snw_search/input_for_search.txt
-method=SA
-saTemp0=1
-saTemp1=0.01
-saIter=10000
-geneInitProb=0.178888888888889
-gaPop=400
-gaIter=200
-gaThread=5
-gaMut=0
-grMaxDepth=1
-grSearchDepth=1
-grOverlap=0.5
-grSubNum=1000
2 4.66, 3 4.05, 2 3.53, 2 3.08, 2 2.18, 2 2.17, 2 1.99, 17 1.32, 2 -0.33, 2 -0.33, 2 -0.33, 2 -0.33, 2 -0.33, 2 -0.33, 2 -0.33, 2 -0.33, 2 -0.33, 2 -0.33, 2 -0.33, 2 -0.33, 2 -0.33, 2 -0.33, 2 -0.33, 2 -0.33, 2 -0.33, 2 -0.33, 2 -0.33, 2 -0.33, 2 -0.33, 2 -0.33, 2 -0.33, 2 -0.33, 2 -0.33, 2 -0.33, 2 -0.33, 2 -0.33, 2 -0.33, 2 -0.33, 3 -0.42, 3 -0.42, 3 -0.42, 3 -0.42, 3 -0.42, 3 -0.42, 3 -0.42, 3 -0.42, 3 -0.42, 3 -0.42, 596 -0.5, 5 -0.56, 5 -0.56, 5 -0.56, 5 -0.56, 
Percentage of finished job, node number and score of modules that have more than one node are as follows:
0%
1% 
2 4.66, 3 4.05, 2 3.53, 2 3.08, 2 2.81, 2 2.18, 2 2.17, 2 1.99, 17 1.32, 591 0.08, 2 -0.33, 2 -0.33, 2 -0.33, 2 -0.33, 2 -0.33, 2 -0.33, 2 -0.33, 2 -0.33, 2 -0.33, 2 -0.33, 2 -0.33, 2 -0.33, 2 -0.33, 2 -0.33, 2 -0.33, 2 -0.33, 2 -0.33, 2 -0.33, 2 -0.33, 2 -0.33, 2 -0.33, 2 -0.33, 2 -0.33, 2 -0.33, 2 -0.33, 2 -0.33, 2 -0.33, 2 -0.33, 2 -0.33, 3 -0.42, 3 -0.42, 3 -0.42, 3 -0.42, 3 -0.42, 3 -0.42, 3 -0.42, 3 -0.42, 3 -0.42, 3 -0.42, 5 -0.56, 5 -0.56, 5 -0.56, 5 -0.56, 
2% 
4 5.74, 2 4.66, 2 3.53, 5 3.5, 2 3.08, 2 2.81, 2 2.18, 2 2.17, 2 1.99, 17 1.32, 588 0.77, 2 -0.33, 2 -0.33, 2 -0.33, 2 -0.33, 2 -0.33, 2 -0.33, 2 -0.33, 2 -0.33, 2 -0.33, 2 -0.33, 2 -0.33, 2 -0.33, 2 -0.33, 2 -0.33, 2 -0.33, 2 -0.33, 2 -0.33, 2 -0.33, 2 -0.33, 2 -0.33, 2 -0.33, 2 -0.33, 2 -0.33, 2 -0.33, 2 -0.33, 2 -0.33, 2 -0.33, 3 -0.42, 3 -0.42, 3 -0.42, 3 -0.42, 3 -0.42, 3 -0.42, 3 -0.42, 3 -0.42, 3 -0.42, 5 -0.56, 5 -0.56, 5 -0.56, 5 -0.56, 
3% 
4 5.74, 2 4.66, 2 4.41, 2 3.53, 5 3.5, 2 3.08, 2 2.81, 2 2.18, 2 2.17, 2 1.99, 3 1.84, 590 1.76, 17 1.32, 2 -0.33, 2 -0.33, 2 -0.33, 2 -0.33, 2 -0.33, 2 -0.33, 2 -0.33, 2 -0.33, 2 -0.33, 2 -0.33, 2 -0.33, 2 -0.33, 2 -0.33, 2 -0.33, 2 -0.33, 2 -0.33, 2 -0.33, 2 -0.33, 2 -0.33, 2 -0.33, 2 -0.33, 2 -0.33, 2 -0.33, 2 -0.33, 2 -0.33, 2 -0.33, 2 -0.33, 3 -0.42, 3 -0.42, 3 -0.42, 3 -0.42, 3 -0.42, 3 -0.42, 4 -0.49, 5 -0.56, 5 -0.56, 5 -0.56, 
4% 
4 5.74, 2 4.66, 2 4.41, 2 3.53, 5 3.5, 2 3.08, 2 3.06, 580 2.9, 2 2.81, 2 2.46, 2 2.18, 2 2.17, 2 1.99, 3 1.84, 17 1.32, 7 0.58, 2 -0.33, 2 -0.33, 2 -0.33, 2 -0.33, 2 -0.33, 2 -0.33, 2 -0.33, 2 -0.33, 2 -0.33, 2 -0.33, 2 -0.33, 2 -0.33, 2 -0.33, 2 -0.33, 2 -0.33, 2 -0.33, 2 -0.33, 2 -0.33, 2 -0.33, 2 -0.33, 2 -0.33, 2 -0.33, 2 -0.33, 2 -0.33, 2 -0.33, 2 -0.33, 2 -0.33, 2 -0.33, 2 -0.33, 3 -0.42, 3 -0.42, 3 -0.42, 3 -0.42, 3 -0.42, 3 -0.42, 4 -0.49, 5 -0.56, 5 -0.56, 
5% 
4 5.74, 2 4.66, 2 4.41, 2 3.53, 567 3.51, 5 3.5, 2 3.15, 2 3.08, 2 3.06, 2 2.81, 2 2.46, 2 2.18, 2 2.17, 2 1.99, 3 1.84, 17 1.32, 7 0.58, 2 -0.33, 2 -0.33, 2 -0.33, 2 -0.33, 2 -0.33, 2 -0.33, 2 -0.33, 2 -0.33, 2 -0.33, 2 -0.33, 2 -0.33, 2 -0.33, 2 -0.33, 2 -0.33, 2 -0.33, 2 -0.33, 2 -0.33, 2 -0.33, 2 -0.33, 2 -0.33, 2 -0.33, 2 -0.33, 2 -0.33, 2 -0.33, 2 -0.33, 2 -0.33, 2 -0.33, 2 -0.33, 3 -0.42, 3 -0.42, 3 -0.42, 3 -0.42, 3 -0.42, 3 -0.42, 4 -0.49, 5 -0.56, 5 -0.56, 
6% 
4 5.74, 2 4.66, 2 4.41, 559 3.62, 2 3.53, 5 3.5, 2 3.15, 2 3.08, 2 3.06, 2 2.81, 2 2.46, 3 2.34, 3 2.27, 2 2.18, 2 2.17, 2 1.99, 3 1.84, 17 1.32, 7 0.58, 2 -0.33, 2 -0.33, 2 -0.33, 2 -0.33, 2 -0.33, 2 -0.33, 2 -0.33, 2 -0.33, 2 -0.33, 2 -0.33, 2 -0.33, 2 -0.33, 2 -0.33, 2 -0.33, 2 -0.33, 2 -0.33, 2 -0.33, 2 -0.33, 2 -0.33, 2 -0.33, 2 -0.33, 2 -0.33, 2 -0.33, 2 -0.33, 2 -0.33, 2 -0.33, 3 -0.42, 3 -0.42, 3 -0.42, 3 -0.42, 4 -0.49, 5 -0.56, 5 -0.56, 5 -0.56, 
7% 
4 5.74, 2 4.66, 2 4.41, 557 3.88, 5 3.5, 2 3.15, 2 3.08, 2 3.06, 2 2.81, 2 2.46, 2 2.46, 3 2.34, 3 2.27, 2 2.18, 2 2.17, 2 1.99, 3 1.84, 17 1.32, 7 0.58, 2 -0.33, 2 -0.33, 2 -0.33, 2 -0.33, 2 -0.33, 2 -0.33, 2 -0.33, 2 -0.33, 2 -0.33, 2 -0.33, 2 -0.33, 2 -0.33, 2 -0.33, 2 -0.33, 2 -0.33, 2 -0.33, 2 -0.33, 2 -0.33, 2 -0.33, 2 -0.33, 2 -0.33, 2 -0.33, 2 -0.33, 2 -0.33, 2 -0.33, 2 -0.33, 3 -0.42, 3 -0.42, 3 -0.42, 3 -0.42, 4 -0.49, 5 -0.56, 5 -0.56, 5 -0.56, 
8% 
4 5.74, 558 4.66, 2 4.66, 2 4.41, 5 3.5, 2 3.15, 2 3.08, 2 3.06, 2 2.81, 2 2.46, 2 2.46, 3 2.34, 3 2.27, 2 2.18, 2 2.17, 2 1.99, 3 1.84, 16 1.41, 7 0.58, 2 -0.33, 2 -0.33, 2 -0.33, 2 -0.33, 2 -0.33, 2 -0.33, 2 -0.33, 2 -0.33, 2 -0.33, 2 -0.33, 2 -0.33, 2 -0.33, 2 -0.33, 2 -0.33, 2 -0.33, 2 -0.33, 2 -0.33, 2 -0.33, 2 -0.33, 2 -0.33, 2 -0.33, 2 -0.33, 2 -0.33, 2 -0.33, 2 -0.33, 2 -0.33, 3 -0.42, 3 -0.42, 3 -0.42, 4 -0.49, 5 -0.56, 5 -0.56, 5 -0.56, 
9% 
560 5.99, 4 5.74, 2 4.66, 2 4.41, 5 3.5, 2 3.15, 2 3.08, 2 2.81, 2 2.73, 2 2.46, 2 2.46, 3 2.34, 3 2.27, 2 2.21, 2 2.18, 2 2.17, 2 1.99, 3 1.84, 16 1.41, 7 0.58, 2 -0.33, 2 -0.33, 2 -0.33, 2 -0.33, 2 -0.33, 2 -0.33, 2 -0.33, 2 -0.33, 2 -0.33, 2 -0.33, 2 -0.33, 2 -0.33, 2 -0.33, 2 -0.33, 2 -0.33, 2 -0.33, 2 -0.33, 2 -0.33, 2 -0.33, 2 -0.33, 2 -0.33, 2 -0.33, 2 -0.33, 2 -0.33, 3 -0.42, 3 -0.42, 3 -0.42, 4 -0.49, 5 -0.56, 5 -0.56, 5 -0.56, 
10% 
558 6.74, 4 5.74, 2 4.66, 2 4.41, 5 3.5, 2 3.15, 2 2.81, 2 2.73, 2 2.46, 2 2.46, 3 2.34, 3 2.27, 2 2.21, 2 2.18, 2 2.17, 2 1.99, 3 1.84, 16 1.41, 7 0.58, 2 -0.33, 2 -0.33, 2 -0.33, 2 -0.33, 2 -0.33, 2 -0.33, 2 -0.33, 2 -0.33, 2 -0.33, 2 -0.33, 2 -0.33, 2 -0.33, 2 -0.33, 2 -0.33, 2 -0.33, 2 -0.33, 2 -0.33, 2 -0.33, 2 -0.33, 2 -0.33, 2 -0.33, 2 -0.33, 2 -0.33, 2 -0.33, 3 -0.42, 3 -0.42, 3 -0.42, 4 -0.49, 5 -0.56, 5 -0.56, 5 -0.56, 
11% 
561 7.19, 4 5.74, 2 4.66, 2 4.41, 5 3.5, 2 3.15, 2 2.81, 2 2.73, 2 2.46, 2 2.46, 3 2.34, 3 2.27, 2 2.21, 2 2.18, 2 2.17, 2 1.99, 3 1.84, 16 1.41, 5 0.98, 7 0.58, 2 -0.33, 2 -0.33, 2 -0.33, 2 -0.33, 2 -0.33, 2 -0.33, 2 -0.33, 2 -0.33, 2 -0.33, 2 -0.33, 2 -0.33, 2 -0.33, 2 -0.33, 2 -0.33, 2 -0.33, 2 -0.33, 2 -0.33, 2 -0.33, 2 -0.33, 2 -0.33, 2 -0.33, 2 -0.33, 2 -0.33, 2 -0.33, 3 -0.42, 3 -0.42, 4 -0.49, 5 -0.56, 5 -0.56, 
12% 
547 7.59, 4 5.74, 2 4.66, 2 4.41, 5 3.5, 2 3.15, 2 3.03, 2 2.81, 2 2.73, 2 2.46, 2 2.46, 3 2.34, 3 2.27, 2 2.21, 2 2.18, 2 2.17, 2 1.99, 3 1.84, 16 1.41, 5 0.98, 6 0.71, 2 -0.33, 2 -0.33, 2 -0.33, 2 -0.33, 2 -0.33, 2 -0.33, 2 -0.33, 2 -0.33, 2 -0.33, 2 -0.33, 2 -0.33, 2 -0.33, 2 -0.33, 2 -0.33, 2 -0.33, 2 -0.33, 2 -0.33, 2 -0.33, 2 -0.33, 2 -0.33, 2 -0.33, 2 -0.33, 3 -0.42, 3 -0.42, 4 -0.49, 5 -0.56, 5 -0.56, 5 -0.56, 
13% 
546 7.85, 4 5.74, 2 4.66, 2 4.41, 2 4.18, 5 3.5, 2 3.15, 2 3.03, 2 2.81, 2 2.73, 2 2.46, 2 2.46, 3 2.34, 3 2.27, 2 2.19, 2 2.18, 2 2.17, 2 1.99, 3 1.84, 16 1.41, 6 0.71, 2 -0.33, 2 -0.33, 2 -0.33, 2 -0.33, 2 -0.33, 2 -0.33, 2 -0.33, 2 -0.33, 2 -0.33, 2 -0.33, 2 -0.33, 2 -0.33, 2 -0.33, 2 -0.33, 2 -0.33, 2 -0.33, 2 -0.33, 2 -0.33, 2 -0.33, 2 -0.33, 3 -0.42, 3 -0.42, 4 -0.49, 5 -0.56, 5 -0.56, 5 -0.56, 
14% 
546 9.34, 2 4.66, 2 4.41, 2 4.18, 5 3.5, 2 3.15, 2 3.03, 2 2.81, 2 2.73, 2 2.46, 2 2.46, 3 2.34, 3 2.27, 2 2.19, 2 2.18, 2 2.17, 2 1.99, 3 1.84, 16 1.41, 6 0.71, 2 -0.33, 2 -0.33, 2 -0.33, 2 -0.33, 2 -0.33, 2 -0.33, 2 -0.33, 2 -0.33, 2 -0.33, 2 -0.33, 2 -0.33, 2 -0.33, 2 -0.33, 2 -0.33, 2 -0.33, 2 -0.33, 2 -0.33, 2 -0.33, 2 -0.33, 2 -0.33, 3 -0.42, 3 -0.42, 4 -0.49, 4 -0.49, 5 -0.56, 5 -0.56, 8 -0.71, 
15% 
556 10.1, 2 4.66, 2 4.41, 5 3.5, 2 3.15, 2 2.81, 2 2.73, 2 2.46, 3 2.34, 3 2.27, 2 2.19, 2 2.18, 2 2.17, 2 1.99, 3 1.84, 15 1.54, 7 0.99, 6 0.71, 2 -0.33, 2 -0.33, 2 -0.33, 2 -0.33, 2 -0.33, 2 -0.33, 2 -0.33, 2 -0.33, 2 -0.33, 2 -0.33, 2 -0.33, 2 -0.33, 2 -0.33, 2 -0.33, 2 -0.33, 2 -0.33, 2 -0.33, 2 -0.33, 2 -0.33, 2 -0.33, 3 -0.42, 3 -0.42, 3 -0.42, 4 -0.49, 4 -0.49, 5 -0.56, 5 -0.56, 8 -0.71, 
16% 
547 10.63, 3 5.6, 2 4.66, 5 3.5, 2 3.15, 2 2.81, 2 2.73, 2 2.46, 3 2.34, 3 2.27, 2 2.19, 2 2.18, 2 2.17, 2 1.99, 3 1.84, 15 1.54, 3 1.5, 7 0.99, 6 0.71, 2 -0.33, 2 -0.33, 2 -0.33, 2 -0.33, 2 -0.33, 2 -0.33, 2 -0.33, 2 -0.33, 2 -0.33, 2 -0.33, 2 -0.33, 2 -0.33, 2 -0.33, 2 -0.33, 2 -0.33, 2 -0.33, 2 -0.33, 2 -0.33, 2 -0.33, 2 -0.33, 3 -0.42, 3 -0.42, 3 -0.42, 4 -0.49, 4 -0.49, 5 -0.56, 5 -0.56, 8 -0.71, 
17% 
535 11.29, 3 5.6, 2 4.66, 5 3.5, 2 3.15, 2 2.81, 2 2.73, 2 2.46, 3 2.34, 2 2.33, 3 2.27, 2 2.19, 2 2.18, 2 2.17, 2 1.99, 3 1.84, 15 1.54, 3 1.5, 6 1.15, 6 0.71, 2 -0.33, 2 -0.33, 2 -0.33, 2 -0.33, 2 -0.33, 2 -0.33, 2 -0.33, 2 -0.33, 2 -0.33, 2 -0.33, 2 -0.33, 2 -0.33, 2 -0.33, 2 -0.33, 2 -0.33, 2 -0.33, 2 -0.33, 2 -0.33, 2 -0.33, 2 -0.33, 3 -0.42, 3 -0.42, 4 -0.49, 4 -0.49, 5 -0.56, 5 -0.56, 8 -0.71, 
18% 
541 12.34, 3 5.6, 2 4.66, 4 4.19, 2 3.15, 2 2.81, 2 2.73, 3 2.34, 2 2.33, 3 2.27, 2 2.19, 2 2.18, 2 2.17, 2 1.99, 3 1.84, 15 1.54, 3 1.5, 6 1.15, 6 0.71, 2 -0.33, 2 -0.33, 2 -0.33, 2 -0.33, 2 -0.33, 2 -0.33, 2 -0.33, 2 -0.33, 2 -0.33, 2 -0.33, 2 -0.33, 2 -0.33, 2 -0.33, 2 -0.33, 2 -0.33, 2 -0.33, 2 -0.33, 2 -0.33, 2 -0.33, 3 -0.42, 3 -0.42, 4 -0.49, 4 -0.49, 5 -0.56, 5 -0.56, 8 -0.71, 
19% 
544 12.42, 3 5.6, 2 4.66, 4 4.19, 2 3.15, 2 2.81, 2 2.73, 3 2.34, 2 2.33, 3 2.27, 2 2.19, 2 2.18, 2 2.17, 2 1.99, 3 1.84, 14 1.67, 3 1.5, 6 1.15, 6 0.71, 2 -0.33, 2 -0.33, 2 -0.33, 2 -0.33, 2 -0.33, 2 -0.33, 2 -0.33, 2 -0.33, 2 -0.33, 2 -0.33, 2 -0.33, 2 -0.33, 2 -0.33, 2 -0.33, 2 -0.33, 2 -0.33, 2 -0.33, 2 -0.33, 2 -0.33, 3 -0.42, 3 -0.42, 4 -0.49, 4 -0.49, 5 -0.56, 5 -0.56, 8 -0.71, 
20% 
553 13.32, 3 5.6, 2 4.66, 4 4.19, 2 3.15, 2 2.81, 2 2.73, 2 2.43, 3 2.34, 2 2.33, 3 2.27, 2 2.25, 2 2.19, 2 2.17, 2 1.99, 14 1.67, 6 1.15, 6 0.71, 2 -0.33, 2 -0.33, 2 -0.33, 2 -0.33, 2 -0.33, 2 -0.33, 2 -0.33, 2 -0.33, 2 -0.33, 2 -0.33, 2 -0.33, 2 -0.33, 2 -0.33, 2 -0.33, 2 -0.33, 2 -0.33, 2 -0.33, 2 -0.33, 2 -0.33, 3 -0.42, 3 -0.42, 4 -0.49, 4 -0.49, 5 -0.56, 5 -0.56, 8 -0.71, 
21% 
554 14.48, 3 5.6, 2 4.66, 4 4.19, 2 3.15, 2 3.04, 2 2.81, 2 2.73, 2 2.43, 2 2.33, 3 2.27, 2 2.25, 2 2.19, 2 2.17, 2 1.99, 14 1.67, 6 1.15, 6 0.71, 2 -0.33, 2 -0.33, 2 -0.33, 2 -0.33, 2 -0.33, 2 -0.33, 2 -0.33, 2 -0.33, 2 -0.33, 2 -0.33, 2 -0.33, 2 -0.33, 2 -0.33, 2 -0.33, 2 -0.33, 2 -0.33, 2 -0.33, 2 -0.33, 2 -0.33, 3 -0.42, 4 -0.49, 4 -0.49, 4 -0.49, 5 -0.56, 8 -0.71, 
22% 
547 15.13, 3 5.6, 2 4.66, 4 4.19, 2 3.15, 2 3.04, 2 2.81, 2 2.73, 2 2.43, 2 2.33, 3 2.27, 2 2.25, 2 2.19, 2 2.17, 2 1.99, 14 1.67, 5 1.35, 6 0.71, 2 -0.33, 2 -0.33, 2 -0.33, 2 -0.33, 2 -0.33, 2 -0.33, 2 -0.33, 2 -0.33, 2 -0.33, 2 -0.33, 2 -0.33, 2 -0.33, 2 -0.33, 2 -0.33, 2 -0.33, 2 -0.33, 2 -0.33, 2 -0.33, 2 -0.33, 3 -0.42, 4 -0.49, 4 -0.49, 4 -0.49, 5 -0.56, 8 -0.71, 
23% 
546 15.48, 3 5.6, 2 4.66, 4 4.19, 2 3.15, 2 3.04, 2 2.81, 2 2.73, 2 2.43, 2 2.33, 3 2.27, 2 2.25, 2 2.19, 2 2.17, 2 1.99, 14 1.67, 5 1.35, 6 0.71, 2 -0.33, 2 -0.33, 2 -0.33, 2 -0.33, 2 -0.33, 2 -0.33, 2 -0.33, 2 -0.33, 2 -0.33, 2 -0.33, 2 -0.33, 2 -0.33, 2 -0.33, 2 -0.33, 2 -0.33, 2 -0.33, 2 -0.33, 3 -0.42, 3 -0.42, 4 -0.49, 4 -0.49, 4 -0.49, 8 -0.71, 
24% 
543 15.86, 3 5.6, 2 4.66, 4 4.19, 2 3.15, 2 3.04, 2 2.81, 2 2.73, 2 2.68, 2 2.43, 2 2.33, 3 2.27, 2 2.25, 2 2.19, 2 2.17, 2 1.99, 14 1.67, 5 1.35, 6 0.71, 2 -0.33, 2 -0.33, 2 -0.33, 2 -0.33, 2 -0.33, 2 -0.33, 2 -0.33, 2 -0.33, 2 -0.33, 2 -0.33, 2 -0.33, 2 -0.33, 2 -0.33, 2 -0.33, 2 -0.33, 2 -0.33, 2 -0.33, 3 -0.42, 3 -0.42, 4 -0.49, 4 -0.49, 4 -0.49, 8 -0.71, 
25% 
547 16.44, 3 5.6, 3 5, 2 4.66, 2 3.15, 2 3.04, 2 2.73, 2 2.68, 2 2.43, 2 2.33, 3 2.27, 2 2.25, 2 2.19, 2 2.17, 2 1.99, 14 1.67, 5 1.35, 6 0.71, 2 -0.33, 2 -0.33, 2 -0.33, 2 -0.33, 2 -0.33, 2 -0.33, 2 -0.33, 2 -0.33, 2 -0.33, 2 -0.33, 2 -0.33, 2 -0.33, 2 -0.33, 2 -0.33, 2 -0.33, 2 -0.33, 2 -0.33, 3 -0.42, 3 -0.42, 4 -0.49, 4 -0.49, 4 -0.49, 8 -0.71, 
26% 
539 16.84, 3 5.6, 3 5, 2 4.66, 2 3.15, 2 3.04, 2 2.73, 2 2.68, 2 2.43, 2 2.33, 3 2.27, 2 2.25, 2 2.19, 2 2.17, 2 1.99, 14 1.67, 5 1.35, 6 0.71, 2 -0.33, 2 -0.33, 2 -0.33, 2 -0.33, 2 -0.33, 2 -0.33, 2 -0.33, 2 -0.33, 2 -0.33, 2 -0.33, 2 -0.33, 2 -0.33, 2 -0.33, 2 -0.33, 2 -0.33, 2 -0.33, 2 -0.33, 3 -0.42, 3 -0.42, 3 -0.42, 3 -0.42, 4 -0.49, 7 -0.66, 
27% 
541 17.37, 3 5.6, 3 5, 2 4.66, 2 3.15, 2 3.04, 3 2.99, 2 2.73, 2 2.68, 2 2.43, 2 2.33, 3 2.27, 2 2.25, 2 2.19, 2 2.17, 2 1.99, 14 1.67, 3 1.48, 5 1.35, 6 0.71, 2 -0.33, 2 -0.33, 2 -0.33, 2 -0.33, 2 -0.33, 2 -0.33, 2 -0.33, 2 -0.33, 2 -0.33, 2 -0.33, 2 -0.33, 2 -0.33, 2 -0.33, 2 -0.33, 2 -0.33, 2 -0.33, 3 -0.42, 3 -0.42, 3 -0.42, 3 -0.42, 4 -0.49, 7 -0.66, 
28% 
540 18.03, 3 5.6, 3 5, 2 4.66, 2 3.15, 2 3.04, 3 2.99, 2 2.73, 2 2.68, 2 2.43, 2 2.33, 3 2.27, 2 2.25, 2 2.19, 2 2.17, 2 1.99, 14 1.67, 3 1.48, 5 1.35, 6 0.71, 2 -0.33, 2 -0.33, 2 -0.33, 2 -0.33, 2 -0.33, 2 -0.33, 2 -0.33, 2 -0.33, 2 -0.33, 2 -0.33, 2 -0.33, 2 -0.33, 2 -0.33, 2 -0.33, 2 -0.33, 2 -0.33, 3 -0.42, 3 -0.42, 3 -0.42, 3 -0.42, 4 -0.49, 7 -0.66, 
29% 
552 18.04, 3 5.6, 3 5, 2 4.66, 2 3.15, 2 3.04, 3 2.99, 2 2.73, 2 2.43, 2 2.33, 3 2.27, 2 2.25, 2 2.19, 2 2.17, 2 1.99, 14 1.67, 3 1.48, 5 1.35, 6 0.71, 2 -0.33, 2 -0.33, 2 -0.33, 2 -0.33, 2 -0.33, 2 -0.33, 2 -0.33, 2 -0.33, 2 -0.33, 2 -0.33, 2 -0.33, 2 -0.33, 2 -0.33, 2 -0.33, 2 -0.33, 2 -0.33, 3 -0.42, 3 -0.42, 3 -0.42, 3 -0.42, 4 -0.49, 7 -0.66, 
30% 
550 18.64, 3 5.6, 3 5, 2 4.66, 2 3.15, 2 3.04, 3 2.99, 2 2.73, 2 2.63, 2 2.43, 2 2.33, 3 2.27, 2 2.19, 2 2.17, 2 1.99, 14 1.67, 3 1.48, 5 1.35, 6 0.71, 2 -0.33, 2 -0.33, 2 -0.33, 2 -0.33, 2 -0.33, 2 -0.33, 2 -0.33, 2 -0.33, 2 -0.33, 2 -0.33, 2 -0.33, 2 -0.33, 2 -0.33, 2 -0.33, 2 -0.33, 2 -0.33, 3 -0.42, 3 -0.42, 3 -0.42, 3 -0.42, 4 -0.49, 7 -0.66, 
31% 
557 19.11, 3 5, 2 4.66, 2 3.15, 2 3.04, 3 2.99, 2 2.73, 2 2.63, 2 2.43, 2 2.33, 3 2.27, 2 2.19, 2 2.17, 2 1.99, 14 1.67, 3 1.48, 6 0.71, 2 -0.33, 2 -0.33, 2 -0.33, 2 -0.33, 2 -0.33, 2 -0.33, 2 -0.33, 2 -0.33, 2 -0.33, 2 -0.33, 2 -0.33, 2 -0.33, 2 -0.33, 2 -0.33, 2 -0.33, 2 -0.33, 3 -0.42, 3 -0.42, 4 -0.49, 7 -0.66, 
32% 
552 19.68, 3 5, 2 4.66, 2 3.15, 2 3.04, 3 2.99, 2 2.73, 2 2.63, 2 2.43, 2 2.33, 3 2.27, 2 2.19, 2 2.17, 2 1.99, 13 1.8, 3 1.48, 4 1.36, 6 0.71, 2 -0.33, 2 -0.33, 2 -0.33, 2 -0.33, 2 -0.33, 2 -0.33, 2 -0.33, 2 -0.33, 2 -0.33, 2 -0.33, 2 -0.33, 2 -0.33, 2 -0.33, 2 -0.33, 2 -0.33, 3 -0.42, 3 -0.42, 4 -0.49, 6 -0.61, 
33% 
534 19.92, 3 5, 2 4.75, 2 4.66, 2 3.15, 2 3.04, 3 2.99, 2 2.73, 2 2.63, 2 2.43, 2 2.33, 3 2.27, 2 2.19, 2 2.17, 2 1.99, 13 1.8, 4 1.77, 3 1.48, 4 1.36, 5 1.35, 6 0.71, 2 -0.33, 2 -0.33, 2 -0.33, 2 -0.33, 2 -0.33, 2 -0.33, 2 -0.33, 2 -0.33, 2 -0.33, 2 -0.33, 2 -0.33, 2 -0.33, 2 -0.33, 2 -0.33, 3 -0.42, 3 -0.42, 4 -0.49, 6 -0.61, 
34% 
521 19.69, 4 6.49, 3 5, 2 4.75, 2 4.66, 2 3.15, 2 3.04, 3 2.99, 2 2.73, 2 2.63, 2 2.43, 2 2.33, 3 2.27, 2 2.19, 2 2.17, 2 1.99, 13 1.8, 4 1.79, 4 1.77, 3 1.48, 4 1.36, 5 1.35, 6 0.71, 2 -0.33, 2 -0.33, 2 -0.33, 2 -0.33, 2 -0.33, 2 -0.33, 2 -0.33, 2 -0.33, 2 -0.33, 2 -0.33, 2 -0.33, 2 -0.33, 2 -0.33, 2 -0.33, 3 -0.42, 3 -0.42, 4 -0.49, 6 -0.61, 
35% 
521 20.23, 4 6.49, 3 5, 2 4.75, 2 4.66, 2 3.15, 3 2.99, 2 2.73, 2 2.63, 6 2.57, 2 2.43, 2 2.33, 3 2.27, 3 2.21, 2 2.19, 2 2.17, 2 1.99, 13 1.8, 4 1.79, 3 1.48, 4 1.36, 5 1.35, 2 -0.33, 2 -0.33, 2 -0.33, 2 -0.33, 2 -0.33, 2 -0.33, 2 -0.33, 2 -0.33, 2 -0.33, 2 -0.33, 2 -0.33, 2 -0.33, 2 -0.33, 3 -0.42, 3 -0.42, 4 -0.49, 6 -0.61, 
36% 
522 20.35, 4 6.49, 3 5, 2 4.75, 2 4.66, 2 3.15, 3 2.99, 2 2.73, 2 2.63, 6 2.57, 2 2.43, 2 2.33, 3 2.27, 3 2.21, 2 2.19, 2 2.17, 2 1.99, 3 1.99, 13 1.8, 4 1.79, 3 1.48, 4 1.36, 2 -0.33, 2 -0.33, 2 -0.33, 2 -0.33, 2 -0.33, 2 -0.33, 2 -0.33, 2 -0.33, 2 -0.33, 2 -0.33, 2 -0.33, 2 -0.33, 2 -0.33, 3 -0.42, 3 -0.42, 4 -0.49, 6 -0.61, 
37% 
516 20.45, 4 6.49, 4 5.88, 2 4.75, 2 4.66, 2 3.15, 3 2.99, 2 2.73, 2 2.63, 6 2.57, 2 2.43, 2 2.33, 3 2.27, 3 2.21, 2 2.19, 2 2.17, 2 1.99, 3 1.99, 13 1.8, 4 1.79, 3 1.48, 4 1.36, 2 -0.33, 2 -0.33, 2 -0.33, 2 -0.33, 2 -0.33, 2 -0.33, 2 -0.33, 2 -0.33, 2 -0.33, 2 -0.33, 2 -0.33, 2 -0.33, 3 -0.42, 3 -0.42, 4 -0.49, 6 -0.61, 
38% 
516 21.05, 4 6.49, 4 5.88, 2 4.75, 2 4.66, 2 3.15, 3 2.99, 2 2.73, 2 2.63, 6 2.57, 2 2.43, 2 2.33, 3 2.27, 3 2.21, 2 2.19, 2 2.17, 2 1.99, 3 1.99, 13 1.8, 4 1.79, 3 1.48, 4 1.36, 2 -0.33, 2 -0.33, 2 -0.33, 2 -0.33, 2 -0.33, 2 -0.33, 2 -0.33, 2 -0.33, 2 -0.33, 2 -0.33, 2 -0.33, 2 -0.33, 3 -0.42, 3 -0.42, 4 -0.49, 6 -0.61, 
39% 
514 21.86, 4 5.88, 2 4.66, 2 3.69, 2 3.15, 3 2.99, 2 2.73, 2 2.63, 6 2.57, 2 2.43, 2 2.33, 3 2.27, 3 2.21, 2 2.19, 2 2.17, 2 1.99, 3 1.99, 13 1.8, 4 1.79, 3 1.48, 4 1.36, 2 -0.33, 2 -0.33, 2 -0.33, 2 -0.33, 2 -0.33, 2 -0.33, 2 -0.33, 2 -0.33, 2 -0.33, 2 -0.33, 2 -0.33, 2 -0.33, 3 -0.42, 3 -0.42, 4 -0.49, 6 -0.61, 
40% 
515 22.16, 4 5.88, 2 4.66, 2 3.69, 2 3.15, 3 2.99, 2 2.73, 2 2.63, 6 2.57, 2 2.43, 2 2.33, 3 2.27, 3 2.23, 3 2.21, 2 2.19, 2 2.17, 2 1.99, 3 1.99, 13 1.8, 3 1.48, 4 1.36, 5 1.22, 2 -0.33, 2 -0.33, 2 -0.33, 2 -0.33, 2 -0.33, 2 -0.33, 2 -0.33, 2 -0.33, 2 -0.33, 2 -0.33, 2 -0.33, 3 -0.42, 3 -0.42, 4 -0.49, 6 -0.61, 
41% 
517 22.74, 5 6.94, 2 4.66, 2 3.69, 2 3.15, 3 2.99, 2 2.73, 2 2.63, 6 2.57, 2 2.43, 2 2.33, 3 2.27, 3 2.23, 3 2.21, 2 2.19, 2 2.17, 2 1.99, 3 1.99, 12 1.96, 6 1.49, 3 1.48, 4 1.36, 5 1.22, 2 -0.33, 2 -0.33, 2 -0.33, 2 -0.33, 2 -0.33, 2 -0.33, 2 -0.33, 2 -0.33, 2 -0.33, 2 -0.33, 2 -0.33, 2 -0.33, 3 -0.42, 4 -0.49, 6 -0.61, 
42% 
521 23.32, 5 6.94, 2 4.66, 2 3.69, 2 3.15, 3 2.99, 2 2.73, 2 2.63, 6 2.57, 2 2.43, 2 2.33, 3 2.27, 3 2.23, 3 2.21, 2 2.19, 2 2.17, 11 2.11, 2 1.99, 3 1.99, 6 1.49, 3 1.48, 4 1.36, 2 -0.33, 2 -0.33, 2 -0.33, 2 -0.33, 2 -0.33, 2 -0.33, 2 -0.33, 2 -0.33, 2 -0.33, 2 -0.33, 2 -0.33, 2 -0.33, 4 -0.49, 6 -0.61, 
43% 
505 23, 5 6.94, 2 4.66, 2 4.18, 2 3.69, 2 3.15, 3 2.99, 2 2.73, 2 2.63, 6 2.57, 2 2.43, 2 2.33, 3 2.27, 3 2.23, 3 2.21, 2 2.19, 2 2.17, 11 2.11, 2 1.99, 3 1.99, 3 1.69, 6 1.49, 3 1.48, 4 1.36, 2 -0.33, 2 -0.33, 2 -0.33, 2 -0.33, 2 -0.33, 2 -0.33, 2 -0.33, 2 -0.33, 2 -0.33, 2 -0.33, 2 -0.33, 4 -0.49, 5 -0.56, 
44% 
507 23.23, 5 6.94, 2 4.66, 2 4.18, 2 3.89, 2 3.69, 2 3.15, 3 2.99, 2 2.91, 2 2.73, 2 2.63, 6 2.57, 2 2.43, 2 2.33, 3 2.27, 3 2.21, 2 2.19, 2 2.17, 11 2.11, 2 1.99, 3 1.99, 3 1.69, 6 1.49, 3 1.48, 4 1.36, 2 -0.33, 2 -0.33, 2 -0.33, 2 -0.33, 2 -0.33, 2 -0.33, 2 -0.33, 2 -0.33, 2 -0.33, 2 -0.33, 4 -0.49, 5 -0.56, 
45% 
511 23.81, 5 6.94, 2 4.66, 2 4.18, 2 3.89, 2 3.69, 2 3.15, 3 2.99, 2 2.91, 2 2.73, 2 2.63, 6 2.57, 9 2.49, 2 2.43, 2 2.33, 3 2.27, 3 2.21, 2 2.19, 2 2.17, 2 1.99, 3 1.99, 6 1.49, 4 1.36, 2 -0.33, 2 -0.33, 2 -0.33, 2 -0.33, 2 -0.33, 2 -0.33, 2 -0.33, 2 -0.33, 2 -0.33, 2 -0.33, 4 -0.49, 5 -0.56, 
46% 
507 23.75, 5 6.94, 2 4.66, 2 4.18, 2 3.89, 2 3.69, 2 3.15, 3 2.99, 2 2.91, 2 2.73, 2 2.63, 6 2.57, 9 2.49, 2 2.43, 2 2.33, 3 2.27, 3 2.21, 2 2.19, 2 2.17, 2 1.99, 3 1.99, 6 1.49, 4 1.36, 2 -0.33, 2 -0.33, 2 -0.33, 2 -0.33, 2 -0.33, 2 -0.33, 2 -0.33, 2 -0.33, 2 -0.33, 2 -0.33, 4 -0.49, 5 -0.56, 
47% 
501 23.92, 5 6.94, 2 4.66, 2 4.18, 2 3.89, 2 3.69, 2 3.15, 3 2.99, 2 2.91, 2 2.73, 2 2.63, 6 2.57, 9 2.49, 2 2.43, 2 2.33, 3 2.27, 3 2.21, 2 2.19, 2 2.17, 2 1.99, 3 1.99, 6 1.49, 4 1.36, 2 -0.33, 2 -0.33, 2 -0.33, 2 -0.33, 2 -0.33, 2 -0.33, 2 -0.33, 2 -0.33, 2 -0.33, 2 -0.33, 4 -0.49, 5 -0.56, 
48% 
500 23.92, 5 6.94, 2 4.66, 3 4.46, 2 4.18, 2 3.89, 2 3.69, 3 2.99, 2 2.91, 2 2.73, 2 2.63, 6 2.57, 9 2.49, 2 2.43, 2 2.33, 3 2.27, 3 2.21, 2 2.19, 2 2.17, 2 1.99, 3 1.99, 5 1.72, 4 1.36, 2 -0.33, 2 -0.33, 2 -0.33, 2 -0.33, 2 -0.33, 2 -0.33, 2 -0.33, 2 -0.33, 2 -0.33, 2 -0.33, 4 -0.49, 5 -0.56, 
49% 
485 24.74, 5 6.94, 2 4.66, 3 4.46, 2 4.18, 2 3.89, 2 3.69, 3 2.99, 2 2.91, 5 2.9, 2 2.81, 2 2.73, 2 2.63, 9 2.49, 2 2.43, 2 2.33, 3 2.27, 3 2.21, 2 2.19, 2 2.17, 2 1.99, 3 1.99, 5 1.72, 4 1.36, 2 -0.33, 2 -0.33, 2 -0.33, 2 -0.33, 2 -0.33, 2 -0.33, 2 -0.33, 2 -0.33, 2 -0.33, 2 -0.33, 4 -0.49, 5 -0.56, 
50% 
484 25.1, 5 6.94, 2 4.66, 3 4.46, 2 4.18, 2 3.89, 2 3.69, 3 2.99, 2 2.91, 5 2.9, 2 2.81, 2 2.73, 2 2.63, 9 2.49, 2 2.43, 2 2.33, 3 2.27, 3 2.21, 2 2.19, 2 2.17, 2 1.99, 3 1.99, 5 1.72, 4 1.36, 2 -0.33, 2 -0.33, 2 -0.33, 2 -0.33, 2 -0.33, 2 -0.33, 2 -0.33, 2 -0.33, 2 -0.33, 4 -0.49, 5 -0.56, 
51% 
489 25.23, 5 6.94, 2 4.66, 3 4.46, 2 4.18, 2 3.89, 2 3.69, 3 2.99, 2 2.91, 5 2.9, 2 2.81, 2 2.73, 2 2.63, 9 2.49, 2 2.43, 2 2.33, 3 2.27, 3 2.21, 2 2.19, 2 2.17, 2 1.99, 3 1.99, 5 1.72, 4 1.36, 2 -0.33, 2 -0.33, 2 -0.33, 2 -0.33, 2 -0.33, 2 -0.33, 2 -0.33, 2 -0.33, 2 -0.33, 4 -0.49, 5 -0.56, 
52% 
486 25.24, 5 6.94, 2 4.66, 3 4.46, 2 4.18, 2 3.89, 2 3.69, 3 2.99, 2 2.91, 5 2.9, 2 2.81, 2 2.73, 2 2.63, 9 2.49, 2 2.43, 2 2.33, 3 2.27, 3 2.21, 2 2.19, 2 2.17, 2 1.99, 3 1.99, 5 1.72, 4 1.36, 2 -0.33, 2 -0.33, 2 -0.33, 2 -0.33, 2 -0.33, 2 -0.33, 2 -0.33, 2 -0.33, 4 -0.49, 5 -0.56, 
53% 
484 25.31, 5 6.94, 2 4.66, 3 4.46, 2 4.18, 2 3.89, 2 3.69, 3 2.99, 2 2.91, 5 2.9, 2 2.81, 2 2.73, 2 2.63, 9 2.49, 2 2.43, 2 2.33, 3 2.27, 3 2.21, 2 2.19, 2 2.17, 2 1.99, 3 1.99, 5 1.72, 4 1.36, 2 -0.33, 2 -0.33, 2 -0.33, 2 -0.33, 2 -0.33, 2 -0.33, 2 -0.33, 2 -0.33, 4 -0.49, 5 -0.56, 
54% 
473 25.65, 5 6.94, 2 4.66, 3 4.46, 2 4.18, 2 3.89, 2 3.69, 3 2.99, 2 2.91, 5 2.9, 2 2.88, 2 2.81, 2 2.73, 2 2.63, 9 2.49, 2 2.43, 2 2.33, 4 2.27, 3 2.27, 2 2.19, 2 2.18, 2 2.17, 2 1.99, 3 1.99, 5 1.72, 3 1.55, 4 1.36, 2 -0.33, 2 -0.33, 2 -0.33, 2 -0.33, 2 -0.33, 2 -0.33, 2 -0.33, 4 -0.49, 5 -0.56, 
55% 
469 25.83, 5 6.94, 2 4.66, 3 4.46, 2 4.18, 2 3.89, 2 3.69, 3 2.99, 2 2.91, 5 2.9, 2 2.88, 2 2.81, 2 2.73, 2 2.63, 9 2.49, 2 2.43, 2 2.33, 4 2.27, 3 2.27, 2 2.19, 2 2.18, 2 2.17, 2 1.99, 3 1.99, 5 1.72, 3 1.55, 4 1.36, 2 -0.33, 2 -0.33, 2 -0.33, 2 -0.33, 2 -0.33, 2 -0.33, 2 -0.33, 4 -0.49, 5 -0.56, 
56% 
469 25.83, 5 6.94, 2 4.66, 3 4.46, 2 4.18, 2 3.89, 2 3.69, 3 2.99, 2 2.91, 5 2.9, 2 2.88, 2 2.81, 2 2.73, 2 2.63, 2 2.61, 9 2.49, 2 2.43, 2 2.33, 3 2.28, 4 2.27, 3 2.27, 2 2.19, 2 2.18, 2 2.17, 4 2.13, 2 1.99, 3 1.55, 4 1.36, 2 -0.33, 2 -0.33, 2 -0.33, 2 -0.33, 2 -0.33, 2 -0.33, 2 -0.33, 4 -0.49, 5 -0.56, 
57% 
472 26.11, 5 6.94, 2 4.66, 3 4.46, 2 4.18, 2 3.89, 2 3.69, 3 2.99, 2 2.91, 5 2.9, 2 2.88, 2 2.81, 2 2.73, 2 2.68, 2 2.63, 2 2.61, 2 2.5, 9 2.49, 2 2.43, 2 2.33, 3 2.28, 4 2.27, 3 2.27, 2 2.19, 2 2.18, 2 2.17, 4 2.13, 2 1.99, 3 1.55, 4 1.36, 2 -0.33, 2 -0.33, 2 -0.33, 2 -0.33, 2 -0.33, 2 -0.33, 4 -0.49, 5 -0.56, 
58% 
473 26.63, 5 6.94, 2 4.66, 3 4.46, 2 4.18, 2 3.89, 2 3.69, 3 2.99, 2 2.91, 5 2.9, 2 2.88, 2 2.81, 2 2.73, 2 2.68, 2 2.63, 2 2.61, 2 2.5, 9 2.49, 2 2.43, 2 2.33, 3 2.28, 4 2.27, 3 2.27, 2 2.19, 2 2.18, 2 2.17, 4 2.13, 2 2.02, 2 1.99, 3 1.55, 4 1.36, 2 -0.33, 2 -0.33, 2 -0.33, 2 -0.33, 2 -0.33, 2 -0.33, 4 -0.49, 5 -0.56, 
59% 
472 27.05, 5 6.94, 2 4.66, 3 4.46, 2 4.18, 2 3.89, 2 3.69, 3 2.99, 2 2.91, 5 2.9, 2 2.88, 2 2.81, 8 2.77, 2 2.73, 2 2.68, 2 2.63, 2 2.61, 2 2.5, 2 2.43, 2 2.33, 3 2.28, 4 2.27, 3 2.27, 2 2.19, 2 2.18, 2 2.17, 4 2.13, 2 2.02, 2 1.99, 3 1.55, 4 1.36, 2 -0.33, 2 -0.33, 2 -0.33, 2 -0.33, 2 -0.33, 2 -0.33, 4 -0.49, 5 -0.56, 
60% 
470 27.18, 5 6.94, 2 4.66, 3 4.46, 2 4.18, 2 3.89, 2 3.69, 3 2.99, 2 2.91, 5 2.9, 2 2.88, 2 2.81, 8 2.77, 2 2.73, 2 2.68, 2 2.63, 2 2.61, 2 2.5, 2 2.43, 2 2.33, 3 2.28, 4 2.27, 3 2.27, 2 2.19, 2 2.18, 2 2.17, 4 2.13, 2 2.02, 2 1.99, 3 1.55, 4 1.36, 2 -0.33, 2 -0.33, 2 -0.33, 2 -0.33, 2 -0.33, 2 -0.33, 4 -0.49, 5 -0.56, 
61% 
470 27.33, 5 6.94, 2 4.66, 3 4.46, 2 4.18, 2 3.89, 2 3.69, 3 2.99, 2 2.91, 5 2.9, 2 2.88, 2 2.81, 8 2.77, 2 2.73, 2 2.68, 2 2.63, 2 2.61, 2 2.5, 2 2.43, 2 2.33, 3 2.28, 4 2.27, 3 2.27, 2 2.19, 2 2.18, 2 2.17, 4 2.13, 2 2.02, 2 1.99, 3 1.55, 4 1.36, 2 -0.33, 2 -0.33, 2 -0.33, 2 -0.33, 2 -0.33, 2 -0.33, 3 -0.42, 5 -0.56, 
62% 
472 27.56, 5 6.94, 2 4.66, 3 4.46, 2 4.18, 2 3.89, 2 3.69, 3 2.99, 2 2.91, 5 2.9, 2 2.88, 2 2.81, 8 2.77, 2 2.73, 2 2.68, 2 2.63, 2 2.61, 2 2.5, 2 2.43, 3 2.28, 4 2.27, 3 2.27, 2 2.19, 2 2.18, 2 2.17, 4 2.13, 2 2.02, 2 1.99, 3 1.55, 4 1.36, 2 -0.33, 2 -0.33, 2 -0.33, 2 -0.33, 2 -0.33, 2 -0.33, 3 -0.42, 5 -0.56, 
63% 
473 27.9, 5 6.94, 2 4.66, 3 4.46, 2 4.18, 2 3.89, 2 3.69, 3 2.99, 2 2.91, 5 2.9, 2 2.88, 2 2.81, 8 2.77, 2 2.73, 2 2.68, 2 2.63, 2 2.61, 2 2.5, 2 2.43, 3 2.28, 4 2.27, 3 2.27, 2 2.19, 2 2.18, 2 2.17, 4 2.13, 2 2.02, 2 1.99, 3 1.55, 4 1.36, 7 0.66, 2 -0.33, 2 -0.33, 2 -0.33, 2 -0.33, 2 -0.33, 2 -0.33, 3 -0.42, 5 -0.56, 
64% 
473 28.1, 5 6.94, 2 4.66, 3 4.46, 2 4.18, 2 3.89, 2 3.69, 3 2.99, 2 2.95, 2 2.91, 5 2.9, 2 2.88, 2 2.81, 8 2.77, 2 2.73, 2 2.68, 2 2.63, 2 2.61, 2 2.5, 2 2.43, 3 2.28, 4 2.27, 2 2.19, 2 2.18, 2 2.17, 4 2.13, 2 2.02, 2 1.99, 3 1.55, 4 1.36, 7 0.66, 2 -0.33, 2 -0.33, 2 -0.33, 2 -0.33, 2 -0.33, 2 -0.33, 3 -0.42, 5 -0.56, 
65% 
478 28.32, 5 6.94, 2 4.66, 3 4.46, 2 4.18, 2 3.89, 2 3.69, 3 2.99, 2 2.95, 5 2.9, 2 2.88, 2 2.81, 8 2.77, 2 2.73, 2 2.68, 2 2.63, 2 2.61, 2 2.5, 2 2.43, 3 2.28, 4 2.27, 2 2.19, 2 2.18, 2 2.17, 3 2.14, 4 2.13, 2 2.07, 2 2.02, 2 1.99, 4 1.36, 7 0.66, 2 -0.33, 2 -0.33, 2 -0.33, 2 -0.33, 2 -0.33, 2 -0.33, 3 -0.42, 5 -0.56, 
66% 
480 28.76, 5 6.94, 2 4.66, 3 4.46, 2 4.18, 2 3.89, 2 3.69, 3 2.99, 2 2.95, 5 2.9, 2 2.88, 2 2.81, 8 2.77, 2 2.73, 2 2.68, 2 2.63, 2 2.61, 2 2.5, 2 2.43, 3 2.28, 4 2.27, 2 2.19, 2 2.18, 2 2.17, 3 2.14, 4 2.13, 2 2.07, 2 2.02, 2 1.99, 4 1.36, 7 0.66, 2 -0.33, 2 -0.33, 2 -0.33, 2 -0.33, 2 -0.33, 2 -0.33, 3 -0.42, 5 -0.56, 
67% 
476 29.04, 5 6.94, 2 4.66, 3 4.46, 2 4.18, 2 3.89, 2 3.69, 3 2.99, 2 2.95, 5 2.9, 2 2.88, 2 2.81, 8 2.77, 2 2.73, 2 2.68, 2 2.63, 2 2.61, 2 2.5, 2 2.43, 3 2.28, 4 2.27, 2 2.19, 2 2.18, 2 2.17, 3 2.14, 4 2.13, 2 2.07, 2 2.02, 2 1.99, 4 1.36, 7 0.66, 2 -0.33, 2 -0.33, 2 -0.33, 2 -0.33, 2 -0.33, 2 -0.33, 3 -0.42, 5 -0.56, 
68% 
473 29.35, 5 6.94, 2 4.66, 3 4.46, 2 4.18, 2 3.89, 2 3.69, 3 2.99, 2 2.95, 5 2.9, 2 2.88, 2 2.81, 8 2.77, 2 2.73, 2 2.68, 2 2.63, 2 2.61, 2 2.5, 2 2.43, 3 2.28, 4 2.27, 2 2.19, 2 2.18, 2 2.17, 3 2.14, 4 2.13, 2 2.07, 2 2.02, 2 1.99, 4 1.36, 7 0.66, 2 -0.33, 2 -0.33, 2 -0.33, 2 -0.33, 2 -0.33, 3 -0.42, 5 -0.56, 
69% 
472 29.82, 5 6.94, 2 4.66, 3 4.46, 2 4.18, 2 3.89, 2 3.69, 3 2.99, 2 2.95, 5 2.9, 2 2.88, 2 2.81, 8 2.77, 2 2.73, 2 2.68, 2 2.63, 2 2.61, 2 2.5, 2 2.43, 3 2.28, 4 2.27, 2 2.19, 2 2.18, 2 2.17, 3 2.14, 4 2.13, 2 2.07, 2 2.02, 2 1.99, 4 1.36, 7 0.66, 2 -0.33, 2 -0.33, 2 -0.33, 2 -0.33, 2 -0.33, 3 -0.42, 5 -0.56, 
70% 
473 30.52, 5 6.94, 2 4.66, 3 4.46, 2 4.18, 2 3.89, 2 3.69, 3 2.99, 2 2.95, 5 2.9, 2 2.88, 2 2.81, 2 2.8, 8 2.77, 2 2.73, 2 2.68, 2 2.63, 2 2.61, 2 2.5, 2 2.43, 3 2.28, 4 2.27, 2 2.19, 2 2.18, 2 2.17, 4 2.13, 2 2.07, 2 2.04, 2 2.02, 2 1.99, 4 1.36, 7 0.66, 2 -0.33, 2 -0.33, 2 -0.33, 2 -0.33, 2 -0.33, 3 -0.42, 5 -0.56, 
71% 
475 30.77, 5 6.94, 2 4.66, 3 4.46, 2 4.18, 2 3.89, 2 3.69, 3 2.99, 2 2.95, 5 2.9, 2 2.88, 2 2.8, 8 2.77, 2 2.73, 2 2.68, 2 2.63, 2 2.61, 2 2.5, 2 2.43, 3 2.28, 4 2.27, 2 2.19, 2 2.18, 2 2.17, 4 2.13, 2 2.07, 2 2.04, 2 2.02, 2 1.99, 4 1.36, 6 0.8, 2 -0.33, 2 -0.33, 2 -0.33, 2 -0.33, 2 -0.33, 3 -0.42, 5 -0.56, 
72% 
475 30.98, 5 6.94, 2 4.66, 3 4.46, 2 4.18, 2 3.89, 2 3.69, 3 2.99, 2 2.95, 5 2.9, 2 2.88, 2 2.8, 8 2.77, 2 2.73, 2 2.68, 2 2.63, 2 2.61, 2 2.5, 2 2.43, 3 2.28, 4 2.27, 2 2.19, 2 2.18, 2 2.17, 4 2.13, 2 2.07, 2 2.04, 2 2.02, 2 1.99, 4 1.36, 6 0.8, 2 -0.33, 2 -0.33, 2 -0.33, 2 -0.33, 3 -0.42, 5 -0.56, 
73% 
472 31.37, 5 6.94, 2 4.66, 3 4.46, 2 4.18, 2 3.89, 2 3.69, 3 2.99, 2 2.95, 5 2.9, 2 2.88, 2 2.8, 8 2.77, 2 2.73, 2 2.68, 2 2.63, 2 2.61, 2 2.5, 2 2.43, 3 2.28, 4 2.27, 2 2.19, 2 2.18, 2 2.17, 4 2.13, 2 2.07, 2 2.04, 2 2.02, 2 1.99, 4 1.36, 6 0.8, 2 -0.33, 2 -0.33, 2 -0.33, 2 -0.33, 5 -0.56, 
74% 
488 31.39, 5 6.94, 2 4.66, 3 4.46, 2 3.89, 2 3.69, 3 2.99, 2 2.97, 2 2.95, 5 2.9, 2 2.88, 2 2.8, 8 2.77, 2 2.73, 2 2.68, 2 2.63, 2 2.61, 2 2.5, 2 2.43, 4 2.27, 2 2.19, 2 2.18, 2 2.17, 4 2.13, 2 2.07, 2 2.04, 2 2.02, 2 1.99, 4 1.36, 6 0.8, 2 -0.33, 2 -0.33, 2 -0.33, 2 -0.33, 5 -0.56, 
75% 
485 31.73, 5 6.94, 2 4.66, 3 4.46, 2 3.89, 2 3.84, 2 3.69, 2 2.97, 2 2.95, 5 2.9, 2 2.88, 2 2.8, 8 2.77, 2 2.73, 2 2.68, 2 2.63, 2 2.61, 2 2.5, 2 2.43, 4 2.27, 2 2.19, 2 2.18, 2 2.17, 4 2.13, 2 2.07, 2 2.04, 2 2.02, 2 1.99, 4 1.36, 6 0.8, 2 -0.33, 2 -0.33, 2 -0.33, 2 -0.33, 5 -0.56, 
76% 
484 31.76, 5 6.94, 2 4.66, 3 4.46, 2 3.89, 2 3.84, 2 3.69, 2 2.97, 2 2.95, 5 2.9, 2 2.88, 2 2.8, 8 2.77, 2 2.73, 2 2.68, 2 2.63, 2 2.61, 2 2.5, 2 2.43, 4 2.27, 2 2.19, 2 2.18, 2 2.17, 4 2.13, 2 2.07, 2 2.04, 2 2.02, 2 1.99, 4 1.36, 6 0.8, 2 -0.33, 2 -0.33, 2 -0.33, 2 -0.33, 5 -0.56, 
77% 
484 31.96, 5 6.94, 2 4.66, 3 4.46, 2 3.89, 2 3.84, 2 3.69, 2 2.97, 2 2.95, 5 2.9, 2 2.88, 2 2.8, 8 2.77, 2 2.73, 2 2.68, 2 2.63, 2 2.61, 2 2.5, 2 2.43, 4 2.27, 2 2.19, 2 2.18, 2 2.17, 4 2.13, 2 2.07, 2 2.04, 2 2.02, 2 1.99, 4 1.36, 6 0.8, 2 -0.33, 2 -0.33, 2 -0.33, 2 -0.33, 5 -0.56, 
78% 
481 32.01, 5 6.94, 2 4.66, 3 4.46, 2 3.89, 2 3.84, 2 3.69, 7 3.11, 2 2.97, 2 2.95, 5 2.9, 2 2.88, 2 2.8, 2 2.73, 2 2.68, 2 2.63, 2 2.61, 2 2.5, 2 2.43, 4 2.27, 2 2.19, 2 2.18, 2 2.17, 4 2.13, 2 2.07, 2 2.04, 2 2.02, 2 1.99, 4 1.36, 6 0.8, 10 0.26, 2 -0.33, 2 -0.33, 2 -0.33, 2 -0.33, 
79% 
472 32.33, 5 6.94, 2 4.66, 3 4.46, 2 3.89, 2 3.84, 2 3.69, 7 3.11, 2 2.97, 2 2.95, 5 2.9, 2 2.88, 2 2.8, 2 2.73, 2 2.68, 2 2.63, 2 2.61, 2 2.5, 2 2.43, 4 2.27, 2 2.19, 2 2.18, 2 2.17, 4 2.13, 2 2.07, 2 2.04, 2 2.02, 2 1.99, 4 1.36, 6 0.8, 10 0.26, 2 -0.33, 2 -0.33, 2 -0.33, 2 -0.33, 
80% 
469 32.32, 5 6.94, 2 4.66, 3 4.46, 2 3.89, 2 3.84, 2 3.69, 7 3.11, 2 2.97, 2 2.95, 5 2.9, 2 2.88, 2 2.8, 2 2.73, 2 2.68, 2 2.63, 2 2.61, 2 2.5, 2 2.43, 4 2.27, 2 2.19, 2 2.18, 2 2.17, 3 2.15, 4 2.13, 2 2.07, 2 2.04, 2 2.02, 2 1.99, 4 1.36, 6 0.8, 10 0.26, 2 -0.33, 2 -0.33, 2 -0.33, 2 -0.33, 
81% 
469 32.67, 5 6.94, 2 4.66, 3 4.46, 2 3.89, 2 3.84, 2 3.69, 7 3.11, 2 2.97, 2 2.95, 5 2.9, 2 2.88, 2 2.8, 2 2.73, 2 2.68, 2 2.63, 2 2.61, 2 2.5, 2 2.43, 4 2.27, 2 2.19, 2 2.18, 2 2.17, 3 2.15, 4 2.13, 2 2.07, 2 2.04, 2 2.02, 2 1.99, 4 1.36, 6 0.8, 10 0.26, 2 -0.33, 2 -0.33, 2 -0.33, 2 -0.33, 
82% 
469 32.87, 5 6.94, 2 4.66, 3 4.46, 2 3.89, 2 3.84, 2 3.69, 7 3.11, 2 2.97, 2 2.95, 5 2.9, 2 2.88, 2 2.8, 2 2.73, 2 2.68, 2 2.63, 2 2.61, 2 2.5, 2 2.43, 4 2.27, 2 2.19, 2 2.18, 2 2.17, 3 2.15, 4 2.13, 2 2.07, 2 2.04, 2 2.02, 2 1.99, 4 1.36, 6 0.8, 10 0.26, 2 -0.33, 2 -0.33, 2 -0.33, 
83% 
469 32.87, 5 6.94, 2 4.66, 3 4.46, 2 3.89, 2 3.84, 2 3.69, 7 3.11, 2 2.97, 2 2.95, 5 2.9, 2 2.88, 2 2.8, 2 2.73, 2 2.68, 2 2.63, 2 2.63, 2 2.61, 2 2.5, 2 2.43, 4 2.27, 2 2.19, 2 2.18, 2 2.17, 3 2.15, 4 2.13, 2 2.07, 2 2.04, 2 2.02, 2 1.99, 4 1.36, 6 0.8, 10 0.26, 2 -0.33, 2 -0.33, 2 -0.33, 
84% 
469 32.87, 5 6.94, 12 5.27, 2 4.66, 2 3.89, 2 3.84, 2 3.69, 2 2.97, 2 2.95, 5 2.9, 2 2.88, 2 2.8, 2 2.73, 2 2.68, 2 2.63, 2 2.63, 2 2.61, 2 2.5, 2 2.43, 4 2.27, 2 2.19, 2 2.18, 2 2.17, 3 2.15, 4 2.13, 2 2.07, 2 2.04, 2 2.02, 2 1.99, 4 1.36, 6 0.8, 10 0.26, 2 -0.33, 2 -0.33, 2 -0.33, 
85% 
469 32.87, 5 6.94, 12 5.27, 2 4.66, 2 3.89, 2 3.84, 2 3.69, 2 2.97, 2 2.95, 5 2.9, 2 2.88, 2 2.8, 2 2.73, 2 2.68, 2 2.63, 2 2.63, 2 2.61, 2 2.5, 2 2.43, 4 2.27, 2 2.19, 2 2.18, 2 2.17, 3 2.15, 4 2.13, 2 2.07, 2 2.04, 2 2.02, 2 1.99, 4 1.36, 5 1.16, 6 0.8, 9 0.35, 2 -0.33, 2 -0.33, 2 -0.33, 
86% 
469 32.87, 5 6.94, 11 5.55, 2 4.66, 2 3.89, 2 3.84, 2 3.69, 2 2.97, 2 2.95, 5 2.9, 2 2.88, 2 2.8, 2 2.73, 2 2.68, 2 2.63, 2 2.63, 2 2.61, 2 2.5, 2 2.43, 4 2.27, 2 2.19, 2 2.18, 2 2.17, 3 2.15, 4 2.13, 2 2.07, 2 2.04, 2 2.02, 2 1.99, 4 1.36, 5 1.16, 5 0.97, 9 0.35, 2 -0.33, 2 -0.33, 
87% 
469 33.02, 5 6.94, 11 5.55, 2 4.66, 2 3.89, 2 3.84, 2 3.69, 2 2.97, 2 2.95, 5 2.9, 2 2.88, 2 2.8, 2 2.73, 2 2.68, 2 2.63, 2 2.63, 2 2.61, 2 2.5, 2 2.43, 4 2.27, 2 2.19, 2 2.18, 2 2.17, 3 2.15, 4 2.13, 2 2.07, 2 2.04, 2 2.02, 2 1.99, 4 1.36, 5 1.16, 5 0.97, 9 0.35, 2 -0.33, 
88% 
469 33.02, 5 6.94, 11 5.55, 2 4.66, 2 3.89, 2 3.84, 2 3.69, 2 2.97, 2 2.95, 5 2.9, 2 2.88, 2 2.8, 3 2.79, 2 2.73, 2 2.68, 2 2.63, 2 2.63, 2 2.61, 2 2.5, 2 2.43, 2 2.19, 2 2.18, 2 2.17, 3 2.15, 4 2.13, 2 2.07, 2 2.04, 2 2.02, 2 1.99, 4 1.36, 5 1.16, 5 0.97, 8 0.46, 2 -0.33, 
89% 
469 33.02, 5 6.94, 11 5.55, 2 4.66, 2 3.89, 2 3.84, 2 3.69, 2 2.97, 2 2.95, 5 2.9, 2 2.88, 2 2.81, 2 2.8, 3 2.79, 2 2.73, 2 2.68, 2 2.63, 2 2.63, 2 2.61, 2 2.5, 2 2.43, 2 2.19, 2 2.18, 2 2.17, 4 2.13, 2 2.07, 2 2.04, 2 2.02, 2 1.99, 4 1.36, 5 1.16, 5 0.97, 8 0.46, 2 -0.33, 
90% 
469 33.02, 5 6.94, 11 5.55, 2 4.66, 2 3.89, 2 3.84, 2 3.69, 2 2.97, 2 2.95, 2 2.9, 5 2.9, 2 2.88, 2 2.81, 2 2.8, 3 2.79, 2 2.73, 2 2.68, 2 2.63, 2 2.63, 2 2.61, 2 2.5, 2 2.43, 2 2.19, 2 2.18, 2 2.17, 4 2.13, 2 2.07, 2 2.04, 2 2.02, 2 1.99, 4 1.36, 5 1.16, 5 0.97, 8 0.46, 2 -0.33, 
91% 
469 33.19, 5 6.94, 11 5.55, 2 4.66, 2 3.89, 2 3.84, 2 3.69, 2 2.97, 2 2.95, 2 2.9, 5 2.9, 2 2.88, 2 2.81, 2 2.8, 3 2.79, 2 2.73, 2 2.68, 2 2.63, 2 2.63, 2 2.61, 2 2.5, 2 2.43, 2 2.19, 2 2.18, 2 2.17, 4 2.13, 2 2.07, 2 2.04, 2 2.02, 2 1.99, 4 1.36, 5 1.16, 5 0.97, 8 0.46, 2 -0.33, 
92% 
469 33.19, 5 6.94, 11 5.55, 2 4.66, 2 3.89, 2 3.84, 2 3.69, 2 2.97, 2 2.95, 2 2.9, 5 2.9, 2 2.88, 2 2.81, 2 2.8, 3 2.79, 2 2.73, 2 2.68, 2 2.63, 2 2.63, 2 2.61, 2 2.5, 2 2.43, 2 2.19, 2 2.18, 2 2.17, 4 2.13, 2 2.07, 2 2.04, 2 2.02, 2 1.99, 4 1.36, 5 1.16, 5 0.97, 8 0.46, 2 -0.33, 
93% 
469 33.19, 5 6.94, 11 5.55, 2 4.66, 2 3.89, 2 3.84, 2 3.69, 2 2.97, 2 2.95, 2 2.9, 5 2.9, 2 2.88, 2 2.81, 2 2.8, 3 2.79, 2 2.73, 2 2.68, 2 2.63, 2 2.63, 2 2.61, 2 2.5, 2 2.43, 2 2.19, 2 2.18, 2 2.17, 3 2.14, 4 2.13, 2 2.07, 2 2.04, 2 2.02, 2 1.99, 4 1.36, 5 1.16, 5 0.97, 8 0.46, 2 -0.33, 
94% 
469 33.19, 5 6.94, 11 5.55, 2 4.66, 2 3.89, 2 3.84, 2 3.69, 2 2.97, 2 2.95, 2 2.9, 5 2.9, 2 2.88, 2 2.81, 2 2.8, 3 2.79, 2 2.73, 2 2.68, 2 2.63, 2 2.63, 2 2.61, 2 2.5, 2 2.43, 2 2.19, 2 2.18, 2 2.17, 3 2.14, 4 2.13, 2 2.07, 2 2.04, 2 2.02, 2 1.99, 4 1.36, 5 1.16, 5 0.97, 8 0.46, 2 -0.33, 
95% 
469 33.19, 5 6.94, 11 5.55, 2 4.66, 2 3.89, 2 3.84, 2 3.69, 2 3.23, 2 2.97, 2 2.95, 2 2.9, 5 2.9, 2 2.88, 2 2.81, 2 2.8, 3 2.79, 2 2.73, 2 2.68, 2 2.63, 2 2.63, 3 2.63, 2 2.61, 2 2.5, 2 2.43, 2 2.19, 2 2.18, 2 2.17, 3 2.14, 2 2.07, 2 2.04, 2 2.02, 2 1.99, 4 1.36, 5 1.16, 5 0.97, 8 0.46, 2 -0.33, 
96% 
469 33.19, 5 6.94, 11 5.55, 2 4.66, 2 3.89, 2 3.84, 2 3.69, 2 3.23, 2 2.97, 2 2.95, 2 2.9, 5 2.9, 2 2.88, 2 2.81, 2 2.8, 2 2.8, 3 2.79, 2 2.73, 2 2.68, 2 2.63, 2 2.63, 3 2.63, 2 2.61, 2 2.5, 2 2.43, 2 2.19, 2 2.18, 2 2.17, 2 2.07, 2 2.04, 2 2.02, 2 1.99, 4 1.36, 5 1.16, 5 0.97, 7 0.61, 2 -0.33, 
97% 
469 33.35, 5 6.94, 11 5.55, 2 4.66, 2 3.89, 2 3.84, 2 3.74, 2 3.69, 2 3.23, 2 2.97, 2 2.95, 2 2.9, 5 2.9, 2 2.88, 2 2.81, 2 2.8, 2 2.8, 3 2.79, 2 2.73, 2 2.68, 2 2.63, 2 2.63, 3 2.63, 2 2.61, 2 2.5, 2 2.43, 2 2.19, 2 2.18, 2 2.17, 2 2.07, 2 2.04, 2 2.02, 2 1.99, 4 1.36, 4 1.27, 5 1.16, 7 0.61, 2 -0.33, 
98% 
469 33.35, 5 6.94, 11 5.55, 2 4.66, 2 3.89, 2 3.84, 2 3.74, 2 3.69, 2 3.23, 2 2.97, 2 2.95, 2 2.9, 5 2.9, 2 2.88, 2 2.81, 2 2.8, 2 2.8, 3 2.79, 2 2.73, 2 2.68, 2 2.63, 2 2.63, 3 2.63, 2 2.61, 2 2.5, 2 2.43, 2 2.19, 2 2.18, 2 2.17, 2 2.07, 2 2.04, 2 2.02, 2 1.99, 3 1.62, 4 1.49, 4 1.36, 7 0.61, 2 -0.33, 
99% 
469 33.35, 6 7.77, 11 5.55, 2 4.66, 2 3.89, 2 3.84, 2 3.74, 2 3.69, 2 3.23, 6 3.01, 2 2.97, 2 2.95, 2 2.9, 5 2.9, 2 2.88, 2 2.81, 2 2.8, 2 2.8, 3 2.79, 2 2.73, 2 2.68, 8 2.67, 2 2.63, 2 2.63, 3 2.63, 2 2.61, 2 2.5, 2 2.43, 2 2.19, 2 2.18, 2 2.17, 2 2.07, 2 2.04, 2 2.02, 2 1.99, 3 1.62, 4 1.49, 4 1.36, 2 -0.33, 
100%
465 33.56, 6 7.77, 11 5.55, 2 4.66, 2 3.89, 2 3.84, 2 3.74, 2 3.69, 5 3.38, 2 3.23, 7 3, 2 2.97, 2 2.95, 2 2.9, 5 2.9, 2 2.88, 2 2.81, 2 2.8, 2 2.8, 3 2.79, 2 2.73, 2 2.68, 2 2.63, 3 2.63, 2 2.61, 2 2.5, 2 2.43, 2 2.19, 2 2.18, 2 2.17, 2 2.07, 2 2.04, 2 2.02, 2 1.99, 3 1.62, 4 1.49, 4 1.36, 31 0.07, 2 -0.33, 
