-sif=/home/safia/anaconda3/lib/R/library/pathfindR/extdata/KEGG.sif
-sig=/home/safia/Documents/pathfindR_Results(2)/active_snw_searches/Iteration_7/active_snw_search/input_for_search.txt
-method=SA
-saTemp0=1
-saTemp1=0.01
-saIter=10000
-geneInitProb=0.136666666666667
-gaPop=400
-gaIter=200
-gaThread=5
-gaMut=0
-grMaxDepth=1
-grSearchDepth=1
-grOverlap=0.5
-grSubNum=1000
2 4.13, 2 3.78, 4 2.38, 2 2.04, 3 1.64, 2 -0.34, 2 -0.34, 2 -0.34, 2 -0.34, 2 -0.34, 2 -0.34, 2 -0.34, 2 -0.34, 2 -0.34, 2 -0.34, 2 -0.34, 2 -0.34, 3 -0.43, 3 -0.43, 3 -0.43, 3 -0.43, 3 -0.43, 3 -0.43, 4 -0.5, 5 -0.57, 5 -0.57, 6 -0.63, 7 -0.67, 7 -0.67, 8 -0.71, 439 -1.82, 
Percentage of finished job, node number and score of modules that have more than one node are as follows:
0%
1% 
2 4.13, 2 3.78, 4 2.38, 2 2.04, 3 1.64, 2 -0.34, 2 -0.34, 2 -0.34, 2 -0.34, 2 -0.34, 2 -0.34, 2 -0.34, 2 -0.34, 2 -0.34, 2 -0.34, 2 -0.34, 2 -0.34, 3 -0.43, 3 -0.43, 3 -0.43, 3 -0.43, 3 -0.43, 3 -0.43, 4 -0.5, 5 -0.57, 5 -0.57, 6 -0.63, 7 -0.67, 7 -0.67, 8 -0.71, 429 -1.37, 
2% 
2 4.13, 2 3.78, 2 2.76, 4 2.38, 2 2.04, 3 1.64, 6 1.54, 2 -0.34, 2 -0.34, 2 -0.34, 2 -0.34, 2 -0.34, 2 -0.34, 2 -0.34, 2 -0.34, 2 -0.34, 2 -0.34, 2 -0.34, 2 -0.34, 2 -0.34, 3 -0.43, 3 -0.43, 3 -0.43, 3 -0.43, 3 -0.43, 4 -0.5, 427 -0.51, 5 -0.57, 6 -0.63, 7 -0.67, 7 -0.67, 8 -0.71, 
3% 
2 4.13, 2 3.78, 2 2.76, 2 2.76, 4 2.38, 2 2.04, 5 1.82, 3 1.64, 426 -0.1, 2 -0.34, 2 -0.34, 2 -0.34, 2 -0.34, 2 -0.34, 2 -0.34, 2 -0.34, 2 -0.34, 2 -0.34, 2 -0.34, 2 -0.34, 2 -0.34, 2 -0.34, 2 -0.34, 3 -0.43, 3 -0.43, 3 -0.43, 4 -0.5, 5 -0.57, 6 -0.63, 6 -0.63, 7 -0.67, 8 -0.71, 
4% 
2 4.13, 2 3.78, 2 2.76, 2 2.76, 4 2.38, 2 2.04, 2 2, 5 1.82, 3 1.64, 424 0.5, 2 -0.34, 2 -0.34, 2 -0.34, 2 -0.34, 2 -0.34, 2 -0.34, 2 -0.34, 2 -0.34, 2 -0.34, 2 -0.34, 2 -0.34, 2 -0.34, 2 -0.34, 2 -0.34, 3 -0.43, 3 -0.43, 3 -0.43, 4 -0.5, 5 -0.57, 5 -0.57, 6 -0.63, 7 -0.67, 8 -0.71, 
5% 
3 7.12, 2 3.78, 2 2.76, 2 2.76, 4 2.38, 2 2.21, 2 2.04, 2 2, 5 1.82, 442 1.11, 2 -0.34, 2 -0.34, 2 -0.34, 2 -0.34, 2 -0.34, 2 -0.34, 2 -0.34, 2 -0.34, 2 -0.34, 2 -0.34, 2 -0.34, 3 -0.43, 3 -0.43, 4 -0.5, 4 -0.5, 5 -0.57, 6 -0.63, 7 -0.67, 8 -0.71, 
6% 
3 7.12, 2 3.78, 2 2.76, 2 2.76, 2 2.59, 4 2.38, 2 2.21, 2 2.04, 2 2, 5 1.82, 433 1.61, 2 -0.34, 2 -0.34, 2 -0.34, 2 -0.34, 2 -0.34, 2 -0.34, 2 -0.34, 2 -0.34, 2 -0.34, 2 -0.34, 3 -0.43, 3 -0.43, 4 -0.5, 4 -0.5, 4 -0.5, 5 -0.57, 5 -0.57, 7 -0.67, 8 -0.71, 
7% 
3 7.12, 2 3.78, 2 2.76, 2 2.76, 2 2.59, 4 2.38, 2 2.21, 2 2.04, 2 2.03, 2 2, 428 1.83, 5 1.82, 2 -0.34, 2 -0.34, 2 -0.34, 2 -0.34, 2 -0.34, 2 -0.34, 2 -0.34, 2 -0.34, 2 -0.34, 2 -0.34, 3 -0.43, 3 -0.43, 3 -0.43, 4 -0.5, 4 -0.5, 5 -0.57, 5 -0.57, 7 -0.67, 8 -0.71, 
8% 
3 7.12, 2 3.78, 2 3.01, 2 2.76, 2 2.76, 417 2.61, 2 2.59, 2 2.21, 2 2.04, 2 2.03, 2 2, 5 1.82, 4 1.21, 8 0.99, 2 -0.34, 2 -0.34, 2 -0.34, 2 -0.34, 2 -0.34, 2 -0.34, 2 -0.34, 2 -0.34, 2 -0.34, 2 -0.34, 3 -0.43, 3 -0.43, 3 -0.43, 4 -0.5, 4 -0.5, 5 -0.57, 5 -0.57, 7 -0.67, 8 -0.71, 
9% 
6 7.71, 2 3.78, 2 3.01, 2 2.76, 2 2.76, 409 2.75, 2 2.59, 2 2.21, 2 2.15, 2 2.04, 2 2.03, 2 2, 5 1.82, 8 1.49, 4 1.21, 8 0.99, 2 -0.34, 2 -0.34, 2 -0.34, 2 -0.34, 2 -0.34, 2 -0.34, 2 -0.34, 2 -0.34, 2 -0.34, 2 -0.34, 3 -0.43, 3 -0.43, 3 -0.43, 4 -0.5, 4 -0.5, 5 -0.57, 5 -0.57, 8 -0.71, 
10% 
6 7.71, 426 4.41, 2 3.78, 2 3.01, 2 2.76, 2 2.76, 2 2.59, 2 2.21, 2 2.15, 2 2.04, 2 2.03, 2 2, 8 1.49, 4 1.21, 8 0.99, 2 -0.34, 2 -0.34, 2 -0.34, 2 -0.34, 2 -0.34, 2 -0.34, 2 -0.34, 2 -0.34, 2 -0.34, 2 -0.34, 3 -0.43, 3 -0.43, 3 -0.43, 4 -0.5, 4 -0.5, 5 -0.57, 5 -0.57, 8 -0.71, 
11% 
6 7.71, 439 4.83, 2 3.78, 2 3.01, 2 2.76, 2 2.76, 2 2.59, 2 2.15, 2 2.04, 2 2.03, 2 2, 4 1.21, 8 0.99, 2 -0.34, 2 -0.34, 2 -0.34, 2 -0.34, 2 -0.34, 2 -0.34, 2 -0.34, 2 -0.34, 2 -0.34, 2 -0.34, 3 -0.43, 3 -0.43, 3 -0.43, 4 -0.5, 4 -0.5, 5 -0.57, 5 -0.57, 8 -0.71, 
12% 
6 7.71, 435 5.13, 2 3.78, 2 3.01, 2 2.76, 2 2.76, 2 2.59, 2 2.15, 2 2.04, 2 2.03, 2 2, 4 1.21, 8 0.99, 2 -0.34, 2 -0.34, 2 -0.34, 2 -0.34, 2 -0.34, 2 -0.34, 2 -0.34, 2 -0.34, 2 -0.34, 2 -0.34, 3 -0.43, 3 -0.43, 3 -0.43, 4 -0.5, 4 -0.5, 4 -0.5, 5 -0.57, 8 -0.71, 
13% 
6 7.71, 430 6.12, 2 3.78, 2 3.01, 2 2.76, 2 2.76, 2 2.59, 2 2.15, 2 2.04, 2 2.03, 2 2, 3 1.55, 4 1.21, 8 0.99, 2 -0.34, 2 -0.34, 2 -0.34, 2 -0.34, 2 -0.34, 2 -0.34, 2 -0.34, 2 -0.34, 2 -0.34, 3 -0.43, 3 -0.43, 3 -0.43, 3 -0.43, 4 -0.5, 4 -0.5, 4 -0.5, 5 -0.57, 8 -0.71, 
14% 
6 7.71, 422 6.94, 2 3.78, 2 3.01, 2 2.76, 2 2.76, 2 2.59, 2 2.15, 2 2.04, 2 2.03, 2 2, 3 1.55, 4 1.21, 8 0.99, 6 0.98, 2 -0.34, 2 -0.34, 2 -0.34, 2 -0.34, 2 -0.34, 2 -0.34, 2 -0.34, 2 -0.34, 3 -0.43, 3 -0.43, 3 -0.43, 4 -0.5, 4 -0.5, 4 -0.5, 5 -0.57, 8 -0.71, 
15% 
6 7.71, 416 7.23, 2 3.78, 2 3.01, 2 2.76, 2 2.76, 2 2.59, 2 2.15, 2 2.04, 2 2.03, 2 2, 3 1.55, 3 1.46, 4 1.21, 8 0.99, 6 0.98, 2 -0.34, 2 -0.34, 2 -0.34, 2 -0.34, 2 -0.34, 2 -0.34, 2 -0.34, 2 -0.34, 2 -0.34, 3 -0.43, 3 -0.43, 3 -0.43, 4 -0.5, 4 -0.5, 4 -0.5, 5 -0.57, 8 -0.71, 
16% 
6 7.71, 397 7.16, 2 3.78, 2 3.01, 2 2.76, 2 2.76, 2 2.59, 3 2.36, 2 2.15, 2 2.04, 2 2.03, 2 2, 5 1.82, 3 1.55, 3 1.46, 4 1.21, 6 0.98, 2 -0.34, 2 -0.34, 2 -0.34, 2 -0.34, 2 -0.34, 2 -0.34, 2 -0.34, 2 -0.34, 2 -0.34, 3 -0.43, 3 -0.43, 3 -0.43, 4 -0.5, 4 -0.5, 4 -0.5, 4 -0.5, 5 -0.57, 8 -0.71, 
17% 
394 8.51, 6 7.71, 2 3.78, 2 3.01, 2 2.76, 2 2.76, 2 2.59, 3 2.36, 2 2.15, 2 2.04, 2 2.03, 2 2, 4 1.93, 5 1.82, 4 1.69, 3 1.59, 3 1.55, 3 1.46, 6 0.98, 6 0.66, 2 -0.34, 2 -0.34, 2 -0.34, 2 -0.34, 2 -0.34, 2 -0.34, 2 -0.34, 2 -0.34, 3 -0.43, 3 -0.43, 3 -0.43, 4 -0.5, 4 -0.5, 4 -0.5, 8 -0.71, 
18% 
391 9.19, 6 7.71, 2 3.78, 2 3.01, 2 2.76, 2 2.76, 2 2.68, 2 2.59, 3 2.36, 2 2.15, 2 2.04, 2 2, 4 1.93, 5 1.82, 4 1.69, 3 1.59, 3 1.55, 3 1.46, 6 0.98, 6 0.66, 2 -0.34, 2 -0.34, 2 -0.34, 2 -0.34, 2 -0.34, 2 -0.34, 2 -0.34, 2 -0.34, 2 -0.34, 3 -0.43, 3 -0.43, 4 -0.5, 4 -0.5, 4 -0.5, 8 -0.71, 
19% 
392 9.44, 6 7.71, 2 3.78, 2 3.01, 2 2.76, 2 2.76, 2 2.68, 2 2.59, 2 2.42, 3 2.36, 2 2.15, 2 2.04, 2 2, 4 1.93, 5 1.82, 4 1.69, 3 1.59, 3 1.55, 3 1.46, 6 0.98, 5 0.85, 2 -0.34, 2 -0.34, 2 -0.34, 2 -0.34, 2 -0.34, 2 -0.34, 2 -0.34, 2 -0.34, 2 -0.34, 2 -0.34, 3 -0.43, 4 -0.5, 4 -0.5, 4 -0.5, 8 -0.71, 
20% 
390 11.07, 6 7.71, 2 3.78, 2 2.76, 2 2.76, 2 2.68, 2 2.59, 3 2.44, 3 2.36, 2 2.15, 2 2.04, 2 2, 5 1.82, 4 1.69, 3 1.59, 3 1.55, 3 1.46, 6 0.98, 5 0.85, 2 -0.34, 2 -0.34, 2 -0.34, 2 -0.34, 2 -0.34, 2 -0.34, 2 -0.34, 2 -0.34, 2 -0.34, 2 -0.34, 2 -0.34, 2 -0.34, 3 -0.43, 3 -0.43, 4 -0.5, 4 -0.5, 4 -0.5, 8 -0.71, 
21% 
379 11.23, 6 7.71, 4 5.97, 2 3.78, 2 2.76, 2 2.76, 2 2.68, 2 2.59, 3 2.44, 3 2.16, 2 2.15, 2 2.04, 2 2, 5 1.82, 3 1.59, 3 1.55, 3 1.46, 6 0.98, 5 0.85, 2 -0.34, 2 -0.34, 2 -0.34, 2 -0.34, 2 -0.34, 2 -0.34, 2 -0.34, 2 -0.34, 2 -0.34, 2 -0.34, 2 -0.34, 2 -0.34, 2 -0.34, 2 -0.34, 3 -0.43, 4 -0.5, 4 -0.5, 4 -0.5, 8 -0.71, 
22% 
354 11.55, 6 7.71, 4 5.97, 2 3.78, 5 2.96, 2 2.76, 2 2.76, 2 2.68, 2 2.59, 3 2.44, 2 2.42, 3 2.16, 2 2.15, 2 2.15, 2 2.04, 2 2, 5 1.82, 3 1.55, 3 1.46, 6 0.98, 5 0.85, 2 -0.34, 2 -0.34, 2 -0.34, 2 -0.34, 2 -0.34, 2 -0.34, 2 -0.34, 2 -0.34, 2 -0.34, 2 -0.34, 2 -0.34, 2 -0.34, 2 -0.34, 2 -0.34, 2 -0.34, 3 -0.43, 4 -0.5, 4 -0.5, 6 -0.63, 8 -0.71, 
23% 
349 11.93, 6 7.71, 5 7.2, 2 3.78, 4 3.44, 2 2.76, 2 2.76, 2 2.68, 2 2.59, 3 2.44, 2 2.42, 3 2.16, 2 2.15, 2 2.15, 2 2.04, 2 2, 5 1.82, 3 1.55, 3 1.46, 6 0.98, 5 0.85, 2 -0.34, 2 -0.34, 2 -0.34, 2 -0.34, 2 -0.34, 2 -0.34, 2 -0.34, 2 -0.34, 2 -0.34, 2 -0.34, 2 -0.34, 2 -0.34, 2 -0.34, 2 -0.34, 2 -0.34, 3 -0.43, 4 -0.5, 4 -0.5, 6 -0.63, 8 -0.71, 
24% 
356 13.02, 6 7.71, 5 7.2, 2 3.78, 2 2.76, 2 2.76, 2 2.68, 6 2.67, 2 2.59, 3 2.44, 2 2.42, 3 2.16, 2 2.15, 2 2.15, 2 2, 3 1.9, 5 1.82, 3 1.55, 3 1.46, 5 0.85, 2 -0.34, 2 -0.34, 2 -0.34, 2 -0.34, 2 -0.34, 2 -0.34, 2 -0.34, 2 -0.34, 2 -0.34, 2 -0.34, 2 -0.34, 2 -0.34, 2 -0.34, 2 -0.34, 2 -0.34, 3 -0.43, 4 -0.5, 4 -0.5, 6 -0.63, 8 -0.71, 
25% 
365 13.89, 6 7.71, 3 4.78, 2 3.78, 2 3.48, 2 2.76, 2 2.76, 2 2.68, 6 2.67, 3 2.44, 2 2.42, 3 2.16, 2 2.15, 2 2.15, 2 2, 3 2, 5 1.82, 3 1.55, 3 1.46, 5 0.85, 2 -0.34, 2 -0.34, 2 -0.34, 2 -0.34, 2 -0.34, 2 -0.34, 2 -0.34, 2 -0.34, 2 -0.34, 2 -0.34, 2 -0.34, 2 -0.34, 2 -0.34, 3 -0.43, 3 -0.43, 4 -0.5, 5 -0.57, 8 -0.71, 
26% 
365 14.51, 6 7.71, 3 4.78, 2 3.78, 2 3.48, 2 2.76, 2 2.76, 2 2.68, 6 2.67, 3 2.44, 3 2.16, 2 2.15, 2 2.15, 2 2, 3 2, 5 1.82, 3 1.55, 3 1.46, 5 0.85, 9 0.7, 2 -0.34, 2 -0.34, 2 -0.34, 2 -0.34, 2 -0.34, 2 -0.34, 2 -0.34, 2 -0.34, 2 -0.34, 2 -0.34, 2 -0.34, 2 -0.34, 3 -0.43, 3 -0.43, 3 -0.43, 4 -0.5, 
27% 
365 14.7, 6 7.71, 3 4.78, 4 3.86, 2 3.78, 2 3.48, 2 2.76, 2 2.76, 2 2.68, 6 2.67, 3 2.44, 3 2.34, 4 2.16, 2 2.15, 2 2.15, 2 2.1, 2 2, 3 2, 2 1.98, 3 1.93, 3 1.54, 5 0.85, 9 0.7, 2 -0.34, 2 -0.34, 2 -0.34, 2 -0.34, 2 -0.34, 2 -0.34, 2 -0.34, 2 -0.34, 2 -0.34, 2 -0.34, 2 -0.34, 2 -0.34, 3 -0.43, 3 -0.43, 3 -0.43, 4 -0.5, 
28% 
371 16.04, 6 7.71, 4 3.86, 2 3.78, 2 3.48, 2 2.76, 2 2.76, 2 2.68, 6 2.67, 2 2.57, 3 2.34, 4 2.16, 2 2.15, 2 2.15, 2 2.1, 2 2, 3 2, 2 1.98, 3 1.54, 5 0.85, 9 0.7, 2 -0.34, 2 -0.34, 2 -0.34, 2 -0.34, 2 -0.34, 2 -0.34, 2 -0.34, 2 -0.34, 2 -0.34, 2 -0.34, 2 -0.34, 2 -0.34, 3 -0.43, 3 -0.43, 3 -0.43, 4 -0.5, 
29% 
366 16.23, 6 7.71, 4 3.86, 2 3.78, 2 3.48, 2 3.18, 2 2.76, 2 2.76, 2 2.68, 6 2.67, 2 2.57, 3 2.34, 4 2.16, 2 2.15, 2 2.15, 2 2.1, 2 2, 3 2, 2 1.98, 3 1.78, 3 1.54, 5 0.85, 9 0.7, 2 -0.34, 2 -0.34, 2 -0.34, 2 -0.34, 2 -0.34, 2 -0.34, 2 -0.34, 2 -0.34, 2 -0.34, 2 -0.34, 2 -0.34, 2 -0.34, 2 -0.34, 3 -0.43, 3 -0.43, 4 -0.5, 
30% 
372 17.73, 4 3.86, 2 3.78, 2 3.48, 2 3.18, 2 2.76, 2 2.76, 2 2.68, 6 2.67, 2 2.57, 3 2.34, 2 2.15, 2 2.15, 2 2.1, 2 2, 3 2, 2 1.98, 3 1.78, 3 1.67, 3 1.54, 5 0.85, 9 0.7, 2 -0.34, 2 -0.34, 2 -0.34, 2 -0.34, 2 -0.34, 2 -0.34, 2 -0.34, 2 -0.34, 2 -0.34, 2 -0.34, 2 -0.34, 3 -0.43, 3 -0.43, 4 -0.5, 
31% 
373 18.08, 5 4.95, 2 3.78, 2 3.48, 2 3.18, 2 2.76, 2 2.76, 2 2.68, 6 2.67, 2 2.57, 3 2.34, 2 2.15, 2 2.15, 2 2.1, 2 2, 3 2, 2 1.98, 3 1.67, 3 1.54, 5 0.85, 9 0.7, 2 -0.34, 2 -0.34, 2 -0.34, 2 -0.34, 2 -0.34, 2 -0.34, 2 -0.34, 2 -0.34, 2 -0.34, 2 -0.34, 2 -0.34, 3 -0.43, 3 -0.43, 4 -0.5, 
32% 
389 18.83, 5 4.95, 2 3.78, 2 3.18, 2 2.83, 2 2.76, 2 2.76, 2 2.68, 6 2.67, 2 2.57, 3 2.34, 2 2.15, 2 2.15, 2 2.1, 2 2, 3 2, 2 1.98, 10 1.8, 3 1.67, 3 1.54, 5 0.85, 2 -0.34, 2 -0.34, 2 -0.34, 2 -0.34, 2 -0.34, 2 -0.34, 2 -0.34, 2 -0.34, 2 -0.34, 2 -0.34, 2 -0.34, 3 -0.43, 3 -0.43, 4 -0.5, 
33% 
392 19.48, 5 4.95, 2 3.78, 2 3.18, 2 2.83, 2 2.76, 2 2.76, 2 2.68, 2 2.57, 3 2.34, 2 2.15, 2 2.15, 2 2.1, 2 2, 3 2, 2 1.98, 10 1.8, 3 1.67, 3 1.54, 4 1.08, 2 -0.34, 2 -0.34, 2 -0.34, 2 -0.34, 2 -0.34, 2 -0.34, 2 -0.34, 2 -0.34, 2 -0.34, 3 -0.43, 3 -0.43, 4 -0.5, 
34% 
385 19.72, 5 4.95, 2 3.78, 2 3.18, 2 2.83, 2 2.76, 2 2.76, 2 2.68, 2 2.57, 3 2.34, 2 2.15, 2 2.15, 2 2.1, 2 2, 3 2, 2 1.98, 10 1.8, 3 1.67, 3 1.54, 8 1.45, 4 1.08, 2 -0.34, 2 -0.34, 2 -0.34, 2 -0.34, 2 -0.34, 2 -0.34, 2 -0.34, 2 -0.34, 3 -0.43, 3 -0.43, 
35% 
382 20.21, 5 4.95, 2 3.78, 2 3.18, 2 2.83, 2 2.76, 2 2.76, 2 2.68, 2 2.57, 3 2.34, 2 2.15, 2 2.15, 2 2.1, 2 2, 3 2, 2 1.98, 10 1.8, 3 1.67, 3 1.54, 8 1.45, 3 1.44, 2 -0.34, 2 -0.34, 2 -0.34, 2 -0.34, 2 -0.34, 2 -0.34, 2 -0.34, 3 -0.43, 3 -0.43, 
36% 
375 20.83, 5 4.95, 2 3.78, 2 3.18, 2 2.83, 2 2.76, 2 2.76, 2 2.68, 2 2.57, 3 2.34, 2 2.15, 2 2.15, 2 2.1, 2 2, 3 2, 2 1.98, 10 1.8, 3 1.67, 3 1.54, 8 1.45, 3 1.44, 2 -0.34, 2 -0.34, 2 -0.34, 2 -0.34, 2 -0.34, 2 -0.34, 2 -0.34, 3 -0.43, 3 -0.43, 
37% 
372 21.58, 2 5.8, 5 4.95, 2 3.78, 2 3.18, 2 2.83, 2 2.76, 2 2.76, 2 2.68, 2 2.57, 3 2.34, 2 2.15, 2 2.15, 2 2.1, 2 2, 3 2, 2 1.98, 10 1.8, 3 1.67, 3 1.54, 8 1.45, 3 1.44, 2 -0.34, 2 -0.34, 2 -0.34, 2 -0.34, 2 -0.34, 2 -0.34, 2 -0.34, 3 -0.43, 3 -0.43, 
38% 
363 21.98, 2 5.8, 5 4.95, 2 3.78, 2 3.18, 2 2.83, 2 2.76, 2 2.76, 2 2.68, 6 2.63, 2 2.57, 2 2.4, 3 2.34, 2 2.15, 2 2.15, 2 2.1, 2 2, 3 2, 2 1.98, 3 1.67, 3 1.54, 8 1.45, 3 1.44, 2 -0.34, 2 -0.34, 2 -0.34, 2 -0.34, 2 -0.34, 2 -0.34, 2 -0.34, 2 -0.34, 3 -0.43, 3 -0.43, 
39% 
362 22.2, 2 5.8, 5 4.95, 2 3.78, 2 3.18, 2 2.83, 2 2.76, 2 2.76, 2 2.68, 6 2.63, 2 2.57, 2 2.4, 3 2.34, 2 2.15, 2 2.15, 2 2.1, 2 2, 3 2, 2 1.98, 2 1.96, 3 1.67, 8 1.45, 28 0.12, 2 -0.34, 2 -0.34, 2 -0.34, 2 -0.34, 2 -0.34, 2 -0.34, 2 -0.34, 3 -0.43, 3 -0.43, 
40% 
352 22.52, 2 5.8, 5 4.95, 2 3.78, 2 3.18, 2 2.83, 2 2.76, 2 2.76, 2 2.68, 6 2.63, 2 2.57, 2 2.4, 3 2.34, 2 2.15, 2 2.15, 2 2.1, 2 2, 3 2, 2 1.98, 2 1.96, 3 1.67, 8 1.45, 4 1.35, 28 0.12, 2 -0.34, 2 -0.34, 2 -0.34, 2 -0.34, 2 -0.34, 2 -0.34, 2 -0.34, 3 -0.43, 3 -0.43, 
41% 
349 23.2, 2 5.8, 5 4.95, 2 3.78, 2 3.18, 2 2.93, 2 2.83, 2 2.76, 2 2.76, 2 2.68, 6 2.63, 2 2.57, 2 2.4, 3 2.34, 2 2.15, 2 2.15, 2 2.1, 2 2, 3 2, 2 1.98, 2 1.96, 3 1.67, 7 1.58, 4 1.35, 27 0.17, 2 -0.34, 2 -0.34, 2 -0.34, 2 -0.34, 2 -0.34, 2 -0.34, 2 -0.34, 3 -0.43, 3 -0.43, 
42% 
350 23.6, 2 5.8, 5 4.95, 2 3.78, 2 3.18, 2 2.93, 2 2.83, 2 2.76, 2 2.76, 2 2.68, 6 2.63, 2 2.57, 2 2.4, 3 2.34, 2 2.15, 2 2.15, 2 2.1, 2 2, 3 2, 2 1.98, 2 1.96, 7 1.58, 4 1.35, 27 0.17, 2 -0.34, 2 -0.34, 2 -0.34, 2 -0.34, 2 -0.34, 2 -0.34, 2 -0.34, 2 -0.34, 3 -0.43, 
43% 
351 23.99, 2 5.8, 6 5.71, 2 3.78, 2 3.18, 2 2.93, 2 2.83, 2 2.76, 2 2.76, 2 2.68, 6 2.63, 2 2.57, 2 2.4, 3 2.34, 2 2.15, 2 2.15, 2 2.1, 2 2, 3 2, 2 1.98, 2 1.96, 4 1.8, 7 1.58, 4 1.35, 19 0.62, 26 0.22, 2 -0.34, 2 -0.34, 2 -0.34, 2 -0.34, 2 -0.34, 2 -0.34, 2 -0.34, 2 -0.34, 3 -0.43, 
44% 
346 24.09, 7 6.87, 2 5.8, 2 3.78, 2 3.18, 2 2.93, 2 2.83, 2 2.76, 2 2.76, 2 2.68, 6 2.63, 2 2.57, 2 2.4, 3 2.34, 2 2.15, 2 2.15, 2 2.1, 2 2.07, 2 2, 3 2, 2 1.98, 2 1.96, 4 1.8, 7 1.58, 4 1.35, 19 0.62, 24 0.33, 2 -0.34, 2 -0.34, 2 -0.34, 2 -0.34, 2 -0.34, 2 -0.34, 2 -0.34, 2 -0.34, 3 -0.43, 
45% 
344 24.18, 7 6.87, 2 5.8, 2 3.78, 2 3.18, 2 2.93, 2 2.83, 2 2.76, 2 2.76, 2 2.68, 6 2.63, 2 2.57, 2 2.4, 3 2.34, 2 2.15, 2 2.15, 2 2.1, 2 2.07, 2 2, 3 2, 2 1.98, 2 1.96, 4 1.8, 7 1.58, 4 1.35, 19 0.62, 24 0.33, 2 -0.34, 2 -0.34, 2 -0.34, 2 -0.34, 2 -0.34, 2 -0.34, 2 -0.34, 3 -0.43, 
46% 
348 24.87, 7 6.87, 2 5.8, 2 3.78, 2 3.18, 2 3.01, 2 2.93, 2 2.83, 2 2.76, 2 2.76, 2 2.68, 6 2.63, 2 2.6, 2 2.57, 2 2.4, 3 2.34, 2 2.15, 2 2.15, 2 2.1, 2 2.07, 2 2, 3 2, 2 1.98, 2 1.96, 7 1.58, 4 1.35, 18 0.69, 24 0.33, 2 -0.34, 2 -0.34, 2 -0.34, 2 -0.34, 2 -0.34, 2 -0.34, 2 -0.34, 3 -0.43, 
47% 
344 25.13, 7 6.87, 2 5.8, 2 3.78, 2 3.18, 2 3.01, 2 2.93, 2 2.83, 2 2.76, 2 2.76, 2 2.68, 6 2.63, 2 2.6, 2 2.57, 2 2.4, 7 2.36, 2 2.15, 2 2.1, 2 2.07, 2 2, 3 2, 2 1.98, 2 1.96, 7 1.58, 4 1.35, 18 0.69, 7 0.6, 23 0.38, 2 -0.34, 2 -0.34, 2 -0.34, 2 -0.34, 2 -0.34, 2 -0.34, 2 -0.34, 3 -0.43, 
48% 
346 25.62, 7 6.87, 2 5.8, 2 3.78, 2 3.18, 2 3.01, 2 2.93, 10 2.88, 2 2.83, 2 2.76, 2 2.76, 2 2.68, 6 2.63, 2 2.6, 2 2.57, 2 2.4, 2 2.15, 2 2.1, 2 2.07, 3 2, 2 1.98, 2 1.96, 25 1.9, 7 1.58, 4 1.35, 16 0.85, 7 0.6, 2 -0.34, 2 -0.34, 2 -0.34, 2 -0.34, 2 -0.34, 2 -0.34, 2 -0.34, 3 -0.43, 
49% 
345 25.88, 7 6.87, 2 5.8, 2 3.78, 2 3.18, 2 3.01, 2 2.93, 10 2.88, 2 2.83, 2 2.76, 2 2.76, 2 2.68, 2 2.63, 6 2.63, 2 2.6, 2 2.57, 2 2.4, 2 2.15, 2 2.07, 3 2, 2 1.98, 2 1.96, 25 1.9, 7 1.58, 4 1.35, 16 0.85, 7 0.6, 2 -0.34, 2 -0.34, 2 -0.34, 2 -0.34, 2 -0.34, 2 -0.34, 2 -0.34, 3 -0.43, 
50% 
341 25.83, 7 6.87, 2 5.8, 2 3.78, 2 3.18, 2 3.01, 2 2.93, 10 2.88, 2 2.83, 2 2.76, 2 2.76, 2 2.68, 2 2.63, 6 2.63, 2 2.6, 2 2.57, 2 2.4, 2 2.15, 2 2.07, 3 2, 2 1.98, 2 1.96, 25 1.9, 7 1.58, 4 1.35, 16 0.85, 7 0.6, 2 -0.34, 2 -0.34, 2 -0.34, 2 -0.34, 2 -0.34, 2 -0.34, 3 -0.43, 
51% 
340 25.89, 7 6.87, 2 5.8, 2 3.78, 2 3.18, 2 3.01, 2 2.93, 10 2.88, 3 2.84, 2 2.83, 2 2.76, 2 2.76, 2 2.68, 2 2.63, 6 2.63, 2 2.6, 2 2.57, 2 2.4, 2 2.15, 2 2.07, 3 2, 2 1.98, 2 1.96, 25 1.9, 6 1.83, 4 1.35, 16 0.85, 7 0.6, 2 -0.34, 2 -0.34, 2 -0.34, 2 -0.34, 2 -0.34, 2 -0.34, 3 -0.43, 
52% 
344 26.36, 7 6.87, 2 5.8, 2 3.78, 2 3.18, 2 3.01, 2 2.93, 10 2.88, 3 2.84, 2 2.83, 2 2.76, 2 2.76, 2 2.68, 2 2.63, 6 2.63, 2 2.6, 2 2.57, 2 2.4, 2 2.15, 2 2.07, 3 2, 24 1.99, 2 1.98, 2 1.96, 6 1.83, 4 1.35, 16 0.85, 7 0.6, 2 -0.34, 2 -0.34, 2 -0.34, 2 -0.34, 2 -0.34, 2 -0.34, 3 -0.43, 
53% 
346 26.98, 7 6.87, 2 5.8, 2 3.78, 2 3.18, 2 3.01, 2 2.93, 10 2.88, 3 2.84, 2 2.83, 2 2.76, 2 2.76, 2 2.68, 2 2.63, 6 2.63, 2 2.6, 2 2.57, 2 2.4, 2 2.15, 2 2.07, 3 2, 24 1.99, 2 1.98, 2 1.96, 6 1.83, 4 1.35, 16 0.85, 7 0.6, 2 -0.34, 2 -0.34, 2 -0.34, 2 -0.34, 2 -0.34, 2 -0.34, 3 -0.43, 
54% 
344 27.08, 7 6.87, 2 5.8, 2 3.78, 2 3.18, 2 3.01, 2 2.93, 10 2.88, 3 2.84, 2 2.83, 2 2.76, 2 2.76, 2 2.68, 2 2.63, 6 2.63, 2 2.6, 2 2.57, 2 2.4, 2 2.15, 5 2.13, 23 2.1, 2 2.07, 3 2, 2 1.98, 2 1.96, 4 1.35, 16 0.85, 7 0.6, 2 -0.34, 2 -0.34, 2 -0.34, 2 -0.34, 2 -0.34, 3 -0.43, 
55% 
344 27.35, 7 6.87, 2 5.8, 2 3.78, 2 3.18, 2 3.01, 2 2.93, 10 2.88, 3 2.84, 2 2.83, 2 2.76, 2 2.76, 2 2.68, 2 2.63, 6 2.63, 2 2.6, 2 2.57, 4 2.52, 2 2.4, 4 2.23, 2 2.15, 23 2.1, 2 2.07, 3 2, 2 1.98, 2 1.96, 4 1.35, 15 0.94, 7 0.6, 2 -0.34, 2 -0.34, 2 -0.34, 2 -0.34, 2 -0.34, 3 -0.43, 
56% 
351 27.77, 7 6.87, 2 5.8, 2 3.78, 2 3.18, 3 3.13, 2 3.01, 2 2.93, 10 2.88, 3 2.84, 2 2.83, 2 2.76, 2 2.76, 2 2.68, 2 2.63, 2 2.6, 2 2.57, 2 2.4, 4 2.23, 2 2.15, 23 2.1, 2 2.07, 3 2, 2 1.98, 2 1.96, 4 1.35, 14 1.05, 7 0.6, 2 -0.34, 2 -0.34, 2 -0.34, 2 -0.34, 2 -0.34, 
57% 
346 27.96, 7 6.87, 2 5.8, 2 3.78, 2 3.18, 3 3.13, 2 3.01, 2 2.93, 10 2.88, 3 2.84, 2 2.83, 2 2.76, 2 2.76, 2 2.68, 2 2.63, 2 2.6, 2 2.59, 2 2.57, 2 2.4, 4 2.23, 22 2.2, 2 2.15, 2 2.07, 3 2, 2 1.98, 2 1.96, 5 1.82, 3 1.58, 4 1.35, 14 1.05, 7 0.6, 2 -0.34, 2 -0.34, 2 -0.34, 2 -0.34, 2 -0.34, 
58% 
345 28.21, 7 6.87, 2 5.8, 2 3.78, 2 3.18, 3 3.13, 2 3.01, 2 2.93, 10 2.88, 2 2.87, 3 2.84, 2 2.83, 2 2.76, 2 2.76, 2 2.68, 2 2.63, 2 2.6, 2 2.59, 2 2.57, 2 2.4, 4 2.23, 22 2.2, 2 2.15, 2 2.07, 3 2, 2 1.98, 2 1.96, 5 1.82, 3 1.58, 4 1.35, 14 1.05, 6 0.75, 2 -0.34, 2 -0.34, 2 -0.34, 2 -0.34, 2 -0.34, 
59% 
341 28.66, 7 6.87, 2 3.78, 4 3.21, 2 3.18, 3 3.13, 2 3.01, 2 2.93, 10 2.88, 2 2.87, 3 2.84, 2 2.83, 2 2.76, 2 2.76, 2 2.68, 2 2.63, 2 2.59, 2 2.57, 2 2.4, 21 2.33, 4 2.23, 2 2.15, 2 2.07, 3 2, 2 1.98, 2 1.96, 5 1.82, 3 1.72, 3 1.58, 4 1.35, 14 1.05, 5 0.95, 2 -0.34, 2 -0.34, 2 -0.34, 2 -0.34, 2 -0.34, 
60% 
340 28.73, 7 6.87, 2 3.78, 4 3.21, 2 3.18, 3 3.13, 2 3.01, 2 2.93, 10 2.88, 2 2.87, 3 2.84, 2 2.83, 2 2.76, 2 2.76, 2 2.68, 2 2.63, 2 2.59, 2 2.57, 2 2.4, 21 2.33, 4 2.23, 2 2.15, 2 2.07, 3 2, 2 1.98, 2 1.96, 5 1.82, 3 1.72, 3 1.58, 4 1.35, 14 1.05, 5 0.95, 2 -0.34, 2 -0.34, 2 -0.34, 2 -0.34, 2 -0.34, 
61% 
346 29.3, 7 6.87, 2 3.78, 2 3.18, 3 3.13, 2 3.01, 2 2.93, 10 2.88, 2 2.87, 3 2.84, 2 2.83, 2 2.76, 2 2.76, 2 2.68, 2 2.65, 2 2.63, 2 2.59, 2 2.57, 2 2.46, 2 2.4, 21 2.33, 4 2.23, 2 2.15, 2 2.07, 2 1.98, 2 1.96, 5 1.82, 3 1.76, 3 1.72, 3 1.58, 14 1.05, 5 0.95, 2 -0.34, 2 -0.34, 2 -0.34, 2 -0.34, 2 -0.34, 
62% 
352 29.56, 7 6.87, 2 3.78, 2 3.18, 3 3.13, 2 3.01, 2 2.93, 10 2.88, 2 2.87, 3 2.84, 2 2.83, 2 2.76, 2 2.76, 2 2.68, 2 2.65, 2 2.63, 2 2.59, 2 2.57, 2 2.46, 2 2.4, 21 2.33, 2 2.29, 4 2.23, 2 2.15, 2 2.07, 2 1.98, 2 1.96, 5 1.82, 3 1.76, 3 1.72, 3 1.58, 14 1.05, 5 0.95, 2 -0.34, 2 -0.34, 2 -0.34, 2 -0.34, 
63% 
355 29.65, 7 6.87, 2 3.78, 2 3.18, 3 3.13, 2 3.01, 2 2.93, 10 2.88, 2 2.87, 3 2.84, 2 2.83, 2 2.76, 2 2.76, 2 2.68, 2 2.65, 2 2.59, 2 2.57, 2 2.46, 2 2.4, 21 2.33, 2 2.29, 4 2.23, 2 2.15, 2 2.07, 2 1.98, 2 1.96, 5 1.82, 3 1.76, 3 1.72, 3 1.58, 14 1.05, 5 0.95, 2 -0.34, 2 -0.34, 2 -0.34, 2 -0.34, 
64% 
355 29.82, 7 6.87, 2 3.78, 2 3.18, 3 3.13, 2 3.01, 2 2.93, 10 2.88, 2 2.87, 3 2.84, 2 2.83, 2 2.76, 2 2.76, 2 2.68, 2 2.65, 19 2.59, 2 2.59, 2 2.59, 2 2.57, 2 2.46, 2 2.4, 2 2.29, 4 2.23, 2 2.15, 2 2.07, 2 1.98, 2 1.96, 5 1.82, 3 1.76, 3 1.72, 3 1.61, 3 1.58, 14 1.05, 5 0.95, 2 -0.34, 2 -0.34, 2 -0.34, 2 -0.34, 
65% 
350 29.8, 7 6.87, 2 3.78, 2 3.18, 3 3.13, 9 3.08, 2 3.01, 2 2.93, 2 2.87, 3 2.84, 2 2.83, 2 2.76, 2 2.76, 2 2.68, 2 2.65, 19 2.59, 2 2.59, 2 2.59, 2 2.57, 2 2.46, 2 2.4, 2 2.29, 4 2.23, 2 2.15, 2 2.07, 2 1.98, 2 1.96, 5 1.82, 3 1.76, 3 1.72, 3 1.61, 3 1.58, 14 1.05, 5 0.95, 2 -0.34, 2 -0.34, 2 -0.34, 2 -0.34, 
66% 
345 29.98, 7 6.87, 2 3.78, 2 3.18, 3 3.13, 9 3.08, 2 3.01, 2 2.93, 2 2.87, 3 2.84, 2 2.83, 2 2.76, 2 2.76, 2 2.68, 2 2.65, 19 2.59, 2 2.59, 2 2.59, 2 2.57, 2 2.46, 2 2.4, 2 2.29, 4 2.23, 4 2.16, 2 2.15, 2 2.07, 2 1.98, 2 1.96, 3 1.76, 3 1.72, 3 1.61, 3 1.58, 14 1.05, 5 0.95, 2 -0.34, 2 -0.34, 2 -0.34, 2 -0.34, 
67% 
344 30.02, 6 7.6, 2 4.05, 2 3.78, 2 3.18, 9 3.08, 2 3.01, 2 2.93, 2 2.87, 3 2.84, 2 2.83, 3 2.8, 2 2.76, 2 2.76, 18 2.7, 2 2.68, 2 2.65, 2 2.59, 2 2.59, 2 2.57, 2 2.46, 2 2.4, 2 2.29, 4 2.16, 2 2.15, 2 2.07, 2 1.98, 2 1.96, 3 1.76, 3 1.72, 3 1.61, 3 1.58, 5 1.31, 14 1.05, 5 0.95, 2 -0.34, 2 -0.34, 2 -0.34, 
68% 
345 30.37, 5 8.49, 2 4.05, 2 3.78, 2 3.18, 9 3.08, 2 3.01, 2 2.93, 2 2.87, 3 2.84, 2 2.83, 3 2.8, 2 2.76, 2 2.76, 18 2.7, 2 2.68, 2 2.65, 2 2.59, 2 2.59, 2 2.57, 2 2.46, 2 2.4, 2 2.29, 4 2.16, 2 2.15, 2 2.07, 2 1.98, 2 1.96, 3 1.76, 3 1.72, 3 1.61, 3 1.58, 5 1.31, 4 1.2, 14 1.05, 8 0.82, 2 -0.34, 2 -0.34, 2 -0.34, 
69% 
344 30.41, 5 8.49, 2 4.05, 2 3.78, 2 3.18, 9 3.08, 2 3.01, 2 2.93, 2 2.87, 3 2.84, 2 2.83, 3 2.8, 2 2.76, 2 2.76, 18 2.7, 2 2.68, 2 2.65, 2 2.59, 2 2.59, 2 2.57, 2 2.57, 2 2.46, 2 2.4, 2 2.29, 4 2.16, 2 2.15, 2 2.07, 2 1.98, 2 1.96, 3 1.76, 3 1.72, 3 1.61, 3 1.58, 5 1.31, 4 1.2, 14 1.05, 8 0.82, 2 -0.34, 2 -0.34, 2 -0.34, 
70% 
344 30.41, 5 8.49, 2 4.05, 2 3.78, 2 3.18, 9 3.08, 2 3.01, 2 2.93, 2 2.87, 3 2.84, 2 2.83, 3 2.8, 2 2.76, 2 2.76, 18 2.7, 2 2.68, 2 2.65, 2 2.59, 2 2.59, 2 2.57, 2 2.57, 2 2.46, 2 2.4, 2 2.29, 4 2.16, 2 2.15, 2 2.07, 2 1.98, 2 1.96, 3 1.76, 3 1.72, 3 1.61, 3 1.58, 5 1.31, 4 1.2, 14 1.05, 8 0.82, 2 -0.34, 2 -0.34, 2 -0.34, 
71% 
344 30.41, 5 8.49, 2 4.05, 2 3.78, 2 3.18, 9 3.08, 2 3.01, 2 2.93, 2 2.87, 3 2.84, 2 2.83, 3 2.8, 2 2.76, 2 2.76, 18 2.7, 2 2.68, 2 2.65, 2 2.59, 2 2.59, 2 2.57, 2 2.57, 2 2.46, 2 2.4, 2 2.29, 4 2.16, 2 2.15, 2 2.07, 2 1.98, 2 1.96, 3 1.76, 3 1.72, 3 1.61, 3 1.58, 4 1.4, 5 1.31, 4 1.2, 14 1.05, 8 0.82, 2 -0.34, 2 -0.34, 2 -0.34, 
72% 
345 30.59, 5 8.49, 2 4.05, 2 3.78, 2 3.18, 9 3.08, 2 3.01, 2 2.93, 2 2.87, 3 2.84, 2 2.83, 3 2.8, 2 2.76, 2 2.76, 18 2.7, 2 2.68, 2 2.65, 2 2.59, 2 2.59, 2 2.57, 2 2.57, 2 2.46, 2 2.4, 2 2.29, 4 2.16, 2 2.15, 2 2.07, 2 1.98, 2 1.96, 2 1.95, 3 1.76, 3 1.72, 3 1.61, 3 1.58, 4 1.4, 5 1.31, 4 1.2, 13 1.17, 7 0.93, 2 -0.34, 2 -0.34, 2 -0.34, 
73% 
344 30.63, 5 8.49, 2 4.05, 2 3.78, 2 3.18, 9 3.08, 2 3.01, 2 2.93, 2 2.87, 3 2.84, 2 2.83, 17 2.81, 3 2.8, 2 2.76, 2 2.76, 2 2.68, 2 2.65, 2 2.59, 2 2.59, 2 2.57, 2 2.57, 2 2.46, 2 2.4, 2 2.29, 4 2.16, 2 2.15, 2 2.13, 2 2.07, 2 1.98, 2 1.96, 2 1.95, 3 1.76, 3 1.72, 3 1.61, 4 1.4, 5 1.31, 4 1.2, 13 1.17, 7 0.93, 2 -0.34, 2 -0.34, 2 -0.34, 
74% 
346 30.69, 5 8.49, 2 4.05, 2 3.78, 2 3.18, 9 3.08, 2 3.01, 2 2.93, 2 2.87, 3 2.84, 2 2.83, 17 2.81, 3 2.8, 2 2.76, 2 2.76, 2 2.68, 2 2.65, 2 2.59, 2 2.59, 2 2.57, 2 2.57, 2 2.46, 2 2.4, 2 2.29, 4 2.16, 2 2.15, 2 2.13, 2 2.07, 2 2.05, 2 1.98, 2 1.95, 3 1.76, 3 1.72, 3 1.61, 4 1.4, 5 1.31, 12 1.29, 4 1.2, 7 0.93, 2 -0.34, 2 -0.34, 2 -0.34, 
75% 
344 30.8, 5 8.49, 3 5.7, 2 4.05, 2 3.18, 9 3.08, 2 3.01, 2 2.93, 2 2.87, 3 2.84, 2 2.83, 17 2.81, 3 2.8, 2 2.76, 2 2.76, 2 2.68, 2 2.65, 2 2.59, 2 2.59, 2 2.57, 2 2.57, 2 2.46, 2 2.4, 2 2.29, 4 2.16, 2 2.15, 2 2.13, 2 2.07, 2 2.05, 2 1.98, 2 1.95, 3 1.76, 3 1.72, 3 1.61, 4 1.4, 5 1.31, 12 1.29, 4 1.2, 7 0.93, 9 0.34, 2 -0.34, 2 -0.34, 2 -0.34, 
76% 
344 31.02, 5 8.49, 3 5.7, 2 4.05, 2 3.18, 9 3.08, 2 3.01, 2 2.93, 2 2.87, 3 2.84, 2 2.83, 17 2.81, 3 2.8, 2 2.76, 2 2.76, 2 2.68, 2 2.65, 2 2.59, 2 2.59, 2 2.57, 2 2.46, 2 2.4, 2 2.29, 4 2.16, 2 2.15, 2 2.13, 2 2.07, 2 2.05, 2 1.98, 2 1.95, 3 1.76, 3 1.72, 3 1.61, 4 1.4, 5 1.31, 12 1.29, 4 1.2, 7 0.93, 9 0.34, 2 -0.34, 2 -0.34, 
77% 
344 31.24, 5 8.49, 3 5.7, 2 4.05, 2 3.18, 9 3.08, 2 3.01, 2 2.93, 2 2.87, 3 2.84, 2 2.83, 17 2.81, 3 2.8, 2 2.76, 2 2.76, 2 2.68, 2 2.65, 2 2.59, 2 2.59, 2 2.57, 2 2.46, 2 2.4, 2 2.29, 4 2.16, 2 2.15, 2 2.13, 2 2.07, 2 2.05, 2 1.98, 2 1.95, 3 1.76, 3 1.72, 3 1.61, 4 1.4, 5 1.31, 12 1.29, 4 1.2, 7 0.93, 9 0.34, 2 -0.34, 2 -0.34, 
78% 
341 31.56, 5 8.49, 3 5.7, 2 4.05, 2 3.18, 9 3.08, 2 3.01, 2 2.93, 2 2.87, 3 2.84, 2 2.83, 17 2.81, 3 2.8, 2 2.76, 2 2.76, 2 2.68, 2 2.65, 2 2.59, 2 2.59, 2 2.57, 2 2.46, 2 2.4, 2 2.29, 4 2.16, 2 2.15, 2 2.13, 2 2.07, 2 2.05, 2 1.98, 2 1.95, 3 1.76, 3 1.72, 3 1.61, 3 1.54, 4 1.4, 5 1.31, 12 1.29, 4 1.2, 7 0.93, 9 0.34, 2 -0.34, 
79% 
347 31.71, 5 8.49, 3 5.7, 2 4.05, 2 3.18, 9 3.08, 2 3.01, 2 2.93, 2 2.87, 3 2.84, 2 2.83, 17 2.81, 3 2.8, 2 2.76, 2 2.76, 2 2.68, 2 2.65, 2 2.59, 2 2.57, 2 2.46, 2 2.4, 2 2.29, 4 2.16, 2 2.15, 2 2.13, 2 2.07, 2 2.05, 2 1.98, 2 1.95, 3 1.76, 3 1.72, 3 1.61, 3 1.54, 4 1.4, 5 1.31, 12 1.29, 4 1.2, 7 0.93, 9 0.34, 2 -0.34, 
80% 
347 31.91, 5 8.49, 3 5.7, 2 4.05, 2 3.18, 9 3.08, 2 3.01, 16 2.97, 2 2.93, 2 2.87, 3 2.84, 2 2.83, 3 2.8, 2 2.76, 2 2.76, 2 2.68, 2 2.65, 2 2.59, 2 2.57, 2 2.46, 2 2.4, 2 2.29, 4 2.16, 2 2.15, 2 2.13, 2 2.07, 2 2.05, 2 1.98, 2 1.95, 3 1.76, 3 1.72, 3 1.66, 3 1.61, 3 1.54, 4 1.4, 5 1.31, 12 1.29, 4 1.2, 7 0.93, 9 0.34, 2 -0.34, 
81% 
348 32.95, 5 8.49, 3 5.7, 2 4.05, 2 3.69, 2 3.18, 9 3.08, 2 3.01, 16 2.97, 2 2.93, 2 2.87, 2 2.83, 3 2.8, 2 2.76, 2 2.76, 2 2.68, 2 2.65, 2 2.59, 2 2.57, 2 2.46, 2 2.4, 2 2.29, 2 2.24, 4 2.16, 2 2.15, 2 2.13, 2 2.07, 2 2.05, 2 1.98, 2 1.95, 3 1.76, 3 1.72, 3 1.61, 3 1.54, 11 1.43, 4 1.4, 5 1.31, 4 1.2, 7 0.93, 9 0.34, 2 -0.34, 
82% 
348 33.13, 5 8.49, 3 5.7, 2 4.05, 2 3.69, 2 3.18, 9 3.08, 2 3.01, 16 2.97, 2 2.93, 2 2.87, 2 2.83, 3 2.8, 2 2.76, 2 2.76, 2 2.68, 2 2.65, 2 2.59, 2 2.57, 2 2.46, 2 2.4, 2 2.29, 2 2.24, 4 2.16, 2 2.15, 2 2.13, 2 2.07, 2 2.05, 2 1.98, 2 1.95, 3 1.76, 3 1.72, 3 1.61, 3 1.54, 11 1.43, 4 1.4, 5 1.31, 4 1.2, 7 0.93, 9 0.34, 2 -0.34, 
83% 
346 33.25, 5 8.49, 3 5.7, 2 4.05, 2 3.69, 2 3.18, 9 3.08, 2 3.01, 16 2.97, 2 2.93, 2 2.87, 2 2.83, 3 2.8, 2 2.76, 2 2.76, 2 2.68, 2 2.65, 2 2.59, 2 2.57, 2 2.46, 2 2.4, 2 2.29, 2 2.24, 4 2.16, 2 2.15, 2 2.13, 2 2.07, 2 2.05, 2 1.98, 2 1.95, 3 1.76, 3 1.72, 3 1.61, 3 1.54, 11 1.43, 4 1.4, 5 1.31, 4 1.2, 7 0.93, 9 0.34, 2 -0.34, 
84% 
345 33.51, 5 8.49, 3 5.7, 2 4.05, 2 3.69, 2 3.18, 9 3.08, 2 3.01, 16 2.97, 2 2.93, 2 2.87, 2 2.83, 3 2.8, 2 2.76, 2 2.76, 2 2.68, 2 2.65, 2 2.59, 2 2.57, 2 2.46, 2 2.4, 2 2.29, 2 2.24, 4 2.16, 2 2.15, 2 2.13, 2 2.07, 2 2.05, 2 1.98, 2 1.95, 3 1.76, 3 1.72, 3 1.61, 3 1.54, 11 1.43, 4 1.4, 5 1.31, 4 1.2, 7 0.93, 9 0.34, 2 -0.34, 
85% 
345 33.77, 5 8.49, 3 5.7, 2 4.05, 2 3.69, 2 3.18, 9 3.08, 2 3.01, 16 2.97, 2 2.93, 2 2.87, 2 2.83, 3 2.8, 2 2.76, 2 2.76, 2 2.68, 2 2.65, 2 2.59, 2 2.57, 2 2.46, 2 2.4, 2 2.29, 2 2.24, 4 2.16, 2 2.15, 2 2.13, 2 2.07, 2 2.05, 2 1.98, 2 1.95, 3 1.78, 3 1.76, 3 1.72, 3 1.61, 3 1.54, 11 1.43, 4 1.4, 5 1.31, 4 1.2, 7 0.93, 9 0.34, 2 -0.34, 
86% 
344 33.82, 5 8.49, 3 5.7, 2 4.05, 2 3.69, 2 3.18, 9 3.08, 2 3.01, 16 2.97, 2 2.93, 2 2.87, 2 2.83, 3 2.8, 2 2.76, 2 2.76, 2 2.68, 2 2.65, 2 2.59, 2 2.57, 2 2.46, 2 2.4, 2 2.38, 2 2.29, 2 2.24, 4 2.16, 2 2.15, 2 2.13, 2 2.07, 2 2.05, 2 1.98, 2 1.95, 3 1.76, 4 1.73, 3 1.72, 3 1.61, 10 1.58, 3 1.54, 4 1.4, 5 1.31, 4 1.2, 7 0.93, 9 0.34, 2 -0.34, 
87% 
347 34.02, 5 8.49, 3 5.7, 2 4.05, 4 4.02, 2 3.69, 2 3.18, 9 3.08, 2 3.01, 16 2.97, 2 2.93, 2 2.87, 2 2.83, 3 2.8, 2 2.76, 2 2.76, 2 2.68, 2 2.65, 2 2.59, 2 2.57, 2 2.46, 2 2.4, 2 2.29, 2 2.24, 3 2.2, 4 2.16, 2 2.15, 2 2.13, 2 2.07, 2 2.05, 2 1.98, 2 1.95, 3 1.76, 3 1.72, 10 1.58, 3 1.54, 4 1.4, 5 1.31, 4 1.2, 7 0.93, 9 0.34, 2 -0.34, 
88% 
352 34.4, 5 8.49, 3 5.7, 2 4.05, 2 3.69, 2 3.18, 9 3.08, 2 3.01, 16 2.97, 2 2.93, 2 2.87, 2 2.83, 3 2.8, 2 2.76, 2 2.76, 2 2.68, 2 2.65, 2 2.59, 2 2.57, 2 2.46, 2 2.4, 2 2.29, 2 2.24, 3 2.2, 4 2.16, 2 2.15, 2 2.13, 2 2.07, 2 2.05, 2 1.98, 2 1.95, 3 1.8, 3 1.76, 3 1.72, 10 1.58, 3 1.54, 4 1.4, 5 1.31, 4 1.2, 6 1.11, 9 0.34, 2 -0.34, 
89% 
347 34.84, 5 8.49, 3 5.7, 2 4.05, 2 3.69, 2 3.18, 9 3.08, 2 3.01, 16 2.97, 2 2.93, 2 2.87, 2 2.83, 3 2.8, 2 2.76, 2 2.76, 2 2.68, 2 2.65, 2 2.59, 2 2.57, 2 2.46, 2 2.4, 2 2.29, 2 2.24, 3 2.2, 4 2.16, 2 2.15, 2 2.13, 2 2.1, 2 2.09, 2 2.07, 2 2.05, 2 1.98, 2 1.95, 3 1.8, 3 1.76, 3 1.72, 10 1.58, 4 1.4, 5 1.31, 4 1.2, 6 1.11, 9 0.34, 2 -0.34, 
90% 
350 35.11, 5 8.49, 2 4.05, 2 3.69, 2 3.18, 9 3.08, 2 3.01, 16 2.97, 2 2.93, 2 2.87, 2 2.83, 3 2.8, 2 2.76, 2 2.76, 2 2.68, 2 2.65, 2 2.59, 2 2.57, 2 2.46, 2 2.4, 2 2.29, 2 2.24, 3 2.2, 4 2.16, 2 2.15, 2 2.13, 2 2.1, 2 2.09, 2 2.07, 2 2.05, 2 1.98, 2 1.95, 3 1.8, 3 1.76, 3 1.72, 10 1.58, 3 1.57, 4 1.4, 5 1.31, 6 1.11, 9 0.34, 2 -0.34, 
91% 
345 35.33, 5 8.49, 2 4.05, 2 3.69, 2 3.18, 15 3.12, 9 3.08, 2 3.01, 2 2.93, 2 2.87, 2 2.83, 3 2.8, 2 2.76, 2 2.76, 2 2.68, 2 2.65, 2 2.59, 2 2.57, 2 2.46, 2 2.4, 2 2.29, 2 2.24, 3 2.2, 4 2.16, 2 2.15, 2 2.13, 2 2.1, 2 2.09, 2 2.07, 2 2.05, 2 1.98, 2 1.95, 3 1.8, 3 1.76, 3 1.72, 10 1.58, 3 1.57, 4 1.4, 5 1.31, 6 1.11, 9 0.34, 2 -0.34, 
92% 
344 35.38, 5 8.49, 2 4.05, 2 3.69, 14 3.32, 2 3.18, 9 3.08, 2 3.01, 2 2.93, 2 2.87, 2 2.83, 3 2.8, 2 2.76, 2 2.76, 2 2.68, 2 2.65, 2 2.59, 2 2.57, 2 2.46, 2 2.4, 2 2.29, 2 2.24, 3 2.2, 4 2.16, 2 2.15, 2 2.13, 2 2.1, 2 2.09, 2 2.07, 2 2.05, 2 1.98, 2 1.95, 3 1.8, 3 1.76, 3 1.72, 10 1.58, 3 1.57, 4 1.4, 5 1.31, 6 1.11, 9 0.34, 2 -0.34, 
93% 
347 35.4, 5 8.49, 3 5.66, 2 4.05, 2 3.69, 14 3.32, 2 3.18, 9 3.08, 2 3.01, 2 2.93, 2 2.87, 2 2.83, 3 2.8, 2 2.76, 2 2.76, 2 2.68, 2 2.65, 2 2.59, 2 2.57, 2 2.46, 2 2.4, 2 2.29, 2 2.24, 3 2.2, 4 2.16, 2 2.13, 2 2.1, 2 2.09, 2 2.07, 2 2.05, 2 1.98, 2 1.95, 3 1.81, 3 1.8, 3 1.76, 3 1.72, 10 1.58, 3 1.57, 5 1.31, 6 1.11, 9 0.34, 2 -0.34, 
94% 
346 35.45, 5 8.49, 3 5.66, 2 4.05, 2 3.69, 14 3.32, 8 3.25, 2 3.18, 9 3.08, 2 3.01, 2 2.93, 2 2.87, 2 2.83, 3 2.8, 2 2.76, 2 2.76, 2 2.68, 2 2.65, 2 2.59, 2 2.57, 2 2.46, 2 2.4, 2 2.29, 2 2.24, 3 2.2, 4 2.16, 2 2.13, 2 2.1, 2 2.09, 2 2.07, 2 2.05, 2 1.98, 2 1.95, 3 1.81, 3 1.8, 3 1.76, 3 1.72, 10 1.58, 3 1.57, 5 1.31, 6 1.11, 9 0.34, 2 -0.34, 
95% 
331 36.06, 5 8.49, 3 5.66, 2 4.05, 2 3.69, 13 3.53, 8 3.25, 2 3.18, 9 3.08, 2 3.01, 2 2.93, 2 2.87, 2 2.83, 3 2.8, 2 2.76, 2 2.76, 2 2.68, 2 2.65, 2 2.59, 2 2.57, 2 2.46, 2 2.4, 2 2.29, 2 2.24, 3 2.2, 4 2.16, 2 2.13, 2 2.1, 2 2.09, 2 2.07, 2 2.05, 2 1.98, 2 1.95, 3 1.81, 3 1.8, 3 1.76, 3 1.72, 10 1.58, 3 1.57, 5 1.31, 6 1.11, 9 0.34, 2 -0.34, 
96% 
330 36.16, 5 8.49, 3 5.66, 2 4.05, 2 3.69, 13 3.53, 8 3.25, 2 3.18, 9 3.08, 2 3.01, 2 2.93, 2 2.91, 2 2.87, 2 2.83, 3 2.8, 2 2.76, 2 2.76, 2 2.68, 2 2.65, 2 2.59, 2 2.57, 2 2.46, 2 2.4, 2 2.29, 2 2.24, 4 2.16, 2 2.13, 2 2.1, 2 2.09, 2 2.07, 2 2.05, 2 1.98, 2 1.95, 3 1.81, 3 1.8, 3 1.76, 3 1.72, 10 1.58, 3 1.57, 5 1.31, 6 1.11, 9 0.34, 2 -0.34, 
97% 
340 36.25, 5 8.49, 3 5.66, 2 4.05, 2 3.69, 2 3.64, 13 3.53, 2 3.18, 9 3.08, 2 3.01, 2 2.93, 2 2.91, 2 2.87, 2 2.83, 2 2.76, 2 2.76, 2 2.68, 2 2.65, 2 2.59, 2 2.57, 2 2.46, 2 2.4, 2 2.29, 2 2.24, 4 2.16, 2 2.13, 2 2.1, 2 2.09, 2 2.07, 2 2.05, 2 1.98, 2 1.95, 3 1.81, 3 1.8, 3 1.76, 3 1.72, 10 1.58, 3 1.57, 5 1.31, 6 1.11, 9 0.34, 2 -0.34, 
98% 
345 36.28, 5 8.49, 3 5.66, 2 3.84, 2 3.69, 2 3.64, 13 3.53, 4 3.38, 2 3.18, 9 3.08, 2 3.01, 2 2.93, 2 2.91, 2 2.87, 2 2.83, 2 2.76, 2 2.76, 2 2.68, 2 2.65, 2 2.59, 2 2.57, 2 2.46, 2 2.4, 2 2.29, 2 2.24, 2 2.18, 4 2.16, 2 2.13, 2 2.1, 2 2.09, 2 2.07, 2 2.05, 2 1.98, 2 1.95, 3 1.81, 3 1.76, 3 1.72, 10 1.58, 3 1.57, 5 1.31, 6 1.11, 9 0.34, 2 -0.34, 
99% 
348 36.46, 5 8.49, 2 3.84, 2 3.69, 2 3.64, 13 3.53, 4 3.38, 2 3.18, 9 3.08, 2 3.01, 2 2.93, 2 2.91, 2 2.87, 2 2.83, 2 2.76, 2 2.76, 2 2.68, 2 2.65, 2 2.59, 2 2.57, 2 2.46, 2 2.4, 2 2.32, 2 2.29, 2 2.24, 2 2.18, 4 2.16, 2 2.13, 2 2.1, 2 2.09, 2 2.07, 2 2.05, 2 1.98, 2 1.95, 3 1.86, 3 1.81, 3 1.76, 9 1.72, 3 1.57, 5 1.31, 6 1.11, 9 0.34, 2 -0.34, 
100%
348 36.68, 5 8.49, 2 3.84, 2 3.69, 2 3.64, 13 3.53, 4 3.38, 2 3.18, 9 3.08, 2 3.01, 2 2.93, 2 2.91, 2 2.87, 2 2.83, 2 2.76, 2 2.76, 2 2.68, 2 2.65, 2 2.59, 2 2.57, 2 2.46, 2 2.4, 2 2.32, 2 2.29, 2 2.24, 2 2.18, 4 2.16, 2 2.13, 2 2.1, 2 2.09, 2 2.07, 2 2.05, 2 1.98, 2 1.95, 3 1.86, 3 1.81, 3 1.76, 9 1.72, 3 1.57, 5 1.31, 6 1.11, 9 0.34, 2 -0.34, 
