-sif=/home/safia/anaconda3/lib/R/library/pathfindR/extdata/KEGG.sif
-sig=/home/safia/Documents/pathfindR_Results(2)/active_snw_searches/Iteration_6/active_snw_search/input_for_search.txt
-method=SA
-saTemp0=1
-saTemp1=0.01
-saIter=10000
-geneInitProb=0.115555555555556
-gaPop=400
-gaIter=200
-gaThread=5
-gaMut=0
-grMaxDepth=1
-grSearchDepth=1
-grOverlap=0.5
-grSubNum=1000
2 4.07, 2 3.26, 2 2.69, 2 1.94, 2 1.89, 2 1.77, 2 1.76, 5 1.13, 2 -0.33, 2 -0.33, 2 -0.33, 2 -0.33, 2 -0.33, 2 -0.33, 2 -0.33, 2 -0.33, 2 -0.33, 2 -0.33, 2 -0.33, 2 -0.33, 2 -0.33, 2 -0.33, 2 -0.33, 2 -0.33, 2 -0.33, 2 -0.33, 2 -0.33, 2 -0.33, 3 -0.4, 3 -0.4, 3 -0.4, 3 -0.4, 3 -0.4, 4 -0.47, 4 -0.47, 5 -0.54, 333 -2.15, 
Percentage of finished job, node number and score of modules that have more than one node are as follows:
0%
1% 
2 4.07, 2 3.26, 2 2.69, 2 1.94, 2 1.89, 2 1.77, 2 1.76, 5 1.13, 2 -0.33, 2 -0.33, 2 -0.33, 2 -0.33, 2 -0.33, 2 -0.33, 2 -0.33, 2 -0.33, 2 -0.33, 2 -0.33, 2 -0.33, 2 -0.33, 2 -0.33, 2 -0.33, 2 -0.33, 2 -0.33, 2 -0.33, 2 -0.33, 2 -0.33, 2 -0.33, 2 -0.33, 3 -0.4, 3 -0.4, 3 -0.4, 3 -0.4, 3 -0.4, 4 -0.47, 4 -0.47, 5 -0.54, 321 -2.08, 
2% 
2 4.07, 2 3.26, 2 2.69, 2 1.94, 2 1.89, 2 1.77, 2 1.76, 5 1.13, 2 -0.33, 2 -0.33, 2 -0.33, 2 -0.33, 2 -0.33, 2 -0.33, 2 -0.33, 2 -0.33, 2 -0.33, 2 -0.33, 2 -0.33, 2 -0.33, 2 -0.33, 2 -0.33, 2 -0.33, 2 -0.33, 2 -0.33, 2 -0.33, 2 -0.33, 2 -0.33, 3 -0.4, 3 -0.4, 3 -0.4, 3 -0.4, 3 -0.4, 4 -0.47, 4 -0.47, 5 -0.54, 314 -1.77, 
3% 
3 4.41, 2 4.07, 2 3.26, 2 2.47, 2 1.94, 2 1.89, 2 1.77, 2 1.76, 5 1.13, 6 1.05, 2 -0.33, 2 -0.33, 2 -0.33, 2 -0.33, 2 -0.33, 2 -0.33, 2 -0.33, 2 -0.33, 2 -0.33, 2 -0.33, 2 -0.33, 2 -0.33, 2 -0.33, 2 -0.33, 2 -0.33, 2 -0.33, 2 -0.33, 2 -0.33, 2 -0.33, 2 -0.33, 3 -0.4, 3 -0.4, 3 -0.4, 3 -0.4, 3 -0.4, 3 -0.4, 4 -0.47, 308 -1.14, 
4% 
3 4.41, 2 4.07, 2 3.56, 2 3.32, 2 3.26, 2 2.47, 3 1.97, 2 1.94, 2 1.89, 2 1.77, 2 1.76, 5 1.13, 6 1.05, 2 -0.33, 2 -0.33, 2 -0.33, 2 -0.33, 2 -0.33, 2 -0.33, 2 -0.33, 2 -0.33, 2 -0.33, 2 -0.33, 2 -0.33, 2 -0.33, 2 -0.33, 2 -0.33, 2 -0.33, 2 -0.33, 2 -0.33, 3 -0.4, 3 -0.4, 3 -0.4, 3 -0.4, 3 -0.4, 3 -0.4, 4 -0.47, 303 -0.85, 
5% 
3 4.41, 2 4.07, 5 3.72, 2 3.56, 2 3.26, 2 2.47, 3 1.97, 2 1.94, 2 1.89, 2 1.77, 2 1.76, 5 1.13, 6 1.05, 8 0.41, 2 -0.33, 2 -0.33, 2 -0.33, 2 -0.33, 2 -0.33, 2 -0.33, 2 -0.33, 2 -0.33, 2 -0.33, 2 -0.33, 2 -0.33, 2 -0.33, 2 -0.33, 2 -0.33, 2 -0.33, 2 -0.33, 2 -0.33, 302 -0.34, 3 -0.4, 3 -0.4, 3 -0.4, 3 -0.4, 3 -0.4, 4 -0.47, 
6% 
3 4.41, 2 4.07, 5 3.72, 2 3.56, 2 3.26, 3 2.49, 2 2.47, 7 2.04, 3 1.97, 2 1.94, 2 1.89, 2 1.77, 2 1.76, 9 1.38, 6 1.05, 8 1.01, 280 0.42, 2 -0.33, 2 -0.33, 2 -0.33, 2 -0.33, 2 -0.33, 2 -0.33, 2 -0.33, 2 -0.33, 2 -0.33, 2 -0.33, 2 -0.33, 2 -0.33, 2 -0.33, 2 -0.33, 2 -0.33, 2 -0.33, 2 -0.33, 3 -0.4, 3 -0.4, 3 -0.4, 3 -0.4, 3 -0.4, 4 -0.47, 5 -0.54, 
7% 
9 4.42, 3 4.41, 2 4.07, 5 3.72, 2 3.56, 2 3.26, 3 2.49, 2 2.47, 3 1.97, 2 1.94, 2 1.89, 2 1.77, 2 1.76, 9 1.38, 7 1.15, 6 1.05, 275 0.93, 2 -0.33, 2 -0.33, 2 -0.33, 2 -0.33, 2 -0.33, 2 -0.33, 2 -0.33, 2 -0.33, 2 -0.33, 2 -0.33, 2 -0.33, 2 -0.33, 2 -0.33, 2 -0.33, 2 -0.33, 2 -0.33, 3 -0.4, 3 -0.4, 3 -0.4, 3 -0.4, 3 -0.4, 3 -0.4, 5 -0.54, 
8% 
9 4.42, 3 4.41, 2 4.07, 3 3.78, 5 3.72, 2 3.56, 2 3.26, 2 2.62, 3 2.49, 2 2.47, 271 2.07, 3 1.97, 2 1.94, 2 1.89, 2 1.77, 2 1.76, 9 1.38, 6 1.05, 6 0.81, 2 -0.33, 2 -0.33, 2 -0.33, 2 -0.33, 2 -0.33, 2 -0.33, 2 -0.33, 2 -0.33, 2 -0.33, 2 -0.33, 2 -0.33, 2 -0.33, 2 -0.33, 2 -0.33, 2 -0.33, 2 -0.33, 3 -0.4, 3 -0.4, 3 -0.4, 3 -0.4, 3 -0.4, 3 -0.4, 6 -0.59, 
9% 
4 5.17, 9 4.42, 3 4.41, 2 4.07, 3 3.78, 5 3.72, 2 3.56, 2 3.26, 230 2.85, 2 2.62, 3 2.49, 2 1.94, 3 1.9, 2 1.89, 2 1.77, 2 1.76, 9 1.38, 6 1.05, 6 0.81, 2 -0.33, 2 -0.33, 2 -0.33, 2 -0.33, 2 -0.33, 2 -0.33, 2 -0.33, 2 -0.33, 2 -0.33, 2 -0.33, 2 -0.33, 2 -0.33, 2 -0.33, 2 -0.33, 2 -0.33, 3 -0.4, 3 -0.4, 3 -0.4, 3 -0.4, 3 -0.4, 3 -0.4, 
10% 
12 5.42, 4 5.17, 250 4.67, 3 4.41, 3 3.78, 5 3.72, 2 3.26, 3 2.71, 2 2.62, 2 1.94, 3 1.94, 3 1.9, 2 1.89, 2 1.77, 2 1.76, 9 1.38, 5 1.27, 2 -0.33, 2 -0.33, 2 -0.33, 2 -0.33, 2 -0.33, 2 -0.33, 2 -0.33, 2 -0.33, 2 -0.33, 2 -0.33, 2 -0.33, 2 -0.33, 2 -0.33, 2 -0.33, 2 -0.33, 2 -0.33, 3 -0.4, 3 -0.4, 3 -0.4, 3 -0.4, 
11% 
268 6.43, 4 5.17, 3 4.41, 3 3.78, 5 3.72, 2 3.26, 3 2.71, 2 2.62, 3 2, 2 1.94, 3 1.94, 2 1.89, 2 1.77, 2 1.76, 4 1.54, 9 1.38, 2 -0.33, 2 -0.33, 2 -0.33, 2 -0.33, 2 -0.33, 2 -0.33, 2 -0.33, 2 -0.33, 2 -0.33, 2 -0.33, 2 -0.33, 2 -0.33, 2 -0.33, 2 -0.33, 2 -0.33, 2 -0.33, 3 -0.4, 3 -0.4, 3 -0.4, 
12% 
263 7.01, 4 5.17, 3 4.41, 3 3.78, 5 3.72, 2 3.26, 3 2.71, 2 2.62, 3 2, 2 1.94, 3 1.94, 2 1.89, 2 1.77, 2 1.76, 4 1.54, 8 1.53, 3 1.53, 2 -0.33, 2 -0.33, 2 -0.33, 2 -0.33, 2 -0.33, 2 -0.33, 2 -0.33, 2 -0.33, 2 -0.33, 2 -0.33, 2 -0.33, 2 -0.33, 2 -0.33, 2 -0.33, 2 -0.33, 2 -0.33, 3 -0.4, 3 -0.4, 3 -0.4, 
13% 
264 7.26, 4 5.17, 3 4.41, 3 3.78, 5 3.72, 2 3.26, 3 2.71, 2 2.62, 3 2, 2 1.94, 3 1.94, 2 1.89, 2 1.77, 2 1.76, 4 1.54, 8 1.53, 3 1.53, 2 -0.33, 2 -0.33, 2 -0.33, 2 -0.33, 2 -0.33, 2 -0.33, 2 -0.33, 2 -0.33, 2 -0.33, 2 -0.33, 2 -0.33, 2 -0.33, 2 -0.33, 2 -0.33, 2 -0.33, 2 -0.33, 2 -0.33, 3 -0.4, 3 -0.4, 
14% 
270 7.68, 4 5.17, 3 4.41, 3 3.78, 3 3.69, 2 3.26, 3 2.71, 2 2.62, 3 2, 3 1.94, 2 1.89, 2 1.77, 2 1.76, 4 1.54, 8 1.53, 3 1.53, 2 -0.33, 2 -0.33, 2 -0.33, 2 -0.33, 2 -0.33, 2 -0.33, 2 -0.33, 2 -0.33, 2 -0.33, 2 -0.33, 2 -0.33, 2 -0.33, 2 -0.33, 2 -0.33, 2 -0.33, 2 -0.33, 3 -0.4, 3 -0.4, 
15% 
265 8, 4 5.17, 3 4.41, 3 3.78, 3 3.69, 2 3.26, 3 2.71, 2 2.62, 2 2.47, 3 2, 2 1.99, 2 1.89, 2 1.77, 2 1.76, 4 1.54, 8 1.53, 3 1.53, 4 1.42, 2 -0.33, 2 -0.33, 2 -0.33, 2 -0.33, 2 -0.33, 2 -0.33, 2 -0.33, 2 -0.33, 2 -0.33, 2 -0.33, 2 -0.33, 2 -0.33, 2 -0.33, 2 -0.33, 2 -0.33, 2 -0.33, 3 -0.4, 3 -0.4, 
16% 
269 8.67, 4 5.17, 3 4.41, 3 3.78, 3 3.69, 2 3.26, 3 2.71, 2 2.62, 2 2.47, 3 2, 2 1.99, 2 1.89, 2 1.77, 2 1.76, 4 1.54, 8 1.53, 3 1.53, 4 1.42, 2 -0.33, 2 -0.33, 2 -0.33, 2 -0.33, 2 -0.33, 2 -0.33, 2 -0.33, 2 -0.33, 2 -0.33, 2 -0.33, 2 -0.33, 2 -0.33, 2 -0.33, 2 -0.33, 2 -0.33, 3 -0.4, 3 -0.4, 
17% 
251 8.69, 4 5.17, 3 4.41, 3 3.78, 3 3.69, 2 3.26, 3 2.71, 2 2.62, 2 2.47, 3 2, 2 1.99, 2 1.89, 2 1.77, 2 1.76, 3 1.75, 4 1.54, 8 1.53, 3 1.53, 2 -0.33, 2 -0.33, 2 -0.33, 2 -0.33, 2 -0.33, 2 -0.33, 2 -0.33, 2 -0.33, 2 -0.33, 2 -0.33, 2 -0.33, 2 -0.33, 2 -0.33, 2 -0.33, 2 -0.33, 2 -0.33, 3 -0.4, 3 -0.4, 4 -0.47, 
18% 
275 9.92, 3 4.41, 3 3.78, 3 3.69, 2 3.26, 3 2.71, 2 2.62, 2 2.47, 3 2, 2 1.99, 2 1.89, 2 1.77, 2 1.76, 3 1.75, 8 1.53, 3 1.53, 2 -0.33, 2 -0.33, 2 -0.33, 2 -0.33, 2 -0.33, 2 -0.33, 2 -0.33, 2 -0.33, 2 -0.33, 2 -0.33, 2 -0.33, 2 -0.33, 2 -0.33, 2 -0.33, 2 -0.33, 3 -0.4, 4 -0.47, 
19% 
271 10.67, 3 4.41, 3 3.78, 3 3.69, 2 3.26, 2 2.99, 3 2.71, 2 2.62, 2 2.54, 2 2.47, 2 1.89, 2 1.77, 2 1.76, 3 1.75, 8 1.53, 3 1.53, 8 0.83, 2 -0.33, 2 -0.33, 2 -0.33, 2 -0.33, 2 -0.33, 2 -0.33, 2 -0.33, 2 -0.33, 2 -0.33, 2 -0.33, 2 -0.33, 2 -0.33, 2 -0.33, 2 -0.33, 3 -0.4, 4 -0.47, 
20% 
265 11.19, 3 4.41, 3 3.78, 3 3.69, 2 3.26, 2 2.99, 3 2.71, 2 2.62, 2 2.54, 2 2.47, 3 1.93, 2 1.89, 2 1.77, 2 1.76, 3 1.75, 8 1.53, 3 1.53, 4 1.14, 8 0.83, 2 -0.33, 2 -0.33, 2 -0.33, 2 -0.33, 2 -0.33, 2 -0.33, 2 -0.33, 2 -0.33, 2 -0.33, 2 -0.33, 2 -0.33, 2 -0.33, 2 -0.33, 3 -0.4, 
21% 
259 11.87, 3 4.41, 3 3.78, 3 3.69, 2 3.26, 2 2.99, 3 2.71, 2 2.62, 2 2.54, 2 2.47, 2 2.47, 2 2.29, 3 1.93, 2 1.89, 2 1.77, 2 1.76, 3 1.75, 8 1.53, 3 1.53, 4 1.14, 8 0.83, 2 -0.33, 2 -0.33, 2 -0.33, 2 -0.33, 2 -0.33, 2 -0.33, 2 -0.33, 2 -0.33, 2 -0.33, 2 -0.33, 2 -0.33, 2 -0.33, 2 -0.33, 3 -0.4, 
22% 
264 12.51, 3 4.41, 3 3.78, 3 3.69, 2 3.44, 2 3.26, 2 2.99, 3 2.71, 2 2.54, 2 2.47, 2 2.47, 2 2.29, 3 1.93, 2 1.89, 2 1.77, 2 1.76, 3 1.75, 8 1.53, 3 1.53, 4 1.14, 8 0.83, 7 0.53, 2 -0.33, 2 -0.33, 2 -0.33, 2 -0.33, 2 -0.33, 2 -0.33, 2 -0.33, 2 -0.33, 2 -0.33, 2 -0.33, 2 -0.33, 2 -0.33, 3 -0.4, 
23% 
271 13.1, 3 4.41, 2 4.07, 3 3.78, 3 3.69, 2 3.44, 2 3.26, 2 2.99, 3 2.71, 2 2.54, 2 2.47, 2 2.47, 2 2.29, 2 1.77, 2 1.76, 3 1.75, 8 1.53, 3 1.53, 4 1.14, 8 0.83, 7 0.53, 8 0.48, 2 -0.33, 2 -0.33, 2 -0.33, 2 -0.33, 2 -0.33, 2 -0.33, 2 -0.33, 2 -0.33, 2 -0.33, 2 -0.33, 2 -0.33, 2 -0.33, 3 -0.4, 
24% 
267 13.43, 3 4.41, 2 4.07, 3 3.95, 3 3.78, 3 3.69, 2 3.44, 2 3.26, 3 3.14, 2 2.99, 3 2.71, 2 2.47, 2 2.47, 2 2.29, 2 1.77, 2 1.76, 2 1.76, 3 1.75, 8 1.53, 3 1.53, 4 1.14, 8 0.83, 7 0.53, 8 0.48, 2 -0.33, 2 -0.33, 2 -0.33, 2 -0.33, 2 -0.33, 2 -0.33, 2 -0.33, 2 -0.33, 2 -0.33, 2 -0.33, 2 -0.33, 2 -0.33, 3 -0.4, 
25% 
266 14.15, 3 4.41, 2 4.07, 3 3.95, 3 3.78, 3 3.69, 2 3.44, 2 3.26, 2 2.99, 3 2.71, 2 2.47, 2 2.47, 2 2.29, 2 1.77, 2 1.76, 2 1.76, 3 1.75, 8 1.53, 3 1.53, 3 1.44, 8 0.83, 7 0.53, 8 0.48, 2 -0.33, 2 -0.33, 2 -0.33, 2 -0.33, 2 -0.33, 2 -0.33, 2 -0.33, 2 -0.33, 2 -0.33, 2 -0.33, 2 -0.33, 3 -0.4, 
26% 
269 14.74, 3 4.41, 2 4.07, 3 3.95, 3 3.78, 3 3.69, 2 3.44, 2 3.26, 2 2.99, 3 2.71, 2 2.47, 2 2.47, 2 2.29, 5 1.91, 2 1.77, 2 1.76, 2 1.76, 3 1.75, 8 1.53, 3 1.53, 3 1.44, 8 0.83, 6 0.68, 8 0.48, 2 -0.33, 2 -0.33, 2 -0.33, 2 -0.33, 2 -0.33, 2 -0.33, 2 -0.33, 2 -0.33, 2 -0.33, 2 -0.33, 2 -0.33, 3 -0.4, 
27% 
272 15.24, 3 4.41, 2 4.07, 3 3.95, 3 3.78, 3 3.69, 2 3.44, 2 3.26, 2 2.99, 3 2.71, 2 2.47, 2 2.47, 2 2.29, 5 1.91, 2 1.77, 2 1.76, 2 1.76, 3 1.75, 8 1.53, 3 1.53, 3 1.44, 8 0.83, 6 0.68, 8 0.48, 2 -0.33, 2 -0.33, 2 -0.33, 2 -0.33, 2 -0.33, 2 -0.33, 2 -0.33, 2 -0.33, 2 -0.33, 2 -0.33, 2 -0.33, 3 -0.4, 
28% 
274 15.88, 2 4.66, 3 4.41, 3 3.95, 3 3.69, 2 3.44, 2 3.26, 2 2.99, 3 2.71, 2 2.47, 2 2.47, 2 2.29, 5 1.91, 2 1.77, 2 1.76, 2 1.76, 3 1.75, 8 1.53, 3 1.53, 3 1.44, 8 0.83, 6 0.68, 8 0.48, 2 -0.33, 2 -0.33, 2 -0.33, 2 -0.33, 2 -0.33, 2 -0.33, 2 -0.33, 2 -0.33, 2 -0.33, 2 -0.33, 3 -0.4, 
29% 
270 16.23, 2 4.66, 3 4.41, 3 3.95, 3 3.69, 2 3.44, 2 3.26, 2 2.99, 2 2.9, 3 2.71, 2 2.47, 2 2.47, 2 2.29, 5 1.91, 2 1.77, 2 1.76, 2 1.76, 3 1.75, 8 1.53, 3 1.53, 3 1.44, 8 0.83, 6 0.68, 8 0.48, 2 -0.33, 2 -0.33, 2 -0.33, 2 -0.33, 2 -0.33, 2 -0.33, 2 -0.33, 2 -0.33, 2 -0.33, 2 -0.33, 3 -0.4, 3 -0.4, 
30% 
268 16.59, 2 4.66, 3 4.41, 3 3.95, 3 3.69, 2 3.44, 2 3.26, 2 2.99, 2 2.9, 3 2.71, 2 2.47, 2 2.47, 2 2.29, 4 1.94, 5 1.91, 2 1.77, 2 1.76, 2 1.76, 8 1.53, 3 1.53, 3 1.44, 8 0.83, 6 0.68, 8 0.48, 2 -0.33, 2 -0.33, 2 -0.33, 2 -0.33, 2 -0.33, 2 -0.33, 2 -0.33, 2 -0.33, 2 -0.33, 2 -0.33, 3 -0.4, 3 -0.4, 
31% 
266 17.2, 2 4.66, 3 4.41, 8 4.09, 3 3.95, 3 3.69, 2 3.44, 2 3.26, 2 2.99, 2 2.9, 3 2.71, 2 2.66, 2 2.47, 2 2.47, 2 2.29, 4 1.94, 5 1.91, 2 1.77, 2 1.76, 2 1.76, 8 1.53, 3 1.53, 3 1.44, 8 0.83, 6 0.68, 8 0.48, 2 -0.33, 2 -0.33, 2 -0.33, 2 -0.33, 2 -0.33, 2 -0.33, 2 -0.33, 2 -0.33, 2 -0.33, 3 -0.4, 3 -0.4, 
32% 
267 17.58, 2 4.66, 3 4.41, 8 4.09, 3 3.95, 3 3.69, 2 3.44, 2 3.26, 2 2.99, 2 2.9, 3 2.71, 2 2.66, 2 2.47, 2 2.47, 2 2.29, 4 1.94, 5 1.91, 2 1.77, 2 1.76, 2 1.76, 8 1.53, 3 1.53, 3 1.44, 8 0.83, 6 0.68, 8 0.48, 2 -0.33, 2 -0.33, 2 -0.33, 2 -0.33, 2 -0.33, 2 -0.33, 2 -0.33, 2 -0.33, 3 -0.4, 3 -0.4, 
33% 
271 17.92, 2 4.66, 7 4.41, 3 4.41, 3 3.95, 3 3.69, 2 3.44, 2 3.26, 2 2.99, 2 2.9, 3 2.71, 2 2.66, 2 2.47, 2 2.47, 3 2.35, 2 2.29, 2 1.94, 5 1.91, 2 1.77, 2 1.76, 2 1.76, 8 1.53, 3 1.53, 3 1.44, 8 0.83, 6 0.68, 8 0.48, 2 -0.33, 2 -0.33, 2 -0.33, 2 -0.33, 2 -0.33, 2 -0.33, 2 -0.33, 2 -0.33, 3 -0.4, 3 -0.4, 
34% 
274 18.74, 2 4.66, 7 4.41, 3 4.41, 3 3.95, 3 3.69, 2 3.44, 2 3.26, 2 2.99, 3 2.71, 2 2.66, 2 2.47, 2 2.47, 2 2.37, 3 2.35, 2 2.29, 2 1.94, 5 1.91, 2 1.77, 2 1.76, 2 1.76, 8 1.53, 3 1.53, 3 1.44, 7 0.96, 6 0.68, 8 0.48, 2 -0.33, 2 -0.33, 2 -0.33, 2 -0.33, 2 -0.33, 2 -0.33, 2 -0.33, 2 -0.33, 3 -0.4, 3 -0.4, 3 -0.4, 
35% 
284 19.72, 2 4.66, 3 4.41, 3 3.95, 3 3.69, 2 3.44, 2 3.26, 2 2.99, 3 2.71, 2 2.66, 2 2.47, 2 2.47, 2 2.37, 3 2.35, 2 2.29, 2 1.94, 5 1.91, 2 1.77, 2 1.76, 2 1.76, 8 1.53, 3 1.53, 3 1.44, 7 0.96, 6 0.68, 7 0.52, 8 0.48, 2 -0.33, 2 -0.33, 2 -0.33, 2 -0.33, 2 -0.33, 2 -0.33, 2 -0.33, 2 -0.33, 3 -0.4, 3 -0.4, 3 -0.4, 
36% 
287 20.13, 2 4.66, 3 4.41, 3 3.95, 3 3.69, 2 3.44, 2 3.26, 2 2.99, 3 2.71, 2 2.66, 2 2.47, 2 2.47, 2 2.37, 3 2.35, 2 2.29, 2 1.94, 5 1.91, 2 1.77, 2 1.76, 2 1.76, 8 1.53, 3 1.53, 3 1.44, 7 0.96, 6 0.68, 7 0.52, 8 0.48, 2 -0.33, 2 -0.33, 2 -0.33, 2 -0.33, 2 -0.33, 2 -0.33, 2 -0.33, 2 -0.33, 3 -0.4, 3 -0.4, 3 -0.4, 
37% 
284 20.19, 4 5.33, 2 4.66, 3 4.41, 3 3.95, 2 3.44, 2 3.26, 2 2.99, 3 2.71, 2 2.66, 2 2.47, 2 2.47, 2 2.37, 3 2.35, 2 2.29, 2 1.94, 5 1.91, 2 1.77, 2 1.76, 2 1.76, 7 1.71, 3 1.68, 3 1.53, 5 1.51, 3 1.44, 7 0.96, 6 0.68, 6 0.67, 8 0.48, 2 -0.33, 2 -0.33, 2 -0.33, 2 -0.33, 2 -0.33, 2 -0.33, 2 -0.33, 3 -0.4, 3 -0.4, 3 -0.4, 
38% 
286 20.63, 4 5.33, 2 4.66, 3 4.41, 3 3.95, 2 3.44, 2 3.26, 2 2.99, 3 2.71, 2 2.66, 2 2.47, 2 2.47, 2 2.37, 3 2.35, 2 2.29, 2 1.94, 5 1.91, 4 1.81, 2 1.77, 2 1.76, 2 1.76, 7 1.71, 3 1.68, 3 1.53, 3 1.44, 7 0.96, 6 0.68, 6 0.67, 8 0.48, 2 -0.33, 2 -0.33, 2 -0.33, 2 -0.33, 2 -0.33, 2 -0.33, 2 -0.33, 3 -0.4, 3 -0.4, 3 -0.4, 
39% 
288 20.82, 4 5.33, 2 4.66, 3 4.41, 3 3.95, 2 3.44, 2 3.26, 3 2.71, 2 2.66, 2 2.47, 2 2.47, 2 2.4, 2 2.37, 3 2.35, 2 2.29, 2 1.94, 5 1.91, 5 1.9, 4 1.81, 2 1.77, 2 1.76, 2 1.76, 7 1.71, 3 1.68, 3 1.53, 3 1.44, 7 0.96, 6 0.68, 6 0.67, 8 0.48, 2 -0.33, 2 -0.33, 2 -0.33, 2 -0.33, 2 -0.33, 2 -0.33, 2 -0.33, 3 -0.4, 3 -0.4, 3 -0.4, 
40% 
290 21.51, 3 6.2, 4 5.33, 3 4.41, 3 3.95, 2 3.44, 2 3.26, 3 2.71, 2 2.66, 2 2.47, 2 2.47, 2 2.4, 2 2.37, 3 2.35, 2 2.29, 2 1.94, 5 1.91, 5 1.9, 4 1.81, 2 1.77, 2 1.76, 2 1.76, 7 1.71, 3 1.68, 3 1.53, 3 1.44, 7 0.96, 6 0.68, 6 0.67, 8 0.48, 2 -0.33, 2 -0.33, 2 -0.33, 2 -0.33, 2 -0.33, 2 -0.33, 2 -0.33, 3 -0.4, 3 -0.4, 3 -0.4, 
41% 
294 21.79, 3 6.2, 4 5.33, 3 4.41, 3 3.95, 2 3.44, 2 3.26, 3 2.71, 2 2.66, 2 2.47, 2 2.47, 2 2.4, 2 2.37, 3 2.35, 2 2.29, 2 1.94, 5 1.91, 5 1.9, 4 1.81, 2 1.77, 2 1.76, 2 1.76, 7 1.71, 3 1.68, 3 1.53, 3 1.44, 6 1.15, 4 1.14, 6 0.68, 6 0.67, 8 0.48, 2 -0.33, 2 -0.33, 2 -0.33, 2 -0.33, 2 -0.33, 2 -0.33, 2 -0.33, 3 -0.4, 3 -0.4, 3 -0.4, 
42% 
285 22.09, 3 6.2, 4 5.33, 3 4.41, 3 3.95, 2 3.44, 2 3.26, 3 2.71, 2 2.66, 2 2.47, 2 2.47, 2 2.4, 2 2.37, 5 2.37, 3 2.35, 2 2.29, 2 1.94, 5 1.91, 5 1.9, 4 1.81, 2 1.77, 2 1.76, 2 1.76, 7 1.71, 3 1.68, 3 1.53, 3 1.44, 5 1.37, 4 1.14, 6 0.68, 6 0.67, 8 0.48, 2 -0.33, 2 -0.33, 2 -0.33, 2 -0.33, 2 -0.33, 2 -0.33, 2 -0.33, 3 -0.4, 3 -0.4, 3 -0.4, 
43% 
306 22.26, 3 6.2, 4 5.33, 3 4.41, 3 3.95, 2 3.44, 2 3.26, 3 2.71, 2 2.66, 2 2.47, 2 2.47, 2 2.4, 2 2.37, 3 2.35, 2 2.29, 2 1.94, 5 1.91, 2 1.77, 2 1.76, 2 1.76, 7 1.71, 3 1.68, 3 1.53, 3 1.44, 5 1.37, 4 1.14, 6 0.68, 6 0.67, 7 0.59, 2 -0.33, 2 -0.33, 2 -0.33, 2 -0.33, 2 -0.33, 2 -0.33, 2 -0.33, 3 -0.4, 3 -0.4, 3 -0.4, 
44% 
303 22.43, 3 6.2, 4 5.33, 3 4.41, 3 3.95, 2 3.44, 2 3.26, 3 2.71, 2 2.66, 2 2.47, 2 2.47, 2 2.4, 2 2.37, 3 2.35, 5 2.34, 2 2.29, 4 2.26, 2 1.94, 3 1.81, 2 1.77, 2 1.76, 2 1.76, 7 1.71, 3 1.68, 3 1.53, 3 1.44, 5 1.37, 4 1.14, 6 0.67, 7 0.59, 2 -0.33, 2 -0.33, 2 -0.33, 2 -0.33, 2 -0.33, 2 -0.33, 2 -0.33, 3 -0.4, 3 -0.4, 3 -0.4, 
45% 
299 22.58, 3 6.2, 4 5.33, 3 4.41, 3 3.95, 2 3.44, 2 3.26, 3 2.71, 2 2.66, 2 2.47, 2 2.47, 2 2.4, 2 2.37, 3 2.35, 5 2.34, 2 2.29, 4 2.26, 2 1.94, 3 1.81, 2 1.77, 2 1.76, 2 1.76, 7 1.71, 3 1.68, 3 1.53, 3 1.44, 5 1.37, 4 1.14, 5 0.93, 6 0.67, 2 -0.33, 2 -0.33, 2 -0.33, 2 -0.33, 2 -0.33, 2 -0.33, 2 -0.33, 3 -0.4, 3 -0.4, 3 -0.4, 
46% 
303 22.97, 3 6.2, 4 5.33, 3 4.41, 4 4.06, 3 3.95, 2 3.44, 2 3.26, 3 2.71, 2 2.66, 2 2.47, 2 2.47, 2 2.4, 2 2.37, 3 2.35, 5 2.34, 2 2.29, 2 1.94, 3 1.81, 2 1.77, 2 1.76, 2 1.76, 7 1.71, 3 1.68, 5 1.37, 4 1.14, 5 0.93, 6 0.67, 2 -0.33, 2 -0.33, 2 -0.33, 2 -0.33, 2 -0.33, 2 -0.33, 2 -0.33, 3 -0.4, 3 -0.4, 3 -0.4, 
47% 
291 23.16, 3 6.2, 4 5.33, 3 4.41, 4 4.06, 3 3.95, 2 3.44, 2 3.26, 3 2.71, 2 2.66, 2 2.47, 2 2.47, 2 2.4, 2 2.37, 3 2.35, 5 2.34, 2 2.32, 2 2.29, 2 1.94, 3 1.81, 2 1.77, 2 1.76, 2 1.76, 7 1.71, 4 1.68, 3 1.68, 5 1.37, 4 1.23, 4 1.14, 5 0.93, 6 0.67, 2 -0.33, 2 -0.33, 2 -0.33, 2 -0.33, 2 -0.33, 2 -0.33, 2 -0.33, 3 -0.4, 3 -0.4, 3 -0.4, 
48% 
295 23.69, 3 6.2, 4 5.33, 3 4.41, 4 4.06, 3 3.95, 2 3.44, 2 3.26, 5 2.9, 3 2.71, 2 2.66, 2 2.47, 2 2.47, 2 2.4, 2 2.37, 3 2.35, 5 2.34, 2 2.32, 2 2.29, 2 1.94, 3 1.81, 2 1.77, 2 1.76, 2 1.76, 7 1.71, 3 1.68, 5 1.37, 4 1.34, 4 1.14, 5 0.93, 6 0.67, 2 -0.33, 2 -0.33, 2 -0.33, 2 -0.33, 2 -0.33, 2 -0.33, 2 -0.33, 3 -0.4, 3 -0.4, 3 -0.4, 
49% 
293 24, 3 6.2, 4 5.33, 3 4.41, 4 4.06, 3 3.95, 2 3.44, 2 3.26, 5 2.9, 3 2.71, 2 2.66, 2 2.47, 2 2.47, 2 2.4, 2 2.37, 3 2.35, 5 2.34, 2 2.32, 2 2.29, 2 1.94, 3 1.81, 2 1.77, 2 1.76, 2 1.76, 7 1.71, 3 1.68, 5 1.37, 4 1.34, 4 1.14, 5 0.93, 6 0.67, 2 -0.33, 2 -0.33, 2 -0.33, 2 -0.33, 2 -0.33, 2 -0.33, 2 -0.33, 3 -0.4, 3 -0.4, 3 -0.4, 
50% 
294 24.51, 3 6.2, 4 5.33, 3 4.41, 4 4.06, 3 3.95, 2 3.69, 2 3.44, 2 3.26, 5 2.9, 3 2.71, 2 2.66, 2 2.47, 2 2.47, 2 2.4, 2 2.37, 3 2.35, 5 2.34, 2 2.32, 2 2.29, 2 1.94, 9 1.82, 3 1.81, 2 1.77, 2 1.76, 2 1.76, 7 1.71, 3 1.68, 5 1.37, 4 1.34, 4 1.14, 5 0.93, 6 0.67, 2 -0.33, 2 -0.33, 2 -0.33, 2 -0.33, 2 -0.33, 2 -0.33, 2 -0.33, 3 -0.4, 3 -0.4, 3 -0.4, 
51% 
293 24.78, 3 6.2, 4 5.33, 3 4.41, 4 4.06, 3 3.95, 2 3.69, 2 3.44, 2 3.26, 5 2.9, 3 2.71, 2 2.66, 2 2.47, 2 2.47, 2 2.4, 2 2.37, 3 2.35, 5 2.34, 2 2.32, 2 2.29, 8 1.99, 2 1.94, 3 1.81, 2 1.77, 2 1.76, 2 1.76, 7 1.71, 3 1.68, 5 1.37, 4 1.34, 4 1.14, 5 0.93, 6 0.67, 2 -0.33, 2 -0.33, 2 -0.33, 2 -0.33, 2 -0.33, 2 -0.33, 2 -0.33, 3 -0.4, 3 -0.4, 3 -0.4, 
52% 
290 24.94, 3 6.2, 4 5.33, 3 4.41, 4 4.06, 3 3.95, 2 3.69, 2 3.44, 2 3.26, 5 2.9, 3 2.71, 2 2.66, 2 2.47, 2 2.47, 2 2.4, 2 2.37, 3 2.35, 5 2.34, 2 2.32, 2 2.29, 8 1.99, 2 1.94, 3 1.81, 2 1.77, 2 1.76, 2 1.76, 7 1.71, 3 1.68, 5 1.37, 4 1.34, 4 1.14, 5 0.93, 5 0.85, 2 -0.33, 2 -0.33, 2 -0.33, 2 -0.33, 2 -0.33, 2 -0.33, 2 -0.33, 3 -0.4, 3 -0.4, 3 -0.4, 
53% 
284 24.88, 3 6.2, 4 5.33, 3 4.41, 4 4.06, 3 3.95, 2 3.69, 2 3.44, 2 3.26, 5 2.9, 3 2.71, 2 2.66, 2 2.47, 2 2.47, 2 2.4, 2 2.37, 3 2.35, 5 2.34, 2 2.32, 2 2.29, 8 1.99, 2 1.94, 3 1.81, 2 1.77, 2 1.76, 2 1.76, 7 1.71, 3 1.68, 3 1.61, 5 1.37, 4 1.34, 4 1.14, 5 0.93, 5 0.85, 2 -0.33, 2 -0.33, 2 -0.33, 2 -0.33, 2 -0.33, 2 -0.33, 3 -0.4, 3 -0.4, 3 -0.4, 
54% 
284 25.32, 3 6.2, 4 5.33, 3 4.41, 4 4.06, 3 3.95, 2 3.69, 2 3.44, 2 3.26, 5 2.9, 3 2.71, 2 2.66, 2 2.47, 2 2.47, 2 2.4, 2 2.37, 3 2.35, 5 2.34, 2 2.32, 2 2.29, 8 1.99, 2 1.94, 3 1.81, 2 1.77, 2 1.76, 2 1.76, 7 1.71, 3 1.68, 3 1.61, 5 1.37, 4 1.34, 4 1.14, 5 0.93, 5 0.85, 2 -0.33, 2 -0.33, 2 -0.33, 2 -0.33, 2 -0.33, 2 -0.33, 3 -0.4, 3 -0.4, 3 -0.4, 
55% 
285 25.85, 3 6.2, 4 5.33, 3 4.41, 4 4.06, 3 3.95, 2 3.69, 2 3.44, 2 3.26, 5 2.9, 3 2.71, 2 2.66, 2 2.47, 2 2.47, 2 2.4, 2 2.37, 3 2.35, 5 2.34, 2 2.32, 2 2.29, 8 1.99, 2 1.94, 3 1.81, 2 1.77, 2 1.76, 2 1.76, 7 1.71, 3 1.68, 4 1.65, 3 1.61, 3 1.44, 4 1.34, 5 0.93, 5 0.85, 2 -0.33, 2 -0.33, 2 -0.33, 2 -0.33, 2 -0.33, 2 -0.33, 3 -0.4, 3 -0.4, 3 -0.4, 
56% 
286 26.04, 3 6.2, 4 5.33, 3 4.41, 4 4.06, 3 3.95, 2 3.69, 2 3.44, 2 3.26, 5 2.9, 3 2.71, 2 2.66, 2 2.47, 2 2.47, 2 2.4, 2 2.37, 3 2.35, 5 2.34, 2 2.32, 2 2.29, 8 1.99, 2 1.94, 3 1.81, 2 1.77, 2 1.76, 2 1.76, 7 1.71, 3 1.68, 4 1.65, 3 1.61, 3 1.44, 4 1.34, 5 0.93, 5 0.85, 8 0.49, 2 -0.33, 2 -0.33, 2 -0.33, 2 -0.33, 2 -0.33, 2 -0.33, 3 -0.4, 3 -0.4, 3 -0.4, 
57% 
283 26.11, 3 6.2, 4 5.33, 3 4.41, 4 4.06, 3 3.95, 2 3.69, 2 3.44, 2 3.26, 5 2.9, 2 2.85, 3 2.71, 2 2.66, 2 2.47, 2 2.47, 2 2.4, 2 2.37, 3 2.35, 5 2.34, 2 2.32, 2 2.29, 8 1.99, 2 1.94, 3 1.81, 2 1.77, 2 1.76, 2 1.76, 7 1.71, 3 1.68, 4 1.65, 3 1.61, 3 1.44, 4 1.34, 5 0.93, 5 0.85, 8 0.49, 2 -0.33, 2 -0.33, 2 -0.33, 2 -0.33, 2 -0.33, 2 -0.33, 3 -0.4, 3 -0.4, 3 -0.4, 
58% 
292 26.76, 3 6.2, 4 5.33, 4 4.58, 3 4.41, 4 4.06, 3 3.95, 2 3.69, 2 3.44, 2 3.26, 5 2.9, 2 2.85, 3 2.71, 2 2.66, 2 2.47, 2 2.47, 2 2.4, 2 2.37, 5 2.34, 2 2.32, 2 2.29, 8 1.99, 2 1.94, 2 1.91, 3 1.81, 2 1.76, 2 1.76, 7 1.71, 3 1.68, 4 1.65, 3 1.61, 3 1.44, 4 1.34, 5 0.93, 5 0.85, 8 0.49, 2 -0.33, 2 -0.33, 2 -0.33, 2 -0.33, 2 -0.33, 3 -0.4, 3 -0.4, 3 -0.4, 
59% 
295 27.21, 3 6.2, 4 5.33, 4 4.58, 3 4.41, 4 4.06, 3 3.95, 2 3.69, 2 3.44, 2 3.26, 5 2.9, 2 2.85, 3 2.71, 2 2.66, 2 2.47, 2 2.47, 2 2.4, 2 2.37, 5 2.34, 2 2.32, 2 2.29, 8 1.99, 2 1.94, 2 1.91, 3 1.81, 2 1.76, 2 1.76, 7 1.71, 3 1.68, 4 1.65, 3 1.61, 3 1.44, 4 1.34, 4 1.07, 5 0.93, 8 0.49, 2 -0.33, 2 -0.33, 2 -0.33, 2 -0.33, 3 -0.4, 3 -0.4, 3 -0.4, 
60% 
296 27.5, 3 6.2, 4 5.33, 4 4.58, 3 4.41, 4 4.06, 3 3.95, 2 3.69, 2 3.44, 2 3.26, 5 2.9, 2 2.85, 3 2.71, 2 2.66, 2 2.47, 2 2.47, 2 2.4, 2 2.37, 5 2.34, 2 2.32, 2 2.29, 8 1.99, 2 1.94, 2 1.91, 3 1.81, 2 1.76, 2 1.76, 7 1.71, 3 1.68, 4 1.65, 3 1.61, 3 1.44, 4 1.34, 4 1.07, 5 0.93, 8 0.49, 2 -0.33, 2 -0.33, 2 -0.33, 2 -0.33, 2 -0.33, 3 -0.4, 3 -0.4, 
61% 
300 28.46, 3 6.2, 4 5.33, 4 4.58, 3 4.41, 4 4.06, 2 3.69, 2 3.44, 2 3.26, 5 2.9, 2 2.85, 3 2.71, 2 2.66, 2 2.47, 2 2.47, 2 2.4, 2 2.37, 5 2.34, 2 2.32, 2 2.29, 3 2.05, 8 1.99, 2 1.94, 2 1.91, 2 1.85, 3 1.81, 2 1.76, 2 1.76, 7 1.71, 3 1.68, 4 1.65, 3 1.61, 3 1.44, 4 1.34, 4 1.07, 5 0.93, 7 0.6, 2 -0.33, 2 -0.33, 2 -0.33, 2 -0.33, 2 -0.33, 3 -0.4, 3 -0.4, 
62% 
295 28.95, 3 6.2, 4 5.33, 4 4.58, 3 4.41, 4 4.06, 2 3.69, 2 3.44, 2 3.26, 5 2.9, 2 2.85, 3 2.71, 2 2.66, 2 2.47, 2 2.47, 2 2.4, 2 2.37, 5 2.34, 2 2.32, 2 2.29, 3 2.05, 8 1.99, 2 1.94, 2 1.91, 2 1.85, 3 1.81, 2 1.76, 2 1.76, 3 1.71, 7 1.71, 3 1.68, 4 1.65, 3 1.61, 3 1.44, 4 1.34, 4 1.22, 4 1.07, 5 0.93, 6 0.76, 2 -0.33, 2 -0.33, 2 -0.33, 2 -0.33, 2 -0.33, 3 -0.4, 3 -0.4, 
63% 
305 29.46, 3 6.2, 4 5.33, 3 4.76, 4 4.58, 3 4.41, 2 3.44, 2 3.26, 2 2.85, 3 2.71, 2 2.66, 2 2.47, 2 2.47, 2 2.4, 2 2.37, 5 2.34, 2 2.32, 2 2.29, 3 2.05, 8 1.99, 2 1.95, 2 1.94, 2 1.91, 2 1.85, 3 1.81, 2 1.76, 2 1.76, 2 1.74, 3 1.71, 7 1.71, 3 1.68, 4 1.65, 3 1.61, 3 1.44, 4 1.34, 4 1.22, 4 1.07, 5 0.93, 6 0.76, 2 -0.33, 2 -0.33, 2 -0.33, 2 -0.33, 2 -0.33, 3 -0.4, 3 -0.4, 
64% 
305 29.86, 3 6.2, 4 5.33, 3 4.76, 4 4.58, 3 4.41, 2 3.44, 2 3.26, 2 2.85, 3 2.71, 2 2.66, 2 2.47, 2 2.47, 2 2.4, 2 2.37, 5 2.34, 2 2.32, 2 2.29, 7 2.19, 3 2.05, 2 1.95, 2 1.91, 2 1.85, 3 1.81, 2 1.76, 2 1.76, 2 1.74, 3 1.71, 7 1.71, 3 1.68, 4 1.65, 3 1.61, 3 1.44, 4 1.34, 4 1.22, 4 1.07, 5 0.93, 6 0.76, 2 -0.33, 2 -0.33, 2 -0.33, 2 -0.33, 2 -0.33, 3 -0.4, 3 -0.4, 
65% 
303 29.95, 3 6.2, 4 5.33, 3 4.76, 4 4.58, 3 4.41, 2 3.44, 2 3.26, 2 2.85, 3 2.71, 2 2.66, 2 2.47, 2 2.47, 2 2.4, 2 2.37, 5 2.34, 2 2.32, 2 2.29, 7 2.19, 3 2.05, 2 1.95, 2 1.91, 2 1.85, 3 1.81, 2 1.76, 2 1.76, 2 1.74, 3 1.71, 7 1.71, 3 1.68, 4 1.65, 3 1.61, 3 1.44, 3 1.35, 4 1.34, 4 1.22, 5 0.93, 6 0.76, 2 -0.33, 2 -0.33, 2 -0.33, 2 -0.33, 3 -0.4, 3 -0.4, 
66% 
301 30.08, 4 7.55, 4 5.33, 3 4.76, 4 4.58, 3 4.41, 2 3.44, 2 3.26, 2 2.85, 3 2.71, 2 2.66, 2 2.47, 2 2.47, 2 2.4, 2 2.37, 5 2.34, 2 2.32, 2 2.29, 7 2.19, 3 2.05, 2 1.95, 2 1.91, 2 1.85, 3 1.81, 2 1.76, 2 1.76, 2 1.74, 3 1.71, 7 1.71, 3 1.68, 4 1.65, 3 1.61, 3 1.44, 3 1.35, 4 1.34, 4 1.22, 5 0.93, 6 0.76, 2 -0.33, 2 -0.33, 2 -0.33, 2 -0.33, 3 -0.4, 3 -0.4, 
67% 
301 30.38, 4 7.55, 4 5.33, 3 4.76, 4 4.58, 3 4.41, 2 3.44, 2 3.26, 2 2.85, 3 2.71, 2 2.66, 2 2.47, 2 2.47, 2 2.4, 2 2.37, 5 2.34, 2 2.32, 2 2.29, 7 2.19, 2 2.07, 3 2.05, 2 1.95, 2 1.91, 2 1.85, 3 1.81, 2 1.76, 2 1.76, 2 1.74, 3 1.71, 7 1.71, 3 1.68, 3 1.66, 4 1.65, 3 1.44, 3 1.35, 4 1.22, 5 0.93, 6 0.76, 2 -0.33, 2 -0.33, 2 -0.33, 2 -0.33, 3 -0.4, 3 -0.4, 
68% 
302 30.47, 4 7.55, 4 5.33, 3 4.76, 4 4.58, 3 4.41, 2 3.44, 2 3.26, 2 2.85, 3 2.71, 2 2.66, 2 2.47, 2 2.47, 2 2.4, 2 2.37, 5 2.34, 2 2.32, 2 2.29, 7 2.19, 2 2.07, 3 2.05, 2 1.95, 2 1.91, 2 1.85, 3 1.81, 2 1.76, 2 1.76, 2 1.74, 3 1.71, 7 1.71, 3 1.68, 3 1.66, 4 1.65, 3 1.44, 3 1.35, 4 1.22, 5 0.93, 6 0.76, 2 -0.33, 2 -0.33, 2 -0.33, 2 -0.33, 3 -0.4, 3 -0.4, 
69% 
300 30.61, 4 7.55, 4 5.33, 3 4.76, 4 4.58, 3 4.41, 2 3.44, 2 3.26, 2 2.85, 3 2.71, 2 2.66, 2 2.47, 2 2.47, 2 2.4, 2 2.37, 5 2.34, 2 2.32, 2 2.29, 7 2.19, 2 2.07, 3 2.05, 2 1.95, 2 1.91, 2 1.85, 3 1.81, 2 1.76, 2 1.76, 2 1.74, 3 1.71, 7 1.71, 3 1.68, 3 1.66, 4 1.65, 3 1.44, 3 1.35, 4 1.22, 5 0.93, 6 0.76, 2 -0.33, 2 -0.33, 2 -0.33, 2 -0.33, 3 -0.4, 3 -0.4, 
70% 
307 30.71, 4 7.55, 4 5.33, 3 4.76, 4 4.58, 3 4.41, 2 3.44, 2 3.26, 2 2.85, 3 2.71, 2 2.66, 2 2.47, 2 2.47, 2 2.4, 2 2.37, 5 2.34, 2 2.32, 2 2.29, 7 2.19, 2 2.07, 3 2.05, 2 1.95, 2 1.91, 2 1.85, 3 1.81, 2 1.76, 2 1.76, 2 1.74, 3 1.71, 7 1.71, 3 1.68, 3 1.66, 4 1.65, 3 1.44, 3 1.35, 4 1.22, 5 0.93, 6 0.76, 2 -0.33, 2 -0.33, 2 -0.33, 2 -0.33, 3 -0.4, 3 -0.4, 
71% 
304 30.74, 4 7.55, 4 5.33, 3 4.76, 4 4.58, 3 4.41, 2 3.44, 2 3.26, 2 2.85, 3 2.71, 2 2.66, 6 2.48, 2 2.47, 2 2.47, 2 2.4, 2 2.37, 5 2.34, 2 2.32, 2 2.29, 2 2.07, 3 2.05, 2 1.95, 2 1.91, 2 1.87, 2 1.85, 3 1.81, 2 1.76, 2 1.76, 2 1.74, 3 1.71, 7 1.71, 3 1.68, 3 1.66, 4 1.65, 3 1.44, 3 1.35, 4 1.22, 5 0.95, 5 0.93, 2 -0.33, 2 -0.33, 2 -0.33, 2 -0.33, 3 -0.4, 3 -0.4, 
72% 
300 30.97, 4 7.55, 4 5.33, 3 4.76, 4 4.58, 3 4.41, 2 3.44, 2 3.26, 2 2.85, 3 2.71, 2 2.66, 6 2.48, 2 2.47, 2 2.47, 2 2.4, 2 2.37, 5 2.34, 2 2.32, 2 2.29, 2 2.07, 3 2.05, 2 1.95, 2 1.91, 2 1.87, 2 1.85, 3 1.81, 2 1.76, 2 1.76, 2 1.74, 3 1.71, 7 1.71, 3 1.68, 3 1.66, 4 1.65, 3 1.44, 3 1.35, 4 1.22, 5 0.95, 5 0.93, 2 -0.33, 2 -0.33, 2 -0.33, 2 -0.33, 3 -0.4, 3 -0.4, 
73% 
301 31.32, 4 7.55, 4 5.33, 3 4.76, 4 4.58, 3 4.41, 2 3.44, 2 3.26, 2 2.85, 5 2.83, 3 2.71, 2 2.66, 2 2.62, 2 2.47, 2 2.47, 2 2.4, 2 2.37, 5 2.34, 2 2.32, 2 2.29, 2 2.07, 3 2.05, 2 1.95, 2 1.91, 2 1.87, 2 1.85, 3 1.81, 2 1.76, 2 1.76, 2 1.74, 3 1.71, 7 1.71, 3 1.68, 3 1.66, 4 1.65, 3 1.44, 3 1.35, 4 1.22, 5 0.95, 5 0.93, 2 -0.33, 2 -0.33, 2 -0.33, 2 -0.33, 3 -0.4, 3 -0.4, 
74% 
304 31.36, 4 7.55, 4 5.33, 3 4.76, 4 4.58, 3 4.41, 2 3.44, 2 3.26, 2 2.85, 5 2.83, 3 2.71, 2 2.66, 2 2.62, 2 2.47, 2 2.47, 2 2.4, 2 2.37, 5 2.34, 2 2.32, 2 2.29, 2 2.07, 3 2.05, 2 1.95, 2 1.91, 2 1.87, 2 1.85, 3 1.81, 2 1.76, 2 1.76, 2 1.74, 3 1.71, 7 1.71, 3 1.68, 3 1.66, 4 1.65, 3 1.44, 3 1.35, 4 1.24, 4 1.22, 5 0.95, 5 0.93, 2 -0.33, 2 -0.33, 2 -0.33, 2 -0.33, 3 -0.4, 3 -0.4, 
75% 
304 31.36, 4 7.55, 4 5.33, 3 4.76, 4 4.58, 3 4.41, 2 3.44, 2 3.26, 2 2.85, 5 2.83, 3 2.71, 2 2.66, 2 2.62, 2 2.47, 2 2.47, 2 2.4, 2 2.37, 5 2.34, 2 2.32, 2 2.29, 2 2.07, 3 2.05, 2 1.95, 2 1.91, 2 1.87, 2 1.85, 3 1.81, 2 1.76, 2 1.76, 2 1.74, 3 1.71, 7 1.71, 3 1.68, 3 1.66, 4 1.65, 3 1.44, 3 1.35, 4 1.24, 4 1.22, 5 0.95, 5 0.93, 2 -0.33, 2 -0.33, 3 -0.4, 3 -0.4, 
76% 
305 31.75, 4 7.55, 4 5.33, 3 4.76, 4 4.58, 3 4.41, 2 3.44, 2 3.26, 2 2.85, 5 2.83, 3 2.71, 2 2.66, 2 2.62, 2 2.47, 2 2.47, 2 2.4, 2 2.37, 5 2.34, 2 2.32, 2 2.29, 2 2.2, 2 2.07, 3 2.05, 2 1.95, 2 1.91, 2 1.87, 2 1.85, 3 1.81, 2 1.76, 2 1.76, 2 1.74, 7 1.71, 3 1.68, 3 1.66, 4 1.65, 3 1.44, 3 1.35, 4 1.24, 4 1.22, 5 0.95, 5 0.93, 2 -0.33, 2 -0.33, 3 -0.4, 3 -0.4, 
77% 
303 31.84, 4 7.55, 4 5.33, 3 4.76, 4 4.58, 3 4.41, 2 3.44, 2 3.26, 2 2.85, 5 2.83, 3 2.71, 2 2.66, 2 2.62, 2 2.47, 2 2.47, 2 2.4, 2 2.37, 5 2.34, 2 2.32, 2 2.29, 2 2.2, 2 2.07, 3 2.05, 2 1.95, 2 1.91, 2 1.87, 2 1.85, 3 1.81, 2 1.76, 2 1.76, 2 1.74, 7 1.71, 3 1.68, 3 1.66, 4 1.65, 3 1.44, 3 1.35, 4 1.24, 4 1.22, 5 0.95, 5 0.93, 2 -0.33, 2 -0.33, 3 -0.4, 3 -0.4, 
78% 
301 31.98, 4 7.55, 4 5.33, 3 4.76, 4 4.58, 3 4.41, 2 3.44, 2 3.26, 2 2.85, 5 2.83, 3 2.71, 2 2.66, 2 2.62, 2 2.47, 2 2.47, 2 2.4, 2 2.37, 5 2.34, 2 2.32, 2 2.29, 2 2.2, 5 2.17, 2 2.07, 3 2.05, 6 1.95, 2 1.95, 2 1.91, 2 1.87, 2 1.85, 3 1.81, 2 1.76, 2 1.76, 2 1.74, 3 1.68, 3 1.66, 4 1.65, 3 1.44, 3 1.35, 4 1.24, 4 1.22, 5 0.95, 5 0.93, 2 -0.33, 2 -0.33, 3 -0.4, 3 -0.4, 
79% 
303 32.61, 4 7.55, 4 5.33, 3 4.76, 4 4.58, 3 4.41, 2 3.44, 2 3.26, 2 2.85, 5 2.83, 3 2.71, 2 2.66, 2 2.62, 2 2.47, 2 2.47, 2 2.4, 2 2.37, 5 2.34, 2 2.32, 2 2.29, 2 2.2, 5 2.17, 2 2.07, 3 2.05, 6 1.95, 2 1.95, 2 1.91, 2 1.87, 2 1.85, 3 1.81, 2 1.76, 2 1.76, 2 1.74, 3 1.68, 3 1.66, 4 1.65, 3 1.44, 3 1.35, 4 1.24, 4 1.23, 4 1.22, 5 0.95, 5 0.93, 2 -0.33, 3 -0.4, 3 -0.4, 
80% 
306 33.22, 4 7.55, 4 5.33, 3 4.76, 3 4.41, 2 3.44, 2 3.31, 2 3.26, 2 2.85, 5 2.83, 3 2.71, 2 2.66, 2 2.62, 2 2.47, 2 2.47, 2 2.4, 2 2.37, 5 2.34, 2 2.32, 2 2.29, 2 2.2, 5 2.17, 2 2.07, 3 2.05, 6 1.95, 2 1.95, 2 1.91, 2 1.87, 2 1.85, 2 1.83, 3 1.81, 2 1.76, 2 1.76, 2 1.74, 3 1.68, 3 1.66, 4 1.65, 3 1.44, 3 1.35, 4 1.24, 4 1.23, 4 1.22, 5 0.95, 5 0.93, 2 -0.33, 3 -0.4, 3 -0.4, 
81% 
304 33.4, 4 7.55, 4 5.33, 3 4.76, 3 4.41, 2 3.44, 2 3.31, 2 3.26, 2 2.85, 5 2.83, 3 2.71, 2 2.66, 2 2.62, 2 2.47, 2 2.47, 2 2.4, 2 2.37, 5 2.34, 2 2.32, 2 2.29, 2 2.2, 5 2.17, 2 2.07, 3 2.05, 6 1.95, 2 1.95, 2 1.91, 2 1.87, 3 1.87, 2 1.85, 2 1.83, 3 1.81, 2 1.76, 2 1.76, 2 1.74, 3 1.68, 3 1.66, 4 1.65, 3 1.44, 3 1.35, 4 1.24, 4 1.23, 4 1.22, 5 0.95, 5 0.93, 2 -0.33, 3 -0.4, 3 -0.4, 
82% 
303 33.46, 4 7.55, 4 5.33, 3 4.76, 3 4.41, 2 3.44, 2 3.31, 4 3.28, 2 3.26, 2 2.85, 3 2.71, 2 2.66, 2 2.62, 2 2.47, 2 2.47, 2 2.4, 2 2.37, 5 2.34, 2 2.32, 2 2.29, 2 2.2, 5 2.17, 2 2.07, 3 2.05, 6 1.95, 2 1.95, 2 1.91, 2 1.87, 3 1.87, 2 1.85, 2 1.83, 3 1.81, 2 1.76, 2 1.76, 2 1.74, 3 1.68, 3 1.66, 4 1.65, 3 1.44, 3 1.35, 4 1.24, 4 1.23, 4 1.22, 5 0.95, 5 0.93, 2 -0.33, 3 -0.4, 3 -0.4, 
83% 
303 33.74, 4 7.55, 4 5.33, 3 4.76, 3 4.41, 2 3.44, 2 3.31, 4 3.28, 2 3.26, 2 2.85, 3 2.71, 2 2.66, 2 2.62, 2 2.47, 2 2.47, 2 2.4, 2 2.37, 5 2.34, 2 2.32, 2 2.29, 5 2.25, 2 2.2, 5 2.17, 2 2.07, 3 2.05, 2 1.95, 2 1.91, 2 1.87, 3 1.87, 2 1.85, 2 1.83, 3 1.81, 2 1.76, 2 1.76, 2 1.74, 3 1.68, 3 1.66, 4 1.65, 3 1.54, 3 1.44, 3 1.35, 4 1.24, 4 1.22, 5 0.95, 5 0.93, 2 -0.33, 3 -0.4, 3 -0.4, 
84% 
299 33.94, 4 7.55, 4 5.33, 3 4.76, 3 4.41, 2 3.44, 2 3.31, 4 3.28, 2 3.26, 2 2.85, 3 2.71, 2 2.66, 2 2.62, 2 2.47, 2 2.47, 2 2.4, 2 2.37, 5 2.34, 2 2.32, 2 2.29, 5 2.25, 2 2.2, 5 2.17, 2 2.07, 3 2.05, 2 1.95, 2 1.91, 2 1.87, 3 1.87, 2 1.85, 2 1.83, 3 1.81, 2 1.76, 2 1.76, 2 1.74, 3 1.68, 3 1.66, 4 1.65, 3 1.54, 3 1.44, 3 1.35, 4 1.24, 4 1.22, 7 1.02, 5 0.95, 5 0.93, 2 -0.33, 2 -0.33, 3 -0.4, 
85% 
298 33.97, 4 7.55, 4 5.33, 3 4.76, 3 4.41, 2 3.44, 2 3.31, 4 3.28, 2 3.26, 2 2.85, 3 2.71, 2 2.66, 2 2.62, 4 2.54, 2 2.47, 2 2.47, 2 2.4, 2 2.37, 5 2.34, 2 2.32, 2 2.29, 5 2.25, 2 2.2, 2 2.07, 3 2.05, 2 1.95, 2 1.91, 2 1.87, 3 1.87, 2 1.85, 2 1.83, 3 1.81, 2 1.76, 2 1.76, 2 1.74, 3 1.68, 3 1.66, 4 1.65, 3 1.55, 3 1.54, 3 1.44, 3 1.35, 4 1.22, 7 1.02, 5 0.95, 5 0.93, 2 -0.33, 3 -0.4, 
86% 
298 34.25, 4 7.55, 4 5.33, 3 4.76, 3 4.41, 2 3.44, 2 3.31, 4 3.28, 2 3.26, 2 2.85, 3 2.71, 2 2.66, 2 2.62, 4 2.54, 2 2.47, 2 2.47, 2 2.4, 2 2.37, 5 2.34, 2 2.32, 2 2.29, 5 2.25, 2 2.2, 2 2.07, 3 2.05, 2 1.95, 2 1.91, 2 1.87, 3 1.87, 2 1.85, 2 1.83, 3 1.81, 2 1.76, 2 1.76, 2 1.74, 3 1.68, 3 1.66, 4 1.65, 3 1.55, 3 1.54, 3 1.44, 3 1.35, 4 1.22, 7 1.02, 5 0.95, 5 0.93, 2 -0.33, 3 -0.4, 
87% 
300 34.85, 4 7.55, 4 5.33, 3 4.76, 3 4.41, 2 3.44, 2 3.31, 2 3.26, 2 2.85, 3 2.71, 2 2.66, 2 2.62, 4 2.54, 2 2.47, 2 2.47, 2 2.4, 2 2.37, 5 2.34, 2 2.32, 2 2.29, 5 2.25, 2 2.2, 2 2.07, 3 2.05, 2 1.95, 2 1.91, 2 1.87, 3 1.87, 2 1.85, 2 1.83, 3 1.81, 2 1.76, 2 1.76, 2 1.74, 3 1.68, 3 1.66, 4 1.65, 3 1.55, 3 1.54, 3 1.46, 3 1.44, 3 1.35, 4 1.22, 7 1.02, 5 0.95, 9 0.31, 2 -0.33, 3 -0.4, 
88% 
296 35.09, 4 7.55, 4 5.33, 3 4.76, 3 4.41, 2 3.44, 2 3.39, 2 3.31, 2 3.26, 2 2.85, 2 2.66, 2 2.62, 4 2.54, 2 2.47, 2 2.47, 2 2.4, 2 2.37, 5 2.34, 2 2.32, 2 2.29, 5 2.25, 2 2.2, 2 2.07, 3 2.05, 2 1.95, 2 1.91, 2 1.87, 3 1.87, 2 1.87, 2 1.85, 2 1.83, 3 1.81, 2 1.76, 2 1.76, 2 1.74, 3 1.68, 3 1.66, 4 1.65, 3 1.55, 3 1.54, 3 1.46, 3 1.35, 4 1.22, 7 1.02, 5 0.95, 9 0.31, 2 -0.33, 3 -0.4, 
89% 
292 35.22, 4 7.55, 4 5.33, 3 4.76, 3 4.41, 2 3.44, 2 3.39, 2 3.31, 2 3.26, 2 2.85, 2 2.66, 2 2.62, 4 2.54, 2 2.47, 2 2.47, 2 2.4, 2 2.37, 5 2.34, 2 2.32, 2 2.31, 2 2.29, 5 2.25, 2 2.2, 2 2.07, 3 2.05, 2 1.95, 2 1.91, 2 1.87, 3 1.87, 2 1.87, 2 1.85, 2 1.83, 2 1.76, 2 1.76, 2 1.74, 3 1.68, 3 1.66, 4 1.65, 3 1.55, 3 1.54, 3 1.46, 3 1.35, 4 1.22, 7 1.02, 5 0.95, 9 0.31, 2 -0.33, 3 -0.4, 
90% 
289 35.47, 4 7.55, 4 5.33, 3 4.76, 3 4.41, 2 3.44, 2 3.39, 2 3.31, 2 3.26, 2 2.85, 2 2.66, 4 2.64, 2 2.62, 4 2.54, 2 2.47, 2 2.47, 2 2.4, 2 2.37, 5 2.34, 2 2.32, 2 2.31, 2 2.29, 2 2.2, 2 2.07, 3 2.05, 2 2.01, 2 1.95, 2 1.91, 2 1.87, 3 1.87, 2 1.87, 2 1.85, 2 1.83, 2 1.76, 2 1.76, 2 1.74, 3 1.68, 3 1.66, 4 1.65, 3 1.54, 3 1.46, 3 1.35, 4 1.22, 7 1.02, 5 0.95, 9 0.31, 2 -0.33, 3 -0.4, 
91% 
289 35.72, 4 7.55, 4 5.33, 3 4.76, 3 4.41, 2 3.44, 2 3.39, 2 3.31, 2 3.26, 2 2.85, 4 2.73, 2 2.66, 4 2.64, 2 2.62, 4 2.54, 2 2.47, 2 2.47, 2 2.4, 2 2.37, 2 2.32, 2 2.31, 2 2.29, 2 2.2, 2 2.07, 3 2.05, 2 2.01, 2 1.95, 2 1.91, 2 1.87, 3 1.87, 2 1.87, 2 1.85, 2 1.83, 2 1.76, 2 1.76, 2 1.74, 3 1.68, 3 1.66, 4 1.65, 3 1.54, 3 1.46, 3 1.35, 4 1.22, 7 1.02, 5 0.95, 9 0.31, 2 -0.33, 3 -0.4, 
92% 
287 36.01, 4 7.55, 4 5.33, 3 4.76, 3 4.41, 2 3.44, 2 3.39, 2 3.31, 2 3.26, 2 2.85, 4 2.73, 2 2.66, 4 2.64, 2 2.62, 4 2.54, 2 2.47, 2 2.47, 2 2.4, 2 2.37, 2 2.32, 2 2.31, 2 2.29, 2 2.2, 2 2.07, 3 2.05, 2 2.01, 2 1.95, 2 1.91, 2 1.87, 3 1.87, 2 1.87, 2 1.85, 2 1.83, 2 1.76, 2 1.76, 2 1.74, 3 1.68, 3 1.66, 4 1.65, 3 1.54, 3 1.46, 3 1.35, 4 1.22, 7 1.02, 5 0.95, 9 0.31, 2 -0.33, 3 -0.4, 
93% 
293 36.38, 4 7.55, 3 4.76, 3 4.41, 2 3.44, 2 3.39, 2 3.31, 2 3.26, 2 2.85, 4 2.73, 2 2.66, 4 2.64, 2 2.62, 4 2.54, 2 2.47, 2 2.47, 2 2.4, 2 2.37, 2 2.32, 2 2.31, 2 2.29, 2 2.2, 2 2.07, 3 2.05, 2 2.01, 2 1.95, 2 1.91, 2 1.87, 3 1.87, 2 1.87, 2 1.85, 2 1.83, 2 1.76, 2 1.76, 2 1.74, 3 1.68, 3 1.66, 4 1.65, 3 1.54, 3 1.46, 3 1.35, 4 1.22, 4 1.18, 7 1.02, 9 0.31, 2 -0.33, 3 -0.4, 
94% 
294 36.57, 4 7.55, 3 4.76, 3 4.41, 2 3.44, 2 3.39, 2 3.31, 2 3.26, 2 2.85, 4 2.73, 2 2.66, 4 2.64, 2 2.62, 4 2.54, 2 2.47, 2 2.47, 2 2.4, 2 2.37, 2 2.32, 2 2.31, 2 2.29, 2 2.2, 2 2.07, 3 2.05, 2 2.01, 2 1.95, 2 1.91, 2 1.87, 3 1.87, 2 1.87, 2 1.85, 2 1.83, 2 1.76, 2 1.76, 2 1.74, 3 1.68, 3 1.66, 4 1.65, 3 1.54, 3 1.46, 3 1.35, 4 1.22, 4 1.18, 7 1.02, 9 0.31, 2 -0.33, 3 -0.4, 
95% 
300 36.66, 4 7.55, 3 4.76, 3 4.41, 2 3.44, 2 3.39, 2 3.31, 2 3.26, 2 2.85, 4 2.73, 2 2.66, 4 2.64, 2 2.62, 2 2.47, 2 2.47, 2 2.4, 2 2.37, 2 2.32, 2 2.31, 2 2.29, 2 2.2, 2 2.07, 3 2.05, 2 2.01, 2 1.95, 2 1.91, 2 1.87, 3 1.87, 2 1.87, 2 1.85, 2 1.83, 2 1.76, 2 1.76, 2 1.74, 3 1.68, 3 1.66, 4 1.65, 3 1.54, 3 1.46, 3 1.35, 4 1.22, 4 1.18, 7 1.02, 9 0.31, 2 -0.33, 3 -0.4, 
96% 
299 36.68, 4 7.55, 3 4.76, 3 4.41, 2 3.44, 2 3.39, 2 3.31, 2 3.26, 2 2.85, 4 2.73, 2 2.66, 4 2.64, 2 2.62, 2 2.47, 2 2.47, 2 2.4, 2 2.37, 2 2.32, 2 2.31, 2 2.29, 2 2.2, 2 2.07, 3 2.05, 2 2.01, 2 1.95, 2 1.91, 2 1.87, 3 1.87, 2 1.87, 2 1.85, 2 1.83, 2 1.76, 2 1.76, 2 1.74, 3 1.68, 3 1.66, 4 1.65, 3 1.54, 3 1.46, 3 1.35, 4 1.22, 4 1.18, 7 1.02, 9 0.31, 2 -0.33, 3 -0.4, 
97% 
302 36.76, 4 7.55, 3 4.76, 3 4.41, 2 3.44, 2 3.39, 2 3.31, 2 3.26, 2 2.85, 4 2.73, 2 2.66, 4 2.64, 2 2.62, 2 2.47, 2 2.47, 2 2.4, 2 2.37, 2 2.32, 2 2.31, 2 2.29, 2 2.2, 2 2.07, 3 2.05, 2 2.01, 2 1.95, 2 1.91, 2 1.87, 3 1.87, 2 1.87, 2 1.85, 2 1.83, 2 1.76, 2 1.76, 2 1.74, 3 1.68, 3 1.66, 4 1.65, 3 1.54, 3 1.46, 3 1.35, 4 1.22, 4 1.18, 7 1.02, 9 0.31, 2 -0.33, 3 -0.4, 
98% 
301 36.87, 4 7.55, 3 4.76, 3 4.41, 2 3.44, 2 3.39, 2 3.31, 2 3.26, 2 2.85, 4 2.73, 2 2.66, 4 2.64, 2 2.62, 2 2.47, 2 2.47, 2 2.46, 2 2.4, 2 2.37, 2 2.32, 2 2.31, 2 2.29, 2 2.2, 2 2.07, 3 2.05, 2 2.01, 2 1.95, 2 1.91, 2 1.87, 3 1.87, 2 1.87, 2 1.85, 2 1.83, 4 1.81, 2 1.77, 2 1.76, 2 1.76, 2 1.74, 3 1.68, 3 1.66, 4 1.65, 3 1.54, 3 1.46, 4 1.22, 4 1.18, 7 1.02, 9 0.31, 3 -0.4, 
99% 
300 36.91, 4 7.55, 3 4.76, 3 4.41, 2 3.44, 2 3.39, 2 3.31, 2 3.26, 2 2.85, 4 2.73, 2 2.66, 4 2.64, 2 2.62, 2 2.47, 2 2.47, 2 2.46, 5 2.45, 2 2.4, 2 2.37, 2 2.32, 2 2.31, 2 2.29, 2 2.2, 2 2.07, 3 2.05, 2 2.01, 2 1.95, 2 1.91, 2 1.87, 3 1.87, 2 1.87, 2 1.85, 2 1.83, 4 1.81, 2 1.77, 2 1.76, 2 1.76, 2 1.74, 3 1.68, 3 1.66, 4 1.65, 3 1.54, 3 1.46, 4 1.22, 4 1.18, 7 1.02, 9 0.31, 3 -0.4, 
100%
302 36.99, 4 7.55, 3 4.76, 3 4.41, 2 3.44, 2 3.39, 2 3.31, 2 3.26, 2 2.85, 4 2.73, 2 2.66, 4 2.64, 2 2.62, 2 2.47, 2 2.47, 2 2.46, 5 2.45, 2 2.4, 2 2.37, 2 2.31, 2 2.29, 2 2.2, 2 2.07, 3 2.05, 2 2.01, 2 1.95, 2 1.91, 2 1.87, 3 1.87, 2 1.87, 2 1.85, 2 1.83, 4 1.81, 2 1.77, 2 1.76, 2 1.76, 2 1.74, 3 1.68, 3 1.66, 4 1.65, 3 1.54, 3 1.46, 4 1.22, 4 1.18, 7 1.02, 9 0.31, 3 -0.4, 
