-sif=/home/safia/anaconda3/lib/R/library/pathfindR/extdata/KEGG.sif
-sig=/home/safia/Documents/pathfindR_Results(3)/active_snw_searches/Iteration_7/active_snw_search/input_for_search.txt
-method=SA
-saTemp0=1
-saTemp1=0.01
-saIter=10000
-geneInitProb=0.136666666666667
-gaPop=400
-gaIter=200
-gaThread=5
-gaMut=0
-grMaxDepth=1
-grSearchDepth=1
-grOverlap=0.5
-grSubNum=1000
4 9.04, 385 0.32, 2 -0.11, 2 -0.11, 2 -0.11, 2 -0.11, 2 -0.11, 2 -0.11, 2 -0.11, 2 -0.11, 2 -0.11, 2 -0.11, 2 -0.11, 2 -0.11, 2 -0.11, 2 -0.11, 2 -0.11, 2 -0.11, 3 -0.14, 3 -0.14, 3 -0.14, 3 -0.14, 3 -0.14, 3 -0.14, 4 -0.15, 4 -0.15, 4 -0.15, 4 -0.15, 4 -0.15, 4 -0.15, 5 -0.17, 6 -0.19, 6 -0.19, 
Percentage of finished job, node number and score of modules that have more than one node are as follows:
0%
1% 
4 9.04, 369 0.39, 2 -0.11, 2 -0.11, 2 -0.11, 2 -0.11, 2 -0.11, 2 -0.11, 2 -0.11, 2 -0.11, 2 -0.11, 2 -0.11, 2 -0.11, 2 -0.11, 2 -0.11, 2 -0.11, 2 -0.11, 2 -0.11, 3 -0.14, 3 -0.14, 3 -0.14, 3 -0.14, 3 -0.14, 3 -0.14, 3 -0.14, 3 -0.14, 4 -0.15, 4 -0.15, 4 -0.15, 4 -0.15, 5 -0.17, 6 -0.19, 6 -0.19, 
2% 
4 9.04, 367 0.94, 2 -0.11, 2 -0.11, 2 -0.11, 2 -0.11, 2 -0.11, 2 -0.11, 2 -0.11, 2 -0.11, 2 -0.11, 2 -0.11, 2 -0.11, 2 -0.11, 2 -0.11, 2 -0.11, 2 -0.11, 2 -0.11, 2 -0.11, 2 -0.11, 3 -0.14, 3 -0.14, 3 -0.14, 3 -0.14, 3 -0.14, 4 -0.15, 4 -0.15, 4 -0.15, 4 -0.15, 5 -0.17, 5 -0.17, 6 -0.19, 
3% 
4 9.04, 364 0.96, 2 -0.11, 2 -0.11, 2 -0.11, 2 -0.11, 2 -0.11, 2 -0.11, 2 -0.11, 2 -0.11, 2 -0.11, 2 -0.11, 2 -0.11, 2 -0.11, 2 -0.11, 2 -0.11, 2 -0.11, 2 -0.11, 2 -0.11, 2 -0.11, 3 -0.14, 3 -0.14, 3 -0.14, 3 -0.14, 3 -0.14, 3 -0.14, 4 -0.15, 4 -0.15, 4 -0.15, 5 -0.17, 5 -0.17, 6 -0.19, 
4% 
4 9.04, 357 1, 2 -0.11, 2 -0.11, 2 -0.11, 2 -0.11, 2 -0.11, 2 -0.11, 2 -0.11, 2 -0.11, 2 -0.11, 2 -0.11, 2 -0.11, 2 -0.11, 2 -0.11, 2 -0.11, 2 -0.11, 2 -0.11, 3 -0.14, 3 -0.14, 3 -0.14, 3 -0.14, 3 -0.14, 3 -0.14, 4 -0.15, 4 -0.15, 4 -0.15, 5 -0.17, 5 -0.17, 6 -0.19, 
5% 
4 9.04, 349 1.05, 2 -0.11, 2 -0.11, 2 -0.11, 2 -0.11, 2 -0.11, 2 -0.11, 2 -0.11, 2 -0.11, 2 -0.11, 2 -0.11, 2 -0.11, 2 -0.11, 2 -0.11, 2 -0.11, 2 -0.11, 3 -0.14, 3 -0.14, 3 -0.14, 3 -0.14, 3 -0.14, 3 -0.14, 4 -0.15, 4 -0.15, 4 -0.15, 5 -0.17, 6 -0.19, 
6% 
4 9.04, 341 1.09, 2 -0.11, 2 -0.11, 2 -0.11, 2 -0.11, 2 -0.11, 2 -0.11, 2 -0.11, 2 -0.11, 2 -0.11, 2 -0.11, 2 -0.11, 2 -0.11, 2 -0.11, 2 -0.11, 2 -0.11, 3 -0.14, 3 -0.14, 3 -0.14, 3 -0.14, 3 -0.14, 4 -0.15, 4 -0.15, 4 -0.15, 4 -0.15, 5 -0.17, 6 -0.19, 
7% 
4 9.04, 328 1.18, 2 -0.11, 2 -0.11, 2 -0.11, 2 -0.11, 2 -0.11, 2 -0.11, 2 -0.11, 2 -0.11, 2 -0.11, 2 -0.11, 2 -0.11, 2 -0.11, 2 -0.11, 2 -0.11, 2 -0.11, 2 -0.11, 3 -0.14, 3 -0.14, 3 -0.14, 3 -0.14, 3 -0.14, 4 -0.15, 4 -0.15, 4 -0.15, 4 -0.15, 5 -0.17, 6 -0.19, 
8% 
4 9.04, 325 1.19, 2 -0.11, 2 -0.11, 2 -0.11, 2 -0.11, 2 -0.11, 2 -0.11, 2 -0.11, 2 -0.11, 2 -0.11, 2 -0.11, 2 -0.11, 2 -0.11, 2 -0.11, 2 -0.11, 2 -0.11, 2 -0.11, 3 -0.14, 3 -0.14, 3 -0.14, 3 -0.14, 3 -0.14, 4 -0.15, 4 -0.15, 4 -0.15, 4 -0.15, 5 -0.17, 6 -0.19, 
9% 
4 9.04, 324 1.73, 2 -0.11, 2 -0.11, 2 -0.11, 2 -0.11, 2 -0.11, 2 -0.11, 2 -0.11, 2 -0.11, 2 -0.11, 2 -0.11, 2 -0.11, 2 -0.11, 2 -0.11, 2 -0.11, 2 -0.11, 2 -0.11, 2 -0.11, 2 -0.11, 3 -0.14, 3 -0.14, 3 -0.14, 4 -0.15, 4 -0.15, 4 -0.15, 4 -0.15, 5 -0.17, 6 -0.19, 
10% 
4 9.04, 315 2.47, 2 -0.11, 2 -0.11, 2 -0.11, 2 -0.11, 2 -0.11, 2 -0.11, 2 -0.11, 2 -0.11, 2 -0.11, 2 -0.11, 2 -0.11, 2 -0.11, 2 -0.11, 2 -0.11, 2 -0.11, 2 -0.11, 2 -0.11, 2 -0.11, 3 -0.14, 3 -0.14, 3 -0.14, 3 -0.14, 4 -0.15, 4 -0.15, 4 -0.15, 5 -0.17, 6 -0.19, 
11% 
4 9.04, 3 7.17, 264 2.93, 2 -0.11, 2 -0.11, 2 -0.11, 2 -0.11, 2 -0.11, 2 -0.11, 2 -0.11, 2 -0.11, 2 -0.11, 2 -0.11, 2 -0.11, 2 -0.11, 2 -0.11, 2 -0.11, 2 -0.11, 2 -0.11, 2 -0.11, 2 -0.11, 2 -0.11, 3 -0.14, 3 -0.14, 3 -0.14, 3 -0.14, 3 -0.14, 3 -0.14, 4 -0.15, 4 -0.15, 4 -0.15, 5 -0.17, 6 -0.19, 32 -0.44, 
12% 
4 9.04, 3 7.17, 278 3.31, 2 -0.11, 2 -0.11, 2 -0.11, 2 -0.11, 2 -0.11, 2 -0.11, 2 -0.11, 2 -0.11, 2 -0.11, 2 -0.11, 2 -0.11, 2 -0.11, 2 -0.11, 2 -0.11, 2 -0.11, 2 -0.11, 2 -0.11, 2 -0.11, 2 -0.11, 3 -0.14, 3 -0.14, 3 -0.14, 3 -0.14, 3 -0.14, 3 -0.14, 4 -0.15, 4 -0.15, 4 -0.15, 4 -0.15, 5 -0.17, 6 -0.19, 9 -0.24, 
13% 
4 9.04, 3 7.17, 272 3.36, 2 -0.11, 2 -0.11, 2 -0.11, 2 -0.11, 2 -0.11, 2 -0.11, 2 -0.11, 2 -0.11, 2 -0.11, 2 -0.11, 2 -0.11, 2 -0.11, 2 -0.11, 2 -0.11, 2 -0.11, 2 -0.11, 2 -0.11, 2 -0.11, 2 -0.11, 3 -0.14, 3 -0.14, 3 -0.14, 3 -0.14, 3 -0.14, 3 -0.14, 4 -0.15, 4 -0.15, 4 -0.15, 4 -0.15, 5 -0.17, 6 -0.19, 9 -0.24, 
14% 
4 9.04, 3 7.17, 253 2.96, 2 -0.11, 2 -0.11, 2 -0.11, 2 -0.11, 2 -0.11, 2 -0.11, 2 -0.11, 2 -0.11, 2 -0.11, 2 -0.11, 2 -0.11, 2 -0.11, 2 -0.11, 2 -0.11, 2 -0.11, 2 -0.11, 2 -0.11, 2 -0.11, 2 -0.11, 2 -0.11, 3 -0.14, 3 -0.14, 3 -0.14, 3 -0.14, 3 -0.14, 3 -0.14, 4 -0.15, 4 -0.15, 4 -0.15, 4 -0.15, 4 -0.15, 6 -0.19, 9 -0.24, 
15% 
4 9.04, 2 7.63, 3 7.17, 248 3.66, 2 -0.11, 2 -0.11, 2 -0.11, 2 -0.11, 2 -0.11, 2 -0.11, 2 -0.11, 2 -0.11, 2 -0.11, 2 -0.11, 2 -0.11, 2 -0.11, 2 -0.11, 2 -0.11, 2 -0.11, 2 -0.11, 2 -0.11, 2 -0.11, 2 -0.11, 3 -0.14, 3 -0.14, 3 -0.14, 3 -0.14, 3 -0.14, 3 -0.14, 4 -0.15, 4 -0.15, 4 -0.15, 4 -0.15, 4 -0.15, 6 -0.19, 9 -0.24, 
16% 
4 9.04, 2 7.63, 3 7.17, 224 4.02, 2 -0.11, 2 -0.11, 2 -0.11, 2 -0.11, 2 -0.11, 2 -0.11, 2 -0.11, 2 -0.11, 2 -0.11, 2 -0.11, 2 -0.11, 2 -0.11, 2 -0.11, 2 -0.11, 2 -0.11, 2 -0.11, 2 -0.11, 2 -0.11, 2 -0.11, 3 -0.14, 3 -0.14, 3 -0.14, 3 -0.14, 3 -0.14, 4 -0.15, 4 -0.15, 4 -0.15, 4 -0.15, 4 -0.15, 6 -0.19, 9 -0.24, 18 -0.33, 
17% 
4 9.04, 2 7.63, 3 7.17, 237 5.08, 2 -0.11, 2 -0.11, 2 -0.11, 2 -0.11, 2 -0.11, 2 -0.11, 2 -0.11, 2 -0.11, 2 -0.11, 2 -0.11, 2 -0.11, 2 -0.11, 2 -0.11, 2 -0.11, 2 -0.11, 2 -0.11, 2 -0.11, 3 -0.14, 3 -0.14, 3 -0.14, 3 -0.14, 3 -0.14, 4 -0.15, 4 -0.15, 4 -0.15, 4 -0.15, 6 -0.19, 6 -0.19, 9 -0.24, 
18% 
4 9.04, 2 7.63, 3 7.17, 232 5.17, 2 -0.11, 2 -0.11, 2 -0.11, 2 -0.11, 2 -0.11, 2 -0.11, 2 -0.11, 2 -0.11, 2 -0.11, 2 -0.11, 2 -0.11, 2 -0.11, 2 -0.11, 2 -0.11, 2 -0.11, 2 -0.11, 2 -0.11, 2 -0.11, 3 -0.14, 3 -0.14, 3 -0.14, 3 -0.14, 4 -0.15, 4 -0.15, 4 -0.15, 4 -0.15, 6 -0.19, 6 -0.19, 8 -0.23, 
19% 
3 9.6, 2 7.63, 3 7.17, 230 5.18, 2 -0.11, 2 -0.11, 2 -0.11, 2 -0.11, 2 -0.11, 2 -0.11, 2 -0.11, 2 -0.11, 2 -0.11, 2 -0.11, 2 -0.11, 2 -0.11, 2 -0.11, 2 -0.11, 2 -0.11, 2 -0.11, 3 -0.14, 3 -0.14, 3 -0.14, 3 -0.14, 4 -0.15, 4 -0.15, 4 -0.15, 4 -0.15, 6 -0.19, 6 -0.19, 8 -0.23, 
20% 
3 9.6, 2 7.63, 3 7.17, 227 6.25, 2 -0.11, 2 -0.11, 2 -0.11, 2 -0.11, 2 -0.11, 2 -0.11, 2 -0.11, 2 -0.11, 2 -0.11, 2 -0.11, 2 -0.11, 2 -0.11, 2 -0.11, 2 -0.11, 2 -0.11, 2 -0.11, 3 -0.14, 3 -0.14, 3 -0.14, 3 -0.14, 4 -0.15, 4 -0.15, 4 -0.15, 4 -0.15, 6 -0.19, 6 -0.19, 8 -0.23, 
21% 
3 9.6, 2 7.63, 3 7.17, 222 6.38, 2 -0.11, 2 -0.11, 2 -0.11, 2 -0.11, 2 -0.11, 2 -0.11, 2 -0.11, 2 -0.11, 2 -0.11, 2 -0.11, 2 -0.11, 2 -0.11, 2 -0.11, 2 -0.11, 2 -0.11, 2 -0.11, 3 -0.14, 3 -0.14, 3 -0.14, 3 -0.14, 4 -0.15, 4 -0.15, 4 -0.15, 4 -0.15, 6 -0.19, 6 -0.19, 8 -0.23, 
22% 
3 9.6, 2 7.63, 3 7.17, 212 6.62, 2 -0.11, 2 -0.11, 2 -0.11, 2 -0.11, 2 -0.11, 2 -0.11, 2 -0.11, 2 -0.11, 2 -0.11, 2 -0.11, 2 -0.11, 2 -0.11, 2 -0.11, 2 -0.11, 2 -0.11, 2 -0.11, 2 -0.11, 3 -0.14, 3 -0.14, 3 -0.14, 3 -0.14, 4 -0.15, 4 -0.15, 4 -0.15, 4 -0.15, 6 -0.19, 6 -0.19, 8 -0.23, 
23% 
3 9.6, 2 7.63, 3 7.17, 210 6.69, 2 -0.11, 2 -0.11, 2 -0.11, 2 -0.11, 2 -0.11, 2 -0.11, 2 -0.11, 2 -0.11, 2 -0.11, 2 -0.11, 2 -0.11, 2 -0.11, 2 -0.11, 2 -0.11, 2 -0.11, 2 -0.11, 2 -0.11, 3 -0.14, 3 -0.14, 3 -0.14, 3 -0.14, 3 -0.14, 4 -0.15, 4 -0.15, 4 -0.15, 6 -0.19, 6 -0.19, 8 -0.23, 
24% 
3 9.6, 2 7.63, 3 7.17, 207 6.74, 2 -0.11, 2 -0.11, 2 -0.11, 2 -0.11, 2 -0.11, 2 -0.11, 2 -0.11, 2 -0.11, 2 -0.11, 2 -0.11, 2 -0.11, 2 -0.11, 2 -0.11, 2 -0.11, 2 -0.11, 2 -0.11, 2 -0.11, 3 -0.14, 3 -0.14, 3 -0.14, 3 -0.14, 3 -0.14, 4 -0.15, 4 -0.15, 4 -0.15, 6 -0.19, 6 -0.19, 8 -0.23, 
25% 
3 9.6, 2 7.63, 3 7.17, 203 6.84, 2 -0.11, 2 -0.11, 2 -0.11, 2 -0.11, 2 -0.11, 2 -0.11, 2 -0.11, 2 -0.11, 2 -0.11, 2 -0.11, 2 -0.11, 2 -0.11, 2 -0.11, 2 -0.11, 2 -0.11, 3 -0.14, 3 -0.14, 3 -0.14, 3 -0.14, 3 -0.14, 4 -0.15, 4 -0.15, 4 -0.15, 6 -0.19, 6 -0.19, 8 -0.23, 
26% 
3 9.6, 2 7.63, 211 7.4, 3 7.17, 2 -0.11, 2 -0.11, 2 -0.11, 2 -0.11, 2 -0.11, 2 -0.11, 2 -0.11, 2 -0.11, 2 -0.11, 2 -0.11, 2 -0.11, 2 -0.11, 2 -0.11, 2 -0.11, 2 -0.11, 3 -0.14, 3 -0.14, 3 -0.14, 3 -0.14, 3 -0.14, 3 -0.14, 3 -0.14, 4 -0.15, 6 -0.19, 8 -0.23, 
27% 
3 9.6, 2 7.63, 210 7.44, 3 7.17, 5 6.47, 2 -0.11, 2 -0.11, 2 -0.11, 2 -0.11, 2 -0.11, 2 -0.11, 2 -0.11, 2 -0.11, 2 -0.11, 2 -0.11, 2 -0.11, 2 -0.11, 2 -0.11, 2 -0.11, 2 -0.11, 2 -0.11, 3 -0.14, 3 -0.14, 3 -0.14, 3 -0.14, 3 -0.14, 3 -0.14, 4 -0.15, 6 -0.19, 8 -0.23, 
28% 
3 9.6, 209 8.16, 3 7.17, 5 6.47, 2 -0.11, 2 -0.11, 2 -0.11, 2 -0.11, 2 -0.11, 2 -0.11, 2 -0.11, 2 -0.11, 2 -0.11, 2 -0.11, 2 -0.11, 2 -0.11, 2 -0.11, 2 -0.11, 2 -0.11, 2 -0.11, 3 -0.14, 3 -0.14, 3 -0.14, 3 -0.14, 3 -0.14, 3 -0.14, 4 -0.15, 6 -0.19, 8 -0.23, 
29% 
3 9.6, 206 8.23, 3 7.17, 5 6.47, 2 -0.11, 2 -0.11, 2 -0.11, 2 -0.11, 2 -0.11, 2 -0.11, 2 -0.11, 2 -0.11, 2 -0.11, 2 -0.11, 2 -0.11, 2 -0.11, 2 -0.11, 2 -0.11, 2 -0.11, 2 -0.11, 3 -0.14, 3 -0.14, 3 -0.14, 3 -0.14, 3 -0.14, 3 -0.14, 4 -0.15, 6 -0.19, 7 -0.21, 
30% 
3 9.6, 2 9.44, 192 9.36, 5 6.47, 2 -0.11, 2 -0.11, 2 -0.11, 2 -0.11, 2 -0.11, 2 -0.11, 2 -0.11, 2 -0.11, 2 -0.11, 2 -0.11, 2 -0.11, 2 -0.11, 2 -0.11, 2 -0.11, 2 -0.11, 2 -0.11, 3 -0.14, 3 -0.14, 3 -0.14, 3 -0.14, 3 -0.14, 3 -0.14, 4 -0.15, 6 -0.19, 7 -0.21, 10 -0.26, 
31% 
192 10.11, 3 9.6, 2 9.44, 5 6.47, 2 -0.11, 2 -0.11, 2 -0.11, 2 -0.11, 2 -0.11, 2 -0.11, 2 -0.11, 2 -0.11, 2 -0.11, 2 -0.11, 2 -0.11, 2 -0.11, 2 -0.11, 2 -0.11, 2 -0.11, 2 -0.11, 3 -0.14, 3 -0.14, 3 -0.14, 3 -0.14, 3 -0.14, 3 -0.14, 6 -0.19, 7 -0.21, 9 -0.24, 
32% 
192 10.01, 3 9.6, 2 9.44, 2 7.63, 5 6.47, 2 -0.11, 2 -0.11, 2 -0.11, 2 -0.11, 2 -0.11, 2 -0.11, 2 -0.11, 2 -0.11, 2 -0.11, 2 -0.11, 2 -0.11, 2 -0.11, 2 -0.11, 2 -0.11, 3 -0.14, 3 -0.14, 3 -0.14, 3 -0.14, 3 -0.14, 3 -0.14, 6 -0.19, 6 -0.19, 9 -0.24, 
33% 
189 10.01, 3 9.6, 2 9.44, 2 7.63, 5 6.47, 2 -0.11, 2 -0.11, 2 -0.11, 2 -0.11, 2 -0.11, 2 -0.11, 2 -0.11, 2 -0.11, 2 -0.11, 2 -0.11, 2 -0.11, 2 -0.11, 2 -0.11, 3 -0.14, 3 -0.14, 3 -0.14, 3 -0.14, 3 -0.14, 3 -0.14, 6 -0.19, 6 -0.19, 9 -0.24, 
34% 
187 10.04, 3 9.6, 2 9.44, 2 7.63, 5 6.47, 2 -0.11, 2 -0.11, 2 -0.11, 2 -0.11, 2 -0.11, 2 -0.11, 2 -0.11, 2 -0.11, 2 -0.11, 2 -0.11, 2 -0.11, 2 -0.11, 2 -0.11, 3 -0.14, 3 -0.14, 3 -0.14, 3 -0.14, 3 -0.14, 6 -0.19, 6 -0.19, 9 -0.24, 
35% 
190 10.75, 3 9.6, 2 9.44, 5 6.47, 2 -0.11, 2 -0.11, 2 -0.11, 2 -0.11, 2 -0.11, 2 -0.11, 2 -0.11, 2 -0.11, 2 -0.11, 2 -0.11, 2 -0.11, 2 -0.11, 2 -0.11, 3 -0.14, 3 -0.14, 3 -0.14, 3 -0.14, 3 -0.14, 6 -0.19, 6 -0.19, 8 -0.23, 
36% 
189 10.76, 3 9.6, 2 9.44, 5 6.47, 2 -0.11, 2 -0.11, 2 -0.11, 2 -0.11, 2 -0.11, 2 -0.11, 2 -0.11, 2 -0.11, 2 -0.11, 2 -0.11, 2 -0.11, 2 -0.11, 2 -0.11, 3 -0.14, 3 -0.14, 3 -0.14, 3 -0.14, 3 -0.14, 5 -0.17, 6 -0.19, 8 -0.23, 
37% 
185 10.84, 3 9.6, 2 9.44, 5 6.47, 2 -0.11, 2 -0.11, 2 -0.11, 2 -0.11, 2 -0.11, 2 -0.11, 2 -0.11, 2 -0.11, 2 -0.11, 2 -0.11, 2 -0.11, 2 -0.11, 2 -0.11, 2 -0.11, 3 -0.14, 3 -0.14, 3 -0.14, 3 -0.14, 3 -0.14, 4 -0.15, 5 -0.17, 6 -0.19, 
38% 
203 11.54, 2 9.44, 5 6.47, 2 -0.11, 2 -0.11, 2 -0.11, 2 -0.11, 2 -0.11, 2 -0.11, 2 -0.11, 2 -0.11, 2 -0.11, 2 -0.11, 2 -0.11, 2 -0.11, 2 -0.11, 3 -0.14, 3 -0.14, 3 -0.14, 3 -0.14, 3 -0.14, 4 -0.15, 5 -0.17, 6 -0.19, 
39% 
200 11.64, 2 9.44, 5 6.47, 2 -0.11, 2 -0.11, 2 -0.11, 2 -0.11, 2 -0.11, 2 -0.11, 2 -0.11, 2 -0.11, 2 -0.11, 2 -0.11, 2 -0.11, 2 -0.11, 3 -0.14, 3 -0.14, 3 -0.14, 3 -0.14, 3 -0.14, 4 -0.15, 5 -0.17, 5 -0.17, 
40% 
196 11.8, 2 9.44, 5 6.47, 2 -0.11, 2 -0.11, 2 -0.11, 2 -0.11, 2 -0.11, 2 -0.11, 2 -0.11, 2 -0.11, 2 -0.11, 2 -0.11, 2 -0.11, 3 -0.14, 3 -0.14, 3 -0.14, 3 -0.14, 3 -0.14, 4 -0.15, 4 -0.15, 5 -0.17, 
41% 
193 11.92, 2 9.44, 5 6.47, 2 -0.11, 2 -0.11, 2 -0.11, 2 -0.11, 2 -0.11, 2 -0.11, 2 -0.11, 2 -0.11, 2 -0.11, 2 -0.11, 3 -0.14, 3 -0.14, 3 -0.14, 3 -0.14, 3 -0.14, 4 -0.15, 4 -0.15, 5 -0.17, 
42% 
192 11.98, 2 9.44, 5 6.47, 2 -0.11, 2 -0.11, 2 -0.11, 2 -0.11, 2 -0.11, 2 -0.11, 2 -0.11, 2 -0.11, 2 -0.11, 2 -0.11, 3 -0.14, 3 -0.14, 3 -0.14, 3 -0.14, 3 -0.14, 4 -0.15, 5 -0.17, 
43% 
213 12.06, 2 9.44, 5 6.47, 4 5.44, 2 -0.11, 2 -0.11, 2 -0.11, 2 -0.11, 2 -0.11, 2 -0.11, 2 -0.11, 2 -0.11, 2 -0.11, 3 -0.14, 3 -0.14, 3 -0.14, 3 -0.14, 4 -0.15, 5 -0.17, 
44% 
181 12.56, 2 9.44, 5 6.47, 4 5.44, 27 1.31, 2 -0.11, 2 -0.11, 2 -0.11, 2 -0.11, 2 -0.11, 2 -0.11, 2 -0.11, 2 -0.11, 2 -0.11, 3 -0.14, 3 -0.14, 3 -0.14, 3 -0.14, 4 -0.15, 5 -0.17, 
45% 
185 13.14, 2 9.44, 4 7.71, 4 5.44, 26 1.35, 2 -0.11, 2 -0.11, 2 -0.11, 2 -0.11, 2 -0.11, 2 -0.11, 2 -0.11, 2 -0.11, 2 -0.11, 2 -0.11, 3 -0.14, 3 -0.14, 3 -0.14, 4 -0.15, 5 -0.17, 
46% 
181 13.32, 2 9.44, 4 7.71, 4 5.44, 25 1.38, 2 -0.11, 2 -0.11, 2 -0.11, 2 -0.11, 2 -0.11, 2 -0.11, 2 -0.11, 2 -0.11, 2 -0.11, 2 -0.11, 3 -0.14, 3 -0.14, 3 -0.14, 3 -0.14, 5 -0.17, 
47% 
181 13.32, 2 9.44, 4 7.71, 4 5.44, 25 1.38, 2 -0.11, 2 -0.11, 2 -0.11, 2 -0.11, 2 -0.11, 2 -0.11, 2 -0.11, 2 -0.11, 2 -0.11, 3 -0.14, 3 -0.14, 3 -0.14, 3 -0.14, 5 -0.17, 
48% 
181 13.32, 2 9.44, 4 7.71, 4 5.44, 24 1.42, 2 -0.11, 2 -0.11, 2 -0.11, 2 -0.11, 2 -0.11, 2 -0.11, 2 -0.11, 2 -0.11, 3 -0.14, 3 -0.14, 3 -0.14, 3 -0.14, 5 -0.17, 
49% 
181 13.32, 2 9.44, 4 7.71, 4 5.44, 22 1.47, 2 -0.11, 2 -0.11, 2 -0.11, 2 -0.11, 2 -0.11, 2 -0.11, 2 -0.11, 2 -0.11, 3 -0.14, 3 -0.14, 3 -0.14, 3 -0.14, 5 -0.17, 
50% 
181 13.32, 2 9.44, 4 7.71, 4 5.44, 22 1.47, 2 -0.11, 2 -0.11, 2 -0.11, 2 -0.11, 2 -0.11, 2 -0.11, 2 -0.11, 2 -0.11, 3 -0.14, 3 -0.14, 3 -0.14, 3 -0.14, 5 -0.17, 
51% 
181 13.32, 2 9.44, 4 7.71, 4 5.44, 21 1.53, 2 -0.11, 2 -0.11, 2 -0.11, 2 -0.11, 2 -0.11, 2 -0.11, 2 -0.11, 3 -0.14, 3 -0.14, 3 -0.14, 3 -0.14, 5 -0.17, 
52% 
175 13.6, 2 9.44, 4 7.71, 4 5.44, 21 1.53, 2 -0.11, 2 -0.11, 2 -0.11, 2 -0.11, 2 -0.11, 2 -0.11, 3 -0.14, 3 -0.14, 3 -0.14, 3 -0.14, 5 -0.17, 
53% 
156 14.55, 2 9.44, 4 7.71, 4 5.44, 21 1.53, 2 -0.11, 2 -0.11, 2 -0.11, 2 -0.11, 2 -0.11, 2 -0.11, 2 -0.11, 3 -0.14, 3 -0.14, 3 -0.14, 3 -0.14, 5 -0.17, 12 -0.28, 
54% 
155 14.6, 2 9.44, 3 8.2, 4 5.44, 21 1.53, 2 -0.11, 2 -0.11, 2 -0.11, 2 -0.11, 2 -0.11, 2 -0.11, 2 -0.11, 3 -0.14, 3 -0.14, 3 -0.14, 3 -0.14, 5 -0.17, 12 -0.28, 
55% 
154 14.65, 2 9.44, 3 8.2, 5 6.24, 4 5.44, 21 1.53, 2 -0.11, 2 -0.11, 2 -0.11, 2 -0.11, 2 -0.11, 2 -0.11, 2 -0.11, 3 -0.14, 3 -0.14, 3 -0.14, 3 -0.14, 5 -0.17, 12 -0.28, 
56% 
155 15.96, 2 9.44, 3 8.2, 5 6.24, 4 5.44, 20 1.57, 2 -0.11, 2 -0.11, 2 -0.11, 2 -0.11, 2 -0.11, 2 -0.11, 2 -0.11, 3 -0.14, 3 -0.14, 3 -0.14, 3 -0.14, 5 -0.17, 12 -0.28, 
57% 
153 16.04, 2 9.44, 3 8.2, 5 6.24, 4 5.44, 20 1.57, 2 -0.11, 2 -0.11, 2 -0.11, 2 -0.11, 2 -0.11, 2 -0.11, 2 -0.11, 3 -0.14, 3 -0.14, 3 -0.14, 3 -0.14, 5 -0.17, 12 -0.28, 
58% 
153 16.04, 2 9.44, 3 8.2, 4 7.44, 4 5.44, 19 1.62, 2 -0.11, 2 -0.11, 2 -0.11, 2 -0.11, 2 -0.11, 2 -0.11, 2 -0.11, 3 -0.14, 3 -0.14, 3 -0.14, 3 -0.14, 5 -0.17, 12 -0.28, 
59% 
151 16.11, 2 9.44, 3 8.2, 4 7.44, 4 5.44, 19 1.62, 2 -0.11, 2 -0.11, 2 -0.11, 2 -0.11, 2 -0.11, 2 -0.11, 2 -0.11, 3 -0.14, 3 -0.14, 3 -0.14, 3 -0.14, 5 -0.17, 12 -0.28, 
60% 
148 16.22, 2 9.44, 3 8.2, 4 7.44, 4 5.44, 19 1.62, 2 -0.11, 2 -0.11, 2 -0.11, 2 -0.11, 2 -0.11, 2 -0.11, 2 -0.11, 3 -0.14, 3 -0.14, 3 -0.14, 3 -0.14, 4 -0.15, 12 -0.28, 
61% 
127 16.64, 2 9.44, 3 8.2, 4 7.44, 4 5.44, 19 1.62, 2 -0.11, 2 -0.11, 2 -0.11, 2 -0.11, 2 -0.11, 2 -0.11, 2 -0.11, 3 -0.14, 3 -0.14, 3 -0.14, 3 -0.14, 4 -0.15, 12 -0.28, 
62% 
126 16.68, 2 9.44, 3 8.2, 4 7.44, 4 5.44, 19 1.62, 2 -0.11, 2 -0.11, 2 -0.11, 2 -0.11, 2 -0.11, 2 -0.11, 2 -0.11, 3 -0.14, 3 -0.14, 3 -0.14, 3 -0.14, 4 -0.15, 10 -0.26, 
63% 
124 17.72, 2 9.44, 3 8.2, 4 7.44, 4 5.44, 18 1.69, 2 -0.11, 2 -0.11, 2 -0.11, 2 -0.11, 2 -0.11, 2 -0.11, 2 -0.11, 3 -0.14, 3 -0.14, 3 -0.14, 4 -0.15, 10 -0.26, 
64% 
129 18.21, 2 9.44, 3 8.2, 4 7.44, 18 1.69, 2 -0.11, 2 -0.11, 2 -0.11, 2 -0.11, 2 -0.11, 2 -0.11, 2 -0.11, 3 -0.14, 3 -0.14, 3 -0.14, 4 -0.15, 10 -0.26, 
65% 
138 18.94, 2 9.44, 3 8.2, 4 7.44, 17 1.75, 2 -0.11, 2 -0.11, 2 -0.11, 2 -0.11, 2 -0.11, 2 -0.11, 3 -0.14, 3 -0.14, 4 -0.15, 10 -0.26, 
66% 
136 19.2, 2 9.44, 2 8.83, 3 8.2, 4 7.44, 17 1.75, 2 -0.11, 2 -0.11, 2 -0.11, 2 -0.11, 2 -0.11, 2 -0.11, 3 -0.14, 3 -0.14, 4 -0.15, 10 -0.26, 
67% 
134 19.35, 2 9.44, 2 8.83, 3 8.2, 3 7.91, 16 1.81, 2 -0.11, 2 -0.11, 2 -0.11, 2 -0.11, 2 -0.11, 2 -0.11, 3 -0.14, 3 -0.14, 4 -0.15, 10 -0.26, 
68% 
133 19.36, 2 9.44, 2 8.83, 3 8.2, 3 7.91, 16 1.81, 2 -0.11, 2 -0.11, 2 -0.11, 2 -0.11, 2 -0.11, 2 -0.11, 3 -0.14, 3 -0.14, 4 -0.15, 10 -0.26, 
69% 
133 19.36, 2 9.44, 2 8.83, 3 8.2, 3 7.91, 26 2.18, 16 1.81, 2 -0.11, 2 -0.11, 2 -0.11, 2 -0.11, 2 -0.11, 3 -0.14, 3 -0.14, 4 -0.15, 10 -0.26, 
70% 
149 20.38, 2 9.44, 2 8.83, 3 8.2, 26 2.18, 16 1.81, 2 -0.11, 2 -0.11, 2 -0.11, 2 -0.11, 2 -0.11, 2 -0.11, 3 -0.14, 4 -0.15, 10 -0.26, 
71% 
149 20.38, 2 9.44, 2 8.83, 3 8.2, 26 2.18, 15 1.86, 2 -0.11, 2 -0.11, 2 -0.11, 2 -0.11, 2 -0.11, 2 -0.11, 3 -0.14, 4 -0.15, 9 -0.24, 
72% 
145 20.75, 2 9.44, 2 8.83, 3 8.2, 26 2.18, 15 1.86, 2 -0.11, 2 -0.11, 2 -0.11, 2 -0.11, 2 -0.11, 2 -0.11, 2 -0.11, 4 -0.15, 9 -0.24, 
73% 
144 20.85, 2 9.44, 2 8.83, 3 8.2, 26 2.18, 14 1.95, 2 -0.11, 2 -0.11, 2 -0.11, 2 -0.11, 2 -0.11, 2 -0.11, 2 -0.11, 4 -0.15, 9 -0.24, 
74% 
144 20.85, 2 9.44, 2 8.83, 3 8.2, 25 2.21, 14 1.95, 2 -0.11, 2 -0.11, 2 -0.11, 2 -0.11, 2 -0.11, 2 -0.11, 2 -0.11, 4 -0.15, 9 -0.24, 
75% 
141 21.03, 2 9.44, 2 8.83, 3 8.2, 25 2.21, 14 1.95, 2 -0.11, 2 -0.11, 2 -0.11, 2 -0.11, 2 -0.11, 2 -0.11, 2 -0.11, 2 -0.11, 4 -0.15, 6 -0.19, 
76% 
139 21.25, 2 9.44, 2 8.83, 3 8.2, 25 2.21, 14 1.95, 2 -0.11, 2 -0.11, 2 -0.11, 2 -0.11, 2 -0.11, 2 -0.11, 2 -0.11, 2 -0.11, 4 -0.15, 5 -0.17, 
77% 
137 21.42, 2 9.44, 2 8.83, 3 8.2, 25 2.21, 14 1.95, 2 -0.11, 2 -0.11, 2 -0.11, 2 -0.11, 2 -0.11, 2 -0.11, 2 -0.11, 2 -0.11, 4 -0.15, 5 -0.17, 
78% 
136 21.59, 2 9.44, 2 8.83, 3 8.2, 25 2.21, 14 1.95, 2 -0.11, 2 -0.11, 2 -0.11, 2 -0.11, 2 -0.11, 2 -0.11, 2 -0.11, 2 -0.11, 4 -0.15, 5 -0.17, 
79% 
135 21.69, 2 9.44, 2 8.83, 3 8.2, 24 2.26, 13 2.05, 2 -0.11, 2 -0.11, 2 -0.11, 2 -0.11, 2 -0.11, 2 -0.11, 2 -0.11, 2 -0.11, 4 -0.15, 4 -0.15, 
80% 
133 21.76, 2 9.44, 2 8.83, 3 8.2, 24 2.26, 13 2.05, 2 -0.11, 2 -0.11, 2 -0.11, 2 -0.11, 2 -0.11, 2 -0.11, 2 -0.11, 2 -0.11, 4 -0.15, 4 -0.15, 
81% 
133 21.76, 2 9.44, 2 8.83, 3 8.2, 24 2.26, 13 2.05, 2 -0.11, 2 -0.11, 2 -0.11, 2 -0.11, 2 -0.11, 2 -0.11, 2 -0.11, 2 -0.11, 4 -0.15, 4 -0.15, 
82% 
133 21.76, 2 9.44, 2 8.83, 3 8.2, 24 2.26, 12 2.12, 2 -0.11, 2 -0.11, 2 -0.11, 2 -0.11, 2 -0.11, 2 -0.11, 2 -0.11, 2 -0.11, 4 -0.15, 4 -0.15, 
83% 
131 21.9, 2 9.44, 2 8.83, 3 8.2, 24 2.26, 11 2.25, 2 -0.11, 2 -0.11, 2 -0.11, 2 -0.11, 2 -0.11, 2 -0.11, 2 -0.11, 2 -0.11, 4 -0.15, 4 -0.15, 
84% 
129 22.12, 2 9.44, 2 8.83, 3 8.2, 23 2.33, 11 2.25, 2 -0.11, 2 -0.11, 2 -0.11, 2 -0.11, 2 -0.11, 2 -0.11, 2 -0.11, 2 -0.11, 4 -0.15, 4 -0.15, 
85% 
127 22.37, 2 9.44, 2 8.83, 3 8.2, 23 2.33, 11 2.25, 2 -0.11, 2 -0.11, 2 -0.11, 2 -0.11, 2 -0.11, 2 -0.11, 2 -0.11, 2 -0.11, 4 -0.15, 4 -0.15, 
86% 
125 22.55, 2 9.44, 2 8.83, 3 8.2, 10 2.39, 23 2.33, 2 -0.11, 2 -0.11, 2 -0.11, 2 -0.11, 2 -0.11, 2 -0.11, 2 -0.11, 2 -0.11, 4 -0.15, 4 -0.15, 
87% 
123 22.7, 2 9.44, 2 8.83, 3 8.2, 21 2.42, 10 2.39, 2 -0.11, 2 -0.11, 2 -0.11, 2 -0.11, 2 -0.11, 2 -0.11, 2 -0.11, 2 -0.11, 4 -0.15, 4 -0.15, 
88% 
121 22.86, 2 9.44, 2 8.83, 3 8.2, 9 2.55, 21 2.42, 2 -0.11, 2 -0.11, 2 -0.11, 2 -0.11, 2 -0.11, 2 -0.11, 2 -0.11, 4 -0.15, 4 -0.15, 
89% 
120 23.04, 2 9.44, 2 8.83, 3 8.2, 9 2.55, 21 2.42, 2 -0.11, 2 -0.11, 2 -0.11, 2 -0.11, 2 -0.11, 2 -0.11, 2 -0.11, 4 -0.15, 4 -0.15, 
90% 
120 23.87, 2 9.44, 2 8.83, 3 8.2, 9 2.55, 21 2.42, 2 -0.11, 2 -0.11, 2 -0.11, 2 -0.11, 2 -0.11, 2 -0.11, 2 -0.11, 4 -0.15, 4 -0.15, 
91% 
117 24.07, 2 9.44, 2 8.83, 3 8.2, 9 2.55, 19 2.54, 2 -0.11, 2 -0.11, 2 -0.11, 2 -0.11, 2 -0.11, 2 -0.11, 2 -0.11, 4 -0.15, 
92% 
115 24.27, 2 9.44, 2 8.83, 3 8.2, 18 2.65, 9 2.55, 2 -0.11, 2 -0.11, 2 -0.11, 2 -0.11, 2 -0.11, 2 -0.11, 4 -0.15, 
93% 
113 24.5, 2 9.44, 2 8.83, 3 8.2, 18 2.65, 9 2.55, 2 -0.11, 2 -0.11, 2 -0.11, 2 -0.11, 2 -0.11, 2 -0.11, 4 -0.15, 
94% 
113 24.5, 2 9.44, 2 8.83, 3 8.2, 18 2.65, 9 2.55, 2 -0.11, 2 -0.11, 2 -0.11, 2 -0.11, 2 -0.11, 2 -0.11, 4 -0.15, 
95% 
112 24.6, 2 9.44, 2 8.83, 3 8.2, 17 2.72, 9 2.55, 2 -0.11, 2 -0.11, 2 -0.11, 2 -0.11, 2 -0.11, 2 -0.11, 4 -0.15, 
96% 
110 24.78, 2 9.44, 2 8.83, 3 8.2, 17 2.72, 9 2.55, 2 -0.11, 2 -0.11, 2 -0.11, 2 -0.11, 2 -0.11, 2 -0.11, 4 -0.15, 
97% 
108 24.99, 2 9.44, 2 8.83, 3 8.2, 17 2.72, 9 2.55, 2 -0.11, 2 -0.11, 2 -0.11, 2 -0.11, 2 -0.11, 2 -0.11, 4 -0.15, 
98% 
118 26.27, 2 9.44, 2 8.83, 3 8.2, 17 2.72, 2 -0.11, 2 -0.11, 2 -0.11, 2 -0.11, 2 -0.11, 4 -0.15, 
99% 
118 26.27, 2 10.78, 2 9.44, 2 8.83, 17 2.72, 2 -0.11, 2 -0.11, 2 -0.11, 2 -0.11, 4 -0.15, 
100%
113 26.79, 2 10.78, 2 9.44, 2 8.83, 17 2.72, 2 -0.11, 2 -0.11, 2 -0.11, 2 -0.11, 4 -0.15, 
