-sif=/home/safia/anaconda3/lib/R/library/pathfindR/extdata/KEGG.sif
-sig=/home/safia/Documents/pathfindR_Results(3)/active_snw_searches/Iteration_6/active_snw_search/input_for_search.txt
-method=SA
-saTemp0=1
-saTemp1=0.01
-saIter=10000
-geneInitProb=0.115555555555556
-gaPop=400
-gaIter=200
-gaThread=5
-gaMut=0
-grMaxDepth=1
-grSearchDepth=1
-grOverlap=0.5
-grSubNum=1000
8 3.63, 264 0.69, 2 -0.11, 2 -0.11, 2 -0.11, 2 -0.11, 2 -0.11, 2 -0.11, 2 -0.11, 2 -0.11, 2 -0.11, 2 -0.11, 2 -0.11, 2 -0.11, 2 -0.11, 2 -0.11, 2 -0.11, 3 -0.14, 3 -0.14, 3 -0.14, 3 -0.14, 3 -0.14, 3 -0.14, 3 -0.14, 3 -0.14, 4 -0.16, 4 -0.16, 4 -0.16, 4 -0.16, 4 -0.16, 5 -0.17, 5 -0.17, 6 -0.19, 6 -0.19, 6 -0.19, 
Percentage of finished job, node number and score of modules that have more than one node are as follows:
0%
1% 
8 3.63, 249 0.79, 2 -0.11, 2 -0.11, 2 -0.11, 2 -0.11, 2 -0.11, 2 -0.11, 2 -0.11, 2 -0.11, 2 -0.11, 2 -0.11, 2 -0.11, 2 -0.11, 2 -0.11, 2 -0.11, 2 -0.11, 3 -0.14, 3 -0.14, 3 -0.14, 3 -0.14, 3 -0.14, 3 -0.14, 3 -0.14, 3 -0.14, 3 -0.14, 4 -0.16, 4 -0.16, 4 -0.16, 4 -0.16, 5 -0.17, 6 -0.19, 6 -0.19, 6 -0.19, 6 -0.19, 
2% 
8 3.63, 243 0.84, 2 -0.11, 2 -0.11, 2 -0.11, 2 -0.11, 2 -0.11, 2 -0.11, 2 -0.11, 2 -0.11, 2 -0.11, 2 -0.11, 2 -0.11, 2 -0.11, 2 -0.11, 2 -0.11, 2 -0.11, 3 -0.14, 3 -0.14, 3 -0.14, 3 -0.14, 3 -0.14, 3 -0.14, 3 -0.14, 3 -0.14, 3 -0.14, 4 -0.16, 4 -0.16, 4 -0.16, 4 -0.16, 5 -0.17, 6 -0.19, 6 -0.19, 6 -0.19, 6 -0.19, 
3% 
8 3.63, 241 1.69, 2 -0.11, 2 -0.11, 2 -0.11, 2 -0.11, 2 -0.11, 2 -0.11, 2 -0.11, 2 -0.11, 2 -0.11, 2 -0.11, 2 -0.11, 2 -0.11, 2 -0.11, 2 -0.11, 2 -0.11, 3 -0.14, 3 -0.14, 3 -0.14, 3 -0.14, 3 -0.14, 3 -0.14, 3 -0.14, 3 -0.14, 3 -0.14, 4 -0.16, 4 -0.16, 4 -0.16, 4 -0.16, 5 -0.17, 6 -0.19, 6 -0.19, 6 -0.19, 6 -0.19, 
4% 
7 3.86, 221 1.85, 2 -0.11, 2 -0.11, 2 -0.11, 2 -0.11, 2 -0.11, 2 -0.11, 2 -0.11, 2 -0.11, 2 -0.11, 2 -0.11, 2 -0.11, 2 -0.11, 2 -0.11, 2 -0.11, 2 -0.11, 3 -0.14, 3 -0.14, 3 -0.14, 3 -0.14, 3 -0.14, 3 -0.14, 3 -0.14, 3 -0.14, 3 -0.14, 3 -0.14, 4 -0.16, 4 -0.16, 5 -0.17, 5 -0.17, 6 -0.19, 6 -0.19, 6 -0.19, 17 -0.35, 
5% 
8 6.97, 224 3.39, 18 1.8, 2 -0.11, 2 -0.11, 2 -0.11, 2 -0.11, 2 -0.11, 2 -0.11, 2 -0.11, 2 -0.11, 2 -0.11, 2 -0.11, 2 -0.11, 2 -0.11, 2 -0.11, 2 -0.11, 3 -0.14, 3 -0.14, 3 -0.14, 3 -0.14, 3 -0.14, 3 -0.14, 3 -0.14, 3 -0.14, 3 -0.14, 4 -0.16, 4 -0.16, 5 -0.17, 5 -0.17, 6 -0.19, 6 -0.19, 6 -0.19, 
6% 
2 9.86, 8 6.97, 244 3.78, 2 -0.11, 2 -0.11, 2 -0.11, 2 -0.11, 2 -0.11, 2 -0.11, 2 -0.11, 2 -0.11, 2 -0.11, 2 -0.11, 2 -0.11, 2 -0.11, 2 -0.11, 2 -0.11, 3 -0.14, 3 -0.14, 3 -0.14, 3 -0.14, 3 -0.14, 3 -0.14, 3 -0.14, 4 -0.16, 4 -0.16, 5 -0.17, 5 -0.17, 6 -0.19, 6 -0.19, 
7% 
2 9.86, 8 6.97, 239 3.85, 2 -0.11, 2 -0.11, 2 -0.11, 2 -0.11, 2 -0.11, 2 -0.11, 2 -0.11, 2 -0.11, 2 -0.11, 2 -0.11, 2 -0.11, 2 -0.11, 2 -0.11, 2 -0.11, 2 -0.11, 2 -0.11, 3 -0.14, 3 -0.14, 3 -0.14, 3 -0.14, 3 -0.14, 4 -0.16, 4 -0.16, 5 -0.17, 5 -0.17, 6 -0.19, 6 -0.19, 
8% 
2 9.86, 8 6.97, 238 3.86, 2 -0.11, 2 -0.11, 2 -0.11, 2 -0.11, 2 -0.11, 2 -0.11, 2 -0.11, 2 -0.11, 2 -0.11, 2 -0.11, 2 -0.11, 2 -0.11, 2 -0.11, 2 -0.11, 2 -0.11, 2 -0.11, 3 -0.14, 3 -0.14, 3 -0.14, 3 -0.14, 3 -0.14, 3 -0.14, 4 -0.16, 5 -0.17, 5 -0.17, 6 -0.19, 6 -0.19, 
9% 
2 9.86, 8 6.97, 228 4.7, 2 -0.11, 2 -0.11, 2 -0.11, 2 -0.11, 2 -0.11, 2 -0.11, 2 -0.11, 2 -0.11, 2 -0.11, 2 -0.11, 2 -0.11, 2 -0.11, 2 -0.11, 2 -0.11, 2 -0.11, 2 -0.11, 3 -0.14, 3 -0.14, 3 -0.14, 3 -0.14, 3 -0.14, 3 -0.14, 4 -0.16, 4 -0.16, 5 -0.17, 6 -0.19, 6 -0.19, 
10% 
2 9.86, 8 6.97, 224 5.99, 2 -0.11, 2 -0.11, 2 -0.11, 2 -0.11, 2 -0.11, 2 -0.11, 2 -0.11, 2 -0.11, 2 -0.11, 2 -0.11, 2 -0.11, 2 -0.11, 2 -0.11, 2 -0.11, 2 -0.11, 2 -0.11, 3 -0.14, 3 -0.14, 3 -0.14, 3 -0.14, 3 -0.14, 3 -0.14, 4 -0.16, 4 -0.16, 5 -0.17, 6 -0.19, 6 -0.19, 
11% 
2 9.86, 8 6.97, 220 6.04, 2 -0.11, 2 -0.11, 2 -0.11, 2 -0.11, 2 -0.11, 2 -0.11, 2 -0.11, 2 -0.11, 2 -0.11, 2 -0.11, 2 -0.11, 2 -0.11, 2 -0.11, 2 -0.11, 2 -0.11, 3 -0.14, 3 -0.14, 3 -0.14, 3 -0.14, 3 -0.14, 3 -0.14, 4 -0.16, 4 -0.16, 4 -0.16, 6 -0.19, 6 -0.19, 
12% 
2 9.86, 219 7.28, 8 6.97, 2 -0.11, 2 -0.11, 2 -0.11, 2 -0.11, 2 -0.11, 2 -0.11, 2 -0.11, 2 -0.11, 2 -0.11, 2 -0.11, 2 -0.11, 2 -0.11, 2 -0.11, 3 -0.14, 3 -0.14, 3 -0.14, 3 -0.14, 3 -0.14, 3 -0.14, 4 -0.16, 4 -0.16, 4 -0.16, 6 -0.19, 6 -0.19, 
13% 
2 9.86, 214 7.39, 8 6.97, 2 -0.11, 2 -0.11, 2 -0.11, 2 -0.11, 2 -0.11, 2 -0.11, 2 -0.11, 2 -0.11, 2 -0.11, 2 -0.11, 2 -0.11, 2 -0.11, 2 -0.11, 3 -0.14, 3 -0.14, 3 -0.14, 3 -0.14, 3 -0.14, 3 -0.14, 4 -0.16, 4 -0.16, 4 -0.16, 5 -0.17, 6 -0.19, 
14% 
2 9.86, 212 7.44, 8 6.97, 2 -0.11, 2 -0.11, 2 -0.11, 2 -0.11, 2 -0.11, 2 -0.11, 2 -0.11, 2 -0.11, 2 -0.11, 2 -0.11, 2 -0.11, 2 -0.11, 2 -0.11, 2 -0.11, 3 -0.14, 3 -0.14, 3 -0.14, 3 -0.14, 3 -0.14, 3 -0.14, 4 -0.16, 4 -0.16, 5 -0.17, 6 -0.19, 
15% 
2 9.86, 208 7.58, 8 6.97, 2 -0.11, 2 -0.11, 2 -0.11, 2 -0.11, 2 -0.11, 2 -0.11, 2 -0.11, 2 -0.11, 2 -0.11, 2 -0.11, 2 -0.11, 2 -0.11, 2 -0.11, 2 -0.11, 3 -0.14, 3 -0.14, 3 -0.14, 3 -0.14, 3 -0.14, 4 -0.16, 4 -0.16, 5 -0.17, 6 -0.19, 
16% 
2 9.86, 205 7.63, 8 6.97, 2 -0.11, 2 -0.11, 2 -0.11, 2 -0.11, 2 -0.11, 2 -0.11, 2 -0.11, 2 -0.11, 2 -0.11, 2 -0.11, 2 -0.11, 2 -0.11, 2 -0.11, 2 -0.11, 3 -0.14, 3 -0.14, 3 -0.14, 3 -0.14, 3 -0.14, 4 -0.16, 4 -0.16, 5 -0.17, 6 -0.19, 
17% 
2 10.43, 2 9.86, 208 9.11, 2 -0.11, 2 -0.11, 2 -0.11, 2 -0.11, 2 -0.11, 2 -0.11, 2 -0.11, 2 -0.11, 2 -0.11, 2 -0.11, 2 -0.11, 2 -0.11, 2 -0.11, 2 -0.11, 2 -0.11, 3 -0.14, 3 -0.14, 3 -0.14, 3 -0.14, 4 -0.16, 4 -0.16, 5 -0.17, 6 -0.19, 
18% 
2 10.43, 2 9.86, 203 9.25, 2 -0.11, 2 -0.11, 2 -0.11, 2 -0.11, 2 -0.11, 2 -0.11, 2 -0.11, 2 -0.11, 2 -0.11, 2 -0.11, 2 -0.11, 2 -0.11, 2 -0.11, 2 -0.11, 3 -0.14, 3 -0.14, 3 -0.14, 3 -0.14, 3 -0.14, 4 -0.16, 4 -0.16, 5 -0.17, 6 -0.19, 
19% 
2 10.43, 2 9.86, 197 9.44, 2 -0.11, 2 -0.11, 2 -0.11, 2 -0.11, 2 -0.11, 2 -0.11, 2 -0.11, 2 -0.11, 2 -0.11, 2 -0.11, 2 -0.11, 2 -0.11, 2 -0.11, 2 -0.11, 3 -0.14, 3 -0.14, 3 -0.14, 3 -0.14, 3 -0.14, 4 -0.16, 4 -0.16, 5 -0.17, 5 -0.17, 
20% 
2 10.43, 2 9.86, 195 9.48, 2 -0.11, 2 -0.11, 2 -0.11, 2 -0.11, 2 -0.11, 2 -0.11, 2 -0.11, 2 -0.11, 2 -0.11, 2 -0.11, 2 -0.11, 2 -0.11, 2 -0.11, 2 -0.11, 3 -0.14, 3 -0.14, 3 -0.14, 3 -0.14, 3 -0.14, 4 -0.16, 4 -0.16, 5 -0.17, 5 -0.17, 
21% 
2 10.43, 2 9.86, 193 9.58, 4 8.15, 2 -0.11, 2 -0.11, 2 -0.11, 2 -0.11, 2 -0.11, 2 -0.11, 2 -0.11, 2 -0.11, 2 -0.11, 2 -0.11, 2 -0.11, 2 -0.11, 2 -0.11, 3 -0.14, 3 -0.14, 3 -0.14, 3 -0.14, 3 -0.14, 4 -0.16, 4 -0.16, 5 -0.17, 5 -0.17, 
22% 
193 10.68, 2 9.86, 4 8.15, 2 -0.11, 2 -0.11, 2 -0.11, 2 -0.11, 2 -0.11, 2 -0.11, 2 -0.11, 2 -0.11, 2 -0.11, 2 -0.11, 2 -0.11, 2 -0.11, 2 -0.11, 3 -0.14, 3 -0.14, 3 -0.14, 3 -0.14, 3 -0.14, 4 -0.16, 4 -0.16, 5 -0.17, 
23% 
204 11.19, 2 9.86, 4 8.15, 2 -0.11, 2 -0.11, 2 -0.11, 2 -0.11, 2 -0.11, 2 -0.11, 2 -0.11, 2 -0.11, 2 -0.11, 2 -0.11, 2 -0.11, 2 -0.11, 2 -0.11, 3 -0.14, 3 -0.14, 3 -0.14, 3 -0.14, 3 -0.14, 4 -0.16, 4 -0.16, 5 -0.17, 
24% 
193 10.67, 2 9.86, 4 8.15, 2 -0.11, 2 -0.11, 2 -0.11, 2 -0.11, 2 -0.11, 2 -0.11, 2 -0.11, 2 -0.11, 2 -0.11, 2 -0.11, 2 -0.11, 2 -0.11, 2 -0.11, 3 -0.14, 3 -0.14, 3 -0.14, 3 -0.14, 3 -0.14, 3 -0.14, 4 -0.16, 5 -0.17, 
25% 
189 10.8, 2 9.86, 4 8.15, 2 -0.11, 2 -0.11, 2 -0.11, 2 -0.11, 2 -0.11, 2 -0.11, 2 -0.11, 2 -0.11, 2 -0.11, 2 -0.11, 2 -0.11, 2 -0.11, 2 -0.11, 3 -0.14, 3 -0.14, 3 -0.14, 3 -0.14, 3 -0.14, 3 -0.14, 4 -0.16, 5 -0.17, 
26% 
182 12, 2 9.86, 4 8.15, 2 -0.11, 2 -0.11, 2 -0.11, 2 -0.11, 2 -0.11, 2 -0.11, 2 -0.11, 2 -0.11, 2 -0.11, 2 -0.11, 3 -0.14, 3 -0.14, 3 -0.14, 3 -0.14, 3 -0.14, 3 -0.14, 4 -0.16, 5 -0.17, 9 -0.25, 
27% 
181 12.07, 2 9.86, 4 8.15, 2 -0.11, 2 -0.11, 2 -0.11, 2 -0.11, 2 -0.11, 2 -0.11, 2 -0.11, 2 -0.11, 2 -0.11, 2 -0.11, 3 -0.14, 3 -0.14, 3 -0.14, 3 -0.14, 3 -0.14, 3 -0.14, 3 -0.14, 5 -0.17, 9 -0.25, 
28% 
179 12.19, 2 9.86, 4 8.15, 2 -0.11, 2 -0.11, 2 -0.11, 2 -0.11, 2 -0.11, 2 -0.11, 2 -0.11, 2 -0.11, 2 -0.11, 2 -0.11, 3 -0.14, 3 -0.14, 3 -0.14, 3 -0.14, 3 -0.14, 3 -0.14, 3 -0.14, 5 -0.17, 9 -0.25, 
29% 
177 12.25, 2 9.86, 4 8.15, 2 -0.11, 2 -0.11, 2 -0.11, 2 -0.11, 2 -0.11, 2 -0.11, 2 -0.11, 2 -0.11, 2 -0.11, 2 -0.11, 3 -0.14, 3 -0.14, 3 -0.14, 3 -0.14, 3 -0.14, 3 -0.14, 3 -0.14, 5 -0.17, 9 -0.25, 
30% 
168 12.67, 2 9.86, 4 8.15, 2 -0.11, 2 -0.11, 2 -0.11, 2 -0.11, 2 -0.11, 2 -0.11, 2 -0.11, 2 -0.11, 2 -0.11, 2 -0.11, 3 -0.14, 3 -0.14, 3 -0.14, 3 -0.14, 3 -0.14, 3 -0.14, 3 -0.14, 5 -0.17, 6 -0.19, 9 -0.25, 
31% 
143 12.62, 2 9.86, 4 8.15, 21 2.28, 2 -0.11, 2 -0.11, 2 -0.11, 2 -0.11, 2 -0.11, 2 -0.11, 2 -0.11, 2 -0.11, 2 -0.11, 3 -0.14, 3 -0.14, 3 -0.14, 3 -0.14, 3 -0.14, 3 -0.14, 3 -0.14, 5 -0.17, 6 -0.19, 9 -0.25, 
32% 
139 12.79, 2 9.86, 4 8.15, 21 2.28, 2 -0.11, 2 -0.11, 2 -0.11, 2 -0.11, 2 -0.11, 2 -0.11, 2 -0.11, 2 -0.11, 2 -0.11, 3 -0.14, 3 -0.14, 3 -0.14, 3 -0.14, 3 -0.14, 3 -0.14, 3 -0.14, 4 -0.16, 6 -0.19, 9 -0.25, 
33% 
134 13.02, 2 9.86, 4 8.15, 21 2.28, 2 -0.11, 2 -0.11, 2 -0.11, 2 -0.11, 2 -0.11, 2 -0.11, 2 -0.11, 3 -0.14, 3 -0.14, 3 -0.14, 3 -0.14, 3 -0.14, 3 -0.14, 3 -0.14, 4 -0.16, 6 -0.19, 9 -0.25, 
34% 
152 13.29, 2 9.86, 4 8.15, 2 -0.11, 2 -0.11, 2 -0.11, 2 -0.11, 2 -0.11, 2 -0.11, 2 -0.11, 3 -0.14, 3 -0.14, 3 -0.14, 3 -0.14, 3 -0.14, 3 -0.14, 3 -0.14, 4 -0.16, 6 -0.19, 8 -0.23, 
35% 
149 13.43, 2 9.86, 4 8.15, 2 -0.11, 2 -0.11, 2 -0.11, 2 -0.11, 2 -0.11, 2 -0.11, 2 -0.11, 3 -0.14, 3 -0.14, 3 -0.14, 3 -0.14, 3 -0.14, 3 -0.14, 3 -0.14, 3 -0.14, 6 -0.19, 8 -0.23, 
36% 
141 13.73, 2 9.86, 4 8.15, 2 -0.11, 2 -0.11, 2 -0.11, 2 -0.11, 2 -0.11, 2 -0.11, 2 -0.11, 2 -0.11, 3 -0.14, 3 -0.14, 3 -0.14, 3 -0.14, 3 -0.14, 3 -0.14, 3 -0.14, 3 -0.14, 3 -0.14, 6 -0.19, 8 -0.23, 
37% 
140 13.78, 2 9.86, 2 8.28, 4 8.15, 2 -0.11, 2 -0.11, 2 -0.11, 2 -0.11, 2 -0.11, 2 -0.11, 2 -0.11, 3 -0.14, 3 -0.14, 3 -0.14, 3 -0.14, 3 -0.14, 3 -0.14, 3 -0.14, 3 -0.14, 3 -0.14, 6 -0.19, 8 -0.23, 
38% 
139 13.88, 2 9.86, 2 8.28, 4 8.15, 2 -0.11, 2 -0.11, 2 -0.11, 2 -0.11, 2 -0.11, 2 -0.11, 2 -0.11, 3 -0.14, 3 -0.14, 3 -0.14, 3 -0.14, 3 -0.14, 3 -0.14, 3 -0.14, 3 -0.14, 3 -0.14, 6 -0.19, 8 -0.23, 
39% 
137 13.93, 2 9.86, 2 8.28, 4 8.15, 2 -0.11, 2 -0.11, 2 -0.11, 2 -0.11, 2 -0.11, 2 -0.11, 2 -0.11, 2 -0.11, 3 -0.14, 3 -0.14, 3 -0.14, 3 -0.14, 3 -0.14, 3 -0.14, 3 -0.14, 3 -0.14, 3 -0.14, 5 -0.17, 6 -0.19, 
40% 
138 14.89, 2 9.86, 2 8.28, 4 8.15, 2 -0.11, 2 -0.11, 2 -0.11, 2 -0.11, 2 -0.11, 2 -0.11, 2 -0.11, 2 -0.11, 3 -0.14, 3 -0.14, 3 -0.14, 3 -0.14, 3 -0.14, 3 -0.14, 3 -0.14, 3 -0.14, 5 -0.17, 6 -0.19, 
41% 
134 15.13, 2 9.86, 2 8.28, 4 8.15, 2 -0.11, 2 -0.11, 2 -0.11, 2 -0.11, 2 -0.11, 2 -0.11, 2 -0.11, 2 -0.11, 3 -0.14, 3 -0.14, 3 -0.14, 3 -0.14, 3 -0.14, 3 -0.14, 3 -0.14, 3 -0.14, 5 -0.17, 6 -0.19, 
42% 
133 15.21, 2 9.86, 2 8.28, 4 8.15, 2 -0.11, 2 -0.11, 2 -0.11, 2 -0.11, 2 -0.11, 2 -0.11, 2 -0.11, 2 -0.11, 3 -0.14, 3 -0.14, 3 -0.14, 3 -0.14, 3 -0.14, 3 -0.14, 3 -0.14, 3 -0.14, 4 -0.16, 6 -0.19, 
43% 
135 17.35, 2 9.86, 2 8.28, 2 -0.11, 2 -0.11, 2 -0.11, 2 -0.11, 2 -0.11, 2 -0.11, 2 -0.11, 2 -0.11, 2 -0.11, 2 -0.11, 3 -0.14, 3 -0.14, 3 -0.14, 3 -0.14, 3 -0.14, 3 -0.14, 3 -0.14, 4 -0.16, 6 -0.19, 
44% 
133 17.52, 2 9.86, 2 8.28, 2 -0.11, 2 -0.11, 2 -0.11, 2 -0.11, 2 -0.11, 2 -0.11, 2 -0.11, 2 -0.11, 2 -0.11, 2 -0.11, 3 -0.14, 3 -0.14, 3 -0.14, 3 -0.14, 3 -0.14, 3 -0.14, 3 -0.14, 4 -0.16, 6 -0.19, 
45% 
133 17.52, 2 9.86, 2 8.28, 5 4.37, 2 -0.11, 2 -0.11, 2 -0.11, 2 -0.11, 2 -0.11, 2 -0.11, 2 -0.11, 2 -0.11, 2 -0.11, 3 -0.14, 3 -0.14, 3 -0.14, 3 -0.14, 3 -0.14, 3 -0.14, 6 -0.19, 
46% 
132 17.59, 2 9.86, 2 8.28, 5 4.37, 2 -0.11, 2 -0.11, 2 -0.11, 2 -0.11, 2 -0.11, 2 -0.11, 2 -0.11, 2 -0.11, 2 -0.11, 3 -0.14, 3 -0.14, 3 -0.14, 3 -0.14, 3 -0.14, 3 -0.14, 6 -0.19, 
47% 
128 18.85, 2 9.86, 2 8.28, 5 4.37, 2 -0.11, 2 -0.11, 2 -0.11, 2 -0.11, 2 -0.11, 2 -0.11, 2 -0.11, 2 -0.11, 2 -0.11, 3 -0.14, 3 -0.14, 3 -0.14, 3 -0.14, 3 -0.14, 3 -0.14, 6 -0.19, 
48% 
127 18.99, 2 9.86, 2 8.28, 5 4.37, 2 -0.11, 2 -0.11, 2 -0.11, 2 -0.11, 2 -0.11, 2 -0.11, 2 -0.11, 2 -0.11, 2 -0.11, 3 -0.14, 3 -0.14, 3 -0.14, 3 -0.14, 3 -0.14, 3 -0.14, 6 -0.19, 
49% 
126 19.08, 2 9.86, 2 8.28, 5 4.37, 8 4.31, 2 -0.11, 2 -0.11, 2 -0.11, 2 -0.11, 2 -0.11, 2 -0.11, 2 -0.11, 2 -0.11, 3 -0.14, 3 -0.14, 3 -0.14, 3 -0.14, 3 -0.14, 3 -0.14, 6 -0.19, 
50% 
128 19.75, 2 9.86, 2 8.28, 8 4.31, 2 -0.11, 2 -0.11, 2 -0.11, 2 -0.11, 2 -0.11, 2 -0.11, 2 -0.11, 2 -0.11, 3 -0.14, 3 -0.14, 3 -0.14, 3 -0.14, 3 -0.14, 3 -0.14, 5 -0.17, 
51% 
112 19.79, 2 9.86, 2 8.28, 8 4.31, 11 3.34, 2 -0.11, 2 -0.11, 2 -0.11, 2 -0.11, 2 -0.11, 2 -0.11, 2 -0.11, 2 -0.11, 3 -0.14, 3 -0.14, 3 -0.14, 3 -0.14, 3 -0.14, 3 -0.14, 5 -0.17, 
52% 
110 20.09, 2 9.86, 2 8.28, 8 4.31, 11 3.34, 2 -0.11, 2 -0.11, 2 -0.11, 2 -0.11, 2 -0.11, 2 -0.11, 2 -0.11, 2 -0.11, 3 -0.14, 3 -0.14, 3 -0.14, 3 -0.14, 3 -0.14, 3 -0.14, 5 -0.17, 
53% 
108 20.2, 2 9.86, 2 8.28, 8 4.31, 11 3.34, 2 -0.11, 2 -0.11, 2 -0.11, 2 -0.11, 2 -0.11, 2 -0.11, 2 -0.11, 2 -0.11, 3 -0.14, 3 -0.14, 3 -0.14, 3 -0.14, 3 -0.14, 3 -0.14, 5 -0.17, 
54% 
106 20.45, 2 9.86, 2 8.28, 8 4.31, 10 3.52, 2 -0.11, 2 -0.11, 2 -0.11, 2 -0.11, 2 -0.11, 2 -0.11, 2 -0.11, 2 -0.11, 2 -0.11, 3 -0.14, 3 -0.14, 3 -0.14, 3 -0.14, 3 -0.14, 5 -0.17, 
55% 
103 20.65, 2 9.86, 2 8.28, 8 4.31, 10 3.52, 2 -0.11, 2 -0.11, 2 -0.11, 2 -0.11, 2 -0.11, 2 -0.11, 2 -0.11, 2 -0.11, 2 -0.11, 3 -0.14, 3 -0.14, 3 -0.14, 3 -0.14, 3 -0.14, 5 -0.17, 
56% 
103 20.65, 2 9.86, 2 8.28, 8 4.31, 5 3.72, 10 3.52, 2 -0.11, 2 -0.11, 2 -0.11, 2 -0.11, 2 -0.11, 2 -0.11, 2 -0.11, 2 -0.11, 2 -0.11, 3 -0.14, 3 -0.14, 3 -0.14, 3 -0.14, 3 -0.14, 5 -0.17, 
57% 
101 20.93, 2 9.86, 2 8.28, 8 4.31, 5 3.72, 9 3.62, 2 -0.11, 2 -0.11, 2 -0.11, 2 -0.11, 2 -0.11, 2 -0.11, 2 -0.11, 2 -0.11, 2 -0.11, 3 -0.14, 3 -0.14, 3 -0.14, 3 -0.14, 5 -0.17, 
58% 
101 20.93, 2 9.86, 2 8.28, 8 4.31, 5 3.72, 9 3.62, 2 -0.11, 2 -0.11, 2 -0.11, 2 -0.11, 2 -0.11, 2 -0.11, 2 -0.11, 2 -0.11, 2 -0.11, 3 -0.14, 3 -0.14, 3 -0.14, 3 -0.14, 5 -0.17, 
59% 
100 21.1, 2 9.86, 2 8.28, 8 4.31, 4 4.17, 9 3.62, 2 -0.11, 2 -0.11, 2 -0.11, 2 -0.11, 2 -0.11, 2 -0.11, 2 -0.11, 2 -0.11, 2 -0.11, 3 -0.14, 3 -0.14, 3 -0.14, 5 -0.17, 
60% 
99 21.34, 2 9.86, 2 8.28, 8 4.31, 4 4.17, 9 3.62, 2 -0.11, 2 -0.11, 2 -0.11, 2 -0.11, 2 -0.11, 2 -0.11, 2 -0.11, 2 -0.11, 3 -0.14, 3 -0.14, 3 -0.14, 5 -0.17, 
61% 
97 21.53, 2 9.86, 2 8.28, 8 4.31, 4 4.17, 9 3.62, 2 -0.11, 2 -0.11, 2 -0.11, 2 -0.11, 2 -0.11, 2 -0.11, 2 -0.11, 3 -0.14, 3 -0.14, 3 -0.14, 5 -0.17, 
62% 
96 21.65, 2 9.86, 2 8.28, 8 4.31, 4 4.17, 9 3.62, 2 -0.11, 2 -0.11, 2 -0.11, 2 -0.11, 2 -0.11, 2 -0.11, 3 -0.14, 3 -0.14, 3 -0.14, 5 -0.17, 
63% 
109 22.18, 2 9.86, 2 8.28, 8 4.31, 4 4.17, 2 -0.11, 2 -0.11, 2 -0.11, 2 -0.11, 2 -0.11, 2 -0.11, 3 -0.14, 3 -0.14, 3 -0.14, 5 -0.17, 
64% 
105 23.75, 2 9.86, 2 8.28, 8 4.31, 4 4.17, 2 -0.11, 2 -0.11, 2 -0.11, 2 -0.11, 2 -0.11, 3 -0.14, 3 -0.14, 3 -0.14, 5 -0.17, 
65% 
103 23.89, 2 9.86, 2 8.28, 8 4.31, 4 4.17, 2 -0.11, 2 -0.11, 2 -0.11, 2 -0.11, 2 -0.11, 3 -0.14, 3 -0.14, 3 -0.14, 5 -0.17, 
66% 
101 24.22, 2 9.86, 2 8.28, 8 4.31, 4 4.17, 2 -0.11, 2 -0.11, 2 -0.11, 2 -0.11, 2 -0.11, 3 -0.14, 3 -0.14, 3 -0.14, 5 -0.17, 
67% 
99 24.68, 2 9.86, 2 8.28, 8 4.31, 4 4.17, 2 -0.11, 2 -0.11, 2 -0.11, 2 -0.11, 2 -0.11, 3 -0.14, 3 -0.14, 3 -0.14, 5 -0.17, 
68% 
98 24.83, 2 9.86, 2 8.28, 8 4.31, 4 4.17, 2 -0.11, 2 -0.11, 2 -0.11, 2 -0.11, 2 -0.11, 3 -0.14, 3 -0.14, 3 -0.14, 5 -0.17, 
69% 
97 24.9, 2 9.86, 2 8.28, 8 4.31, 4 4.17, 2 -0.11, 2 -0.11, 2 -0.11, 2 -0.11, 2 -0.11, 3 -0.14, 3 -0.14, 3 -0.14, 5 -0.17, 
70% 
95 25.12, 2 9.86, 2 8.28, 8 4.31, 4 4.17, 2 -0.11, 2 -0.11, 2 -0.11, 2 -0.11, 2 -0.11, 3 -0.14, 3 -0.14, 3 -0.14, 5 -0.17, 
71% 
93 25.38, 2 9.86, 2 8.28, 7 4.58, 4 4.17, 2 -0.11, 2 -0.11, 2 -0.11, 2 -0.11, 2 -0.11, 3 -0.14, 3 -0.14, 5 -0.17, 
72% 
90 25.97, 2 9.86, 2 8.28, 7 4.58, 4 4.17, 2 -0.11, 2 -0.11, 2 -0.11, 2 -0.11, 2 -0.11, 3 -0.14, 3 -0.14, 5 -0.17, 
73% 
88 26.2, 2 9.86, 2 8.28, 7 4.58, 4 4.17, 2 -0.11, 2 -0.11, 2 -0.11, 2 -0.11, 3 -0.14, 3 -0.14, 5 -0.17, 
74% 
88 26.2, 2 9.86, 2 8.28, 7 4.58, 4 4.17, 2 -0.11, 2 -0.11, 2 -0.11, 2 -0.11, 3 -0.14, 3 -0.14, 5 -0.17, 
75% 
87 26.26, 2 9.86, 2 8.28, 7 4.58, 4 4.17, 2 -0.11, 2 -0.11, 2 -0.11, 2 -0.11, 3 -0.14, 3 -0.14, 5 -0.17, 
76% 
86 26.46, 2 9.86, 2 8.28, 7 4.58, 4 4.17, 2 -0.11, 2 -0.11, 2 -0.11, 2 -0.11, 3 -0.14, 3 -0.14, 5 -0.17, 
77% 
86 26.46, 2 9.86, 2 8.28, 7 4.58, 4 4.17, 2 -0.11, 2 -0.11, 2 -0.11, 2 -0.11, 3 -0.14, 3 -0.14, 5 -0.17, 
78% 
83 26.96, 2 9.86, 2 8.28, 7 4.58, 4 4.17, 2 -0.11, 2 -0.11, 2 -0.11, 2 -0.11, 3 -0.14, 3 -0.14, 5 -0.17, 
79% 
82 27.19, 2 9.86, 2 8.28, 6 5.06, 4 4.17, 2 -0.11, 2 -0.11, 2 -0.11, 2 -0.11, 3 -0.14, 3 -0.14, 5 -0.17, 
80% 
79 27.62, 2 9.86, 2 8.28, 6 5.06, 4 4.17, 2 -0.11, 2 -0.11, 2 -0.11, 2 -0.11, 3 -0.14, 3 -0.14, 5 -0.17, 
81% 
78 27.81, 2 9.86, 2 8.28, 5 6, 4 4.17, 2 -0.11, 2 -0.11, 2 -0.11, 2 -0.11, 2 -0.11, 3 -0.14, 5 -0.17, 
82% 
77 27.96, 2 9.86, 2 8.28, 5 6, 4 4.17, 2 -0.11, 2 -0.11, 2 -0.11, 2 -0.11, 2 -0.11, 3 -0.14, 5 -0.17, 
83% 
77 27.96, 2 9.86, 2 8.28, 2 6.33, 5 6, 4 4.17, 2 -0.11, 2 -0.11, 2 -0.11, 2 -0.11, 3 -0.14, 5 -0.17, 
84% 
76 28.15, 2 9.86, 2 8.28, 2 6.33, 5 6, 4 4.17, 2 -0.11, 2 -0.11, 2 -0.11, 2 -0.11, 3 -0.14, 5 -0.17, 
85% 
78 28.95, 2 9.86, 2 8.28, 2 6.33, 5 6, 4 4.17, 2 -0.11, 2 -0.11, 2 -0.11, 2 -0.11, 3 -0.14, 5 -0.17, 
86% 
78 28.95, 2 9.86, 2 8.28, 2 6.33, 5 6, 4 4.17, 2 -0.11, 2 -0.11, 2 -0.11, 2 -0.11, 3 -0.14, 5 -0.17, 
87% 
76 29.3, 2 9.86, 2 8.28, 2 6.33, 5 6, 4 4.17, 2 -0.11, 2 -0.11, 2 -0.11, 3 -0.14, 5 -0.17, 
88% 
75 29.42, 2 9.86, 2 8.28, 3 6.99, 2 6.33, 5 6, 4 4.17, 2 -0.11, 2 -0.11, 2 -0.11, 3 -0.14, 5 -0.17, 
89% 
74 29.55, 2 9.86, 2 8.28, 3 6.99, 2 6.33, 5 6, 4 4.17, 2 -0.11, 2 -0.11, 2 -0.11, 3 -0.14, 5 -0.17, 
90% 
73 29.93, 2 9.86, 2 8.28, 3 6.99, 2 6.33, 5 6, 4 4.17, 2 -0.11, 2 -0.11, 2 -0.11, 3 -0.14, 5 -0.17, 
91% 
72 30.12, 2 9.86, 2 8.28, 3 6.99, 2 6.33, 5 6, 4 4.17, 2 -0.11, 2 -0.11, 2 -0.11, 3 -0.14, 5 -0.17, 
92% 
71 30.54, 2 9.86, 2 8.28, 3 6.99, 2 6.33, 5 6, 4 4.17, 2 -0.11, 2 -0.11, 2 -0.11, 3 -0.14, 5 -0.17, 
93% 
70 30.72, 2 9.86, 2 8.28, 3 6.99, 2 6.33, 5 6, 3 4.81, 2 -0.11, 2 -0.11, 2 -0.11, 3 -0.14, 5 -0.17, 
94% 
70 30.72, 2 9.86, 2 8.28, 3 6.99, 2 6.33, 5 6, 3 4.81, 2 -0.11, 2 -0.11, 2 -0.11, 3 -0.14, 5 -0.17, 
95% 
69 30.9, 2 9.86, 2 8.28, 3 6.99, 2 6.33, 5 6, 3 4.81, 9 2.71, 2 -0.11, 2 -0.11, 2 -0.11, 3 -0.14, 5 -0.17, 
96% 
68 31.29, 2 9.86, 2 8.28, 3 6.99, 2 6.33, 5 6, 3 4.81, 9 2.71, 2 -0.11, 2 -0.11, 2 -0.11, 3 -0.14, 5 -0.17, 
97% 
67 31.69, 2 9.86, 2 8.28, 3 6.99, 2 6.33, 5 6, 3 4.81, 9 2.71, 2 -0.11, 2 -0.11, 2 -0.11, 3 -0.14, 5 -0.17, 
98% 
66 31.82, 2 9.86, 2 8.28, 3 6.99, 2 6.33, 5 6, 3 4.81, 9 2.71, 2 -0.11, 2 -0.11, 2 -0.11, 3 -0.14, 5 -0.17, 
99% 
66 31.82, 2 9.86, 2 8.28, 3 6.99, 2 6.33, 5 6, 3 4.81, 9 2.71, 2 -0.11, 2 -0.11, 2 -0.11, 3 -0.14, 4 -0.16, 
100%
66 31.82, 2 9.86, 2 8.63, 2 8.28, 2 6.33, 5 6, 3 4.81, 9 2.71, 2 -0.11, 2 -0.11, 2 -0.11, 3 -0.14, 4 -0.16, 
