-sif=/home/safia/anaconda3/lib/R/library/pathfindR/extdata/KEGG.sif
-sig=/home/safia/Documents/pathfindR_Results(2)/active_snw_searches/Iteration_3/active_snw_search/input_for_search.txt
-method=SA
-saTemp0=1
-saTemp1=0.01
-saIter=10000
-geneInitProb=0.0522222222222222
-gaPop=400
-gaIter=200
-gaThread=5
-gaMut=0
-grMaxDepth=1
-grSearchDepth=1
-grOverlap=0.5
-grSubNum=1000
2 6.71, 7 3.4, 2 3.08, 2 2.44, 4 2.31, 2 1.8, 2 -0.34, 2 -0.34, 2 -0.34, 2 -0.34, 2 -0.34, 2 -0.34, 2 -0.34, 2 -0.34, 2 -0.34, 2 -0.34, 5 -0.54, 5 -0.54, 6 -0.59, 6 -0.59, 63 -0.65, 
Percentage of finished job, node number and score of modules that have more than one node are as follows:
0%
1% 
2 6.71, 2 4.25, 7 3.4, 2 3.08, 2 2.44, 4 2.31, 2 1.8, 6 1.11, 67 0.29, 2 -0.34, 2 -0.34, 2 -0.34, 2 -0.34, 2 -0.34, 2 -0.34, 2 -0.34, 2 -0.34, 2 -0.34, 2 -0.34, 5 -0.54, 6 -0.59, 6 -0.59, 
2% 
2 6.71, 2 4.25, 7 3.4, 2 3.08, 2 2.44, 4 2.31, 2 1.84, 2 1.8, 3 1.67, 6 1.14, 6 1.11, 58 0.58, 2 -0.34, 2 -0.34, 2 -0.34, 2 -0.34, 2 -0.34, 2 -0.34, 2 -0.34, 2 -0.34, 5 -0.54, 6 -0.59, 6 -0.59, 6 -0.59, 
3% 
2 6.71, 6 4.32, 2 4.25, 7 3.4, 2 3.08, 2 2.44, 2 2.19, 2 1.84, 2 1.8, 3 1.67, 6 1.14, 6 1.11, 57 0.62, 2 -0.34, 2 -0.34, 2 -0.34, 2 -0.34, 2 -0.34, 2 -0.34, 2 -0.34, 2 -0.34, 4 -0.48, 6 -0.59, 6 -0.59, 6 -0.59, 
4% 
2 6.71, 6 4.32, 2 4.25, 7 3.4, 2 3.08, 2 2.44, 2 2.19, 2 1.94, 2 1.84, 2 1.8, 3 1.67, 3 1.53, 57 1.12, 6 1.11, 2 -0.34, 2 -0.34, 2 -0.34, 2 -0.34, 2 -0.34, 2 -0.34, 2 -0.34, 2 -0.34, 2 -0.34, 4 -0.48, 6 -0.59, 6 -0.59, 6 -0.59, 
5% 
2 6.71, 6 4.32, 2 4.25, 7 3.4, 2 3.08, 2 2.44, 2 2.19, 2 2.08, 2 1.94, 2 1.84, 2 1.82, 2 1.8, 9 1.79, 3 1.67, 3 1.53, 56 1.16, 2 -0.34, 2 -0.34, 2 -0.34, 2 -0.34, 2 -0.34, 2 -0.34, 2 -0.34, 2 -0.34, 2 -0.34, 6 -0.59, 6 -0.59, 6 -0.59, 
6% 
2 6.71, 6 4.32, 2 4.25, 7 3.4, 2 3.08, 2 2.76, 2 2.44, 2 2.19, 2 2.08, 2 1.94, 2 1.84, 2 1.82, 2 1.8, 9 1.79, 3 1.67, 3 1.53, 55 1.2, 8 1.15, 2 -0.34, 2 -0.34, 2 -0.34, 2 -0.34, 2 -0.34, 2 -0.34, 2 -0.34, 2 -0.34, 2 -0.34, 6 -0.59, 6 -0.59, 6 -0.59, 
7% 
2 6.71, 7 5.52, 2 4.25, 11 3.44, 2 3.08, 2 2.76, 2 2.75, 2 2.44, 2 2.22, 2 2.19, 2 2.08, 2 1.94, 2 1.84, 2 1.82, 2 1.8, 9 1.79, 3 1.67, 55 1.2, 8 1.15, 2 -0.34, 2 -0.34, 2 -0.34, 2 -0.34, 2 -0.34, 2 -0.34, 2 -0.34, 2 -0.34, 2 -0.34, 6 -0.59, 6 -0.59, 6 -0.59, 
8% 
2 6.71, 7 5.52, 23 4.83, 2 4.25, 2 3.08, 2 2.76, 2 2.75, 2 2.44, 2 2.22, 2 2.19, 2 2.08, 2 1.94, 2 1.84, 4 1.83, 2 1.82, 2 1.8, 9 1.79, 3 1.67, 52 1.34, 4 1.32, 6 0.8, 2 -0.34, 2 -0.34, 2 -0.34, 2 -0.34, 2 -0.34, 2 -0.34, 2 -0.34, 3 -0.42, 6 -0.59, 6 -0.59, 
9% 
2 6.71, 2 5.77, 7 5.52, 23 4.83, 2 4.25, 2 3.08, 2 2.76, 2 2.75, 2 2.44, 2 2.22, 2 2.19, 58 2.15, 2 2.08, 2 1.94, 2 1.84, 4 1.83, 2 1.82, 2 1.8, 9 1.79, 3 1.67, 4 1.32, 6 0.8, 2 -0.34, 2 -0.34, 2 -0.34, 2 -0.34, 2 -0.34, 2 -0.34, 2 -0.34, 3 -0.42, 6 -0.59, 6 -0.59, 
10% 
2 6.71, 2 5.77, 27 5.75, 7 5.52, 2 4.25, 2 3.26, 10 3.22, 2 2.76, 4 2.76, 2 2.75, 2 2.44, 2 2.22, 57 2.21, 2 2.19, 2 2.08, 2 1.94, 2 1.84, 4 1.83, 2 1.82, 9 1.79, 3 1.67, 3 1.49, 4 1.32, 6 0.8, 2 -0.34, 2 -0.34, 2 -0.34, 2 -0.34, 2 -0.34, 3 -0.42, 6 -0.59, 6 -0.59, 
11% 
2 6.71, 28 6.25, 2 5.77, 7 5.52, 2 4.25, 2 3.26, 10 3.22, 68 3.02, 2 2.76, 4 2.76, 2 2.75, 2 2.44, 14 2.36, 2 2.22, 2 2.19, 2 1.94, 2 1.84, 2 1.82, 3 1.67, 3 1.49, 4 1.32, 2 -0.34, 2 -0.34, 2 -0.34, 2 -0.34, 2 -0.34, 3 -0.42, 6 -0.59, 6 -0.59, 
12% 
127 7.75, 2 6.71, 5 6.64, 2 5.77, 3 4.33, 2 4.25, 2 3.26, 10 3.22, 4 2.76, 2 2.75, 2 2.44, 2 2.22, 2 2.19, 2 2.06, 4 1.99, 2 1.94, 2 1.84, 2 1.82, 3 1.67, 3 1.49, 4 1.32, 2 -0.34, 2 -0.34, 2 -0.34, 2 -0.34, 2 -0.34, 3 -0.42, 6 -0.59, 6 -0.59, 
13% 
130 9.05, 5 6.64, 2 5.77, 3 4.33, 2 4.25, 5 3.31, 2 3.26, 10 3.22, 4 2.76, 2 2.75, 2 2.44, 2 2.22, 2 2.19, 2 2.06, 2 1.94, 2 1.84, 2 1.82, 3 1.67, 4 1.5, 3 1.49, 4 1.32, 6 1.06, 2 -0.34, 2 -0.34, 2 -0.34, 2 -0.34, 2 -0.34, 3 -0.42, 5 -0.54, 6 -0.59, 
14% 
154 11.32, 2 5.77, 2 4.25, 5 3.31, 2 3.26, 10 3.22, 2 2.75, 2 2.44, 2 2.28, 2 2.22, 2 2.19, 2 2.06, 2 2, 2 1.94, 2 1.84, 2 1.82, 3 1.77, 3 1.67, 4 1.5, 4 1.32, 6 1.06, 8 0.75, 2 -0.34, 2 -0.34, 2 -0.34, 2 -0.34, 5 -0.54, 6 -0.59, 
15% 
156 11.19, 2 5.77, 2 4.25, 8 3.72, 5 3.31, 2 3.26, 2 2.75, 2 2.44, 2 2.28, 2 2.22, 2 2.19, 2 2.06, 2 2, 2 1.94, 2 1.84, 2 1.82, 3 1.77, 3 1.67, 4 1.32, 6 1.06, 8 0.75, 2 -0.34, 2 -0.34, 2 -0.34, 2 -0.34, 5 -0.54, 6 -0.59, 
16% 
179 11.69, 2 5.77, 2 4.25, 3 3.86, 8 3.72, 4 3.71, 2 3.26, 4 3.16, 2 2.75, 2 2.53, 2 2.44, 2 2.28, 2 2.22, 2 2, 2 1.94, 2 1.84, 2 1.82, 4 1.32, 6 1.06, 8 0.75, 2 -0.34, 2 -0.34, 2 -0.34, 2 -0.34, 6 -0.59, 
17% 
193 12.84, 2 5.77, 2 4.25, 3 3.86, 8 3.72, 2 3.26, 4 3.16, 5 3.16, 2 2.86, 2 2.75, 2 2.64, 2 2.53, 2 2.44, 2 2.28, 2 2.22, 2 2, 2 1.94, 2 1.84, 2 1.82, 5 1.26, 8 0.75, 2 -0.34, 2 -0.34, 2 -0.34, 2 -0.34, 6 -0.59, 
18% 
192 13.17, 2 5.77, 5 4.51, 2 4.25, 3 3.86, 8 3.72, 2 3.26, 4 3.16, 5 3.16, 2 2.86, 2 2.64, 2 2.53, 2 2.44, 2 2.36, 2 2.28, 2 2.22, 2 2, 2 1.94, 2 1.84, 2 1.82, 5 1.26, 4 1.12, 8 0.75, 2 -0.34, 2 -0.34, 2 -0.34, 2 -0.34, 6 -0.59, 
19% 
190 13.99, 2 5.77, 5 4.51, 2 4.25, 3 3.86, 8 3.72, 2 3.26, 4 3.16, 5 3.16, 2 2.86, 2 2.64, 2 2.53, 2 2.44, 2 2.36, 2 2.28, 2 2.22, 2 2, 2 1.94, 2 1.84, 2 1.82, 5 1.26, 4 1.12, 8 0.75, 2 -0.34, 2 -0.34, 2 -0.34, 2 -0.34, 6 -0.59, 
20% 
193 14.35, 2 5.77, 5 4.51, 2 4.25, 3 3.86, 8 3.72, 2 3.26, 4 3.16, 5 3.16, 2 2.86, 2 2.64, 2 2.53, 2 2.44, 2 2.36, 2 2.28, 2 2.22, 2 2, 2 1.94, 2 1.84, 2 1.82, 4 1.5, 5 1.26, 4 1.12, 2 -0.34, 2 -0.34, 2 -0.34, 2 -0.34, 6 -0.59, 
21% 
189 14.33, 2 5.77, 5 4.51, 2 4.25, 3 3.86, 8 3.72, 2 3.26, 4 3.16, 5 3.16, 2 2.86, 2 2.64, 2 2.53, 2 2.44, 2 2.36, 2 2.28, 2 2.22, 2 2, 2 1.94, 2 1.84, 2 1.82, 4 1.5, 5 1.26, 4 1.12, 2 -0.34, 2 -0.34, 2 -0.34, 2 -0.34, 6 -0.59, 
22% 
191 15.01, 2 5.77, 5 4.51, 2 4.25, 3 3.86, 8 3.72, 5 3.39, 2 3.26, 4 3.16, 5 3.16, 2 2.86, 2 2.64, 2 2.53, 2 2.44, 2 2.36, 2 2.28, 2 2.22, 2 2, 2 1.94, 2 1.84, 2 1.82, 4 1.5, 3 1.36, 5 1.26, 2 -0.34, 2 -0.34, 2 -0.34, 2 -0.34, 6 -0.59, 
23% 
186 15.69, 2 5.77, 5 4.51, 2 4.25, 3 3.86, 8 3.72, 5 3.39, 2 3.26, 4 3.16, 5 3.16, 2 2.86, 2 2.64, 2 2.53, 2 2.44, 2 2.36, 2 2.28, 7 2.26, 2 2.22, 2 2, 2 1.94, 2 1.84, 2 1.82, 4 1.5, 3 1.36, 5 1.26, 2 -0.34, 2 -0.34, 2 -0.34, 2 -0.34, 6 -0.59, 
24% 
189 16.05, 2 5.77, 5 4.51, 2 4.25, 3 3.86, 8 3.72, 5 3.39, 2 3.26, 4 3.16, 5 3.16, 2 2.86, 2 2.64, 2 2.53, 2 2.44, 2 2.36, 2 2.28, 7 2.26, 2 2.22, 2 2, 2 1.94, 2 1.84, 2 1.82, 4 1.52, 5 1.51, 4 1.5, 3 1.36, 2 -0.34, 2 -0.34, 2 -0.34, 2 -0.34, 6 -0.59, 
25% 
192 16.38, 2 5.77, 9 4.54, 5 4.51, 2 4.25, 3 3.86, 5 3.39, 2 3.26, 4 3.16, 5 3.16, 2 2.86, 2 2.64, 2 2.53, 2 2.44, 2 2.36, 2 2.28, 7 2.26, 2 2.22, 2 2, 2 1.94, 2 1.84, 2 1.82, 4 1.52, 5 1.51, 4 1.5, 3 1.36, 2 -0.34, 2 -0.34, 2 -0.34, 2 -0.34, 6 -0.59, 
26% 
200 16.63, 2 5.77, 9 4.54, 2 4.25, 3 3.86, 5 3.39, 2 3.26, 4 3.16, 5 3.16, 2 2.86, 3 2.66, 2 2.64, 2 2.53, 6 2.51, 2 2.44, 2 2.36, 2 2.28, 2 2.22, 2 2, 2 1.94, 2 1.84, 2 1.82, 4 1.52, 5 1.51, 4 1.5, 3 1.36, 2 -0.34, 2 -0.34, 2 -0.34, 6 -0.59, 
27% 
208 16.88, 2 5.77, 9 4.54, 2 4.25, 3 3.86, 5 3.39, 2 3.26, 4 3.16, 5 3.16, 2 2.86, 3 2.66, 2 2.64, 2 2.53, 6 2.51, 2 2.44, 2 2.36, 2 2.28, 2 2.22, 2 2, 2 1.94, 2 1.84, 2 1.82, 4 1.52, 5 1.51, 3 1.36, 2 -0.34, 2 -0.34, 2 -0.34, 6 -0.59, 
28% 
215 17.28, 2 5.77, 9 4.54, 2 4.25, 3 3.86, 5 3.39, 2 3.26, 4 3.16, 5 3.16, 2 2.86, 3 2.66, 2 2.64, 2 2.53, 2 2.44, 2 2.36, 2 2.28, 2 2.22, 2 2, 2 1.94, 2 1.84, 2 1.82, 4 1.52, 5 1.51, 3 1.36, 2 -0.34, 2 -0.34, 2 -0.34, 6 -0.59, 
29% 
212 17.58, 2 5.77, 9 4.54, 2 4.25, 3 3.86, 5 3.39, 2 3.26, 4 3.16, 5 3.16, 2 2.86, 3 2.66, 2 2.64, 2 2.53, 2 2.44, 2 2.36, 2 2.28, 2 2.22, 8 2.18, 2 2, 2 1.94, 2 1.84, 2 1.82, 4 1.52, 5 1.51, 3 1.36, 2 -0.34, 2 -0.34, 2 -0.34, 6 -0.59, 
30% 
225 18.21, 2 5.77, 9 4.54, 2 4.25, 3 3.86, 2 3.49, 5 3.39, 2 3.26, 4 3.16, 5 3.16, 2 2.86, 3 2.66, 2 2.64, 2 2.53, 2 2.44, 2 2.36, 2 2.28, 2 2.22, 2 2, 2 1.96, 2 1.84, 2 1.82, 4 1.52, 5 1.51, 3 1.36, 6 0.87, 2 -0.34, 2 -0.34, 2 -0.34, 
31% 
219 18.29, 2 5.77, 9 4.54, 2 4.25, 3 3.86, 2 3.49, 5 3.39, 2 3.26, 4 3.16, 5 3.16, 2 2.86, 3 2.66, 2 2.64, 2 2.53, 2 2.44, 2 2.38, 2 2.36, 2 2.28, 2 2.22, 2 2.08, 2 2, 2 1.96, 2 1.84, 2 1.82, 5 1.59, 4 1.52, 5 1.51, 3 1.36, 3 1.36, 4 1.21, 6 0.87, 2 -0.34, 2 -0.34, 2 -0.34, 
32% 
219 18.84, 2 5.77, 9 4.54, 2 4.25, 3 3.86, 8 3.8, 2 3.49, 2 3.26, 4 3.16, 5 3.16, 2 2.86, 3 2.66, 2 2.64, 2 2.53, 2 2.44, 2 2.38, 6 2.29, 2 2.28, 2 2.08, 2 2, 2 1.96, 2 1.84, 2 1.82, 5 1.59, 4 1.52, 5 1.51, 3 1.44, 3 1.36, 4 1.21, 6 0.87, 2 -0.34, 2 -0.34, 2 -0.34, 
33% 
217 18.98, 2 5.77, 5 4.55, 9 4.54, 2 4.25, 3 3.86, 8 3.8, 2 3.49, 2 3.26, 5 3.16, 2 2.86, 3 2.66, 2 2.64, 2 2.53, 2 2.44, 2 2.38, 6 2.29, 2 2.28, 2 2.08, 2 2, 2 1.96, 2 1.84, 2 1.82, 5 1.59, 4 1.52, 5 1.51, 3 1.44, 3 1.36, 4 1.21, 6 0.87, 2 -0.34, 2 -0.34, 2 -0.34, 
34% 
217 19.25, 2 5.77, 5 4.55, 9 4.54, 2 4.25, 3 3.86, 8 3.8, 2 3.49, 2 3.4, 2 3.26, 5 3.16, 2 2.94, 2 2.86, 2 2.64, 2 2.53, 2 2.44, 2 2.38, 6 2.29, 2 2.28, 2 2.08, 2 2, 2 1.96, 2 1.84, 2 1.82, 5 1.59, 4 1.52, 5 1.51, 3 1.44, 3 1.36, 4 1.21, 6 0.87, 2 -0.34, 2 -0.34, 2 -0.34, 
35% 
223 19.69, 2 5.77, 5 4.55, 9 4.54, 2 4.25, 8 3.8, 2 3.49, 2 3.4, 2 3.26, 5 3.16, 2 2.94, 2 2.86, 2 2.64, 2 2.53, 2 2.44, 2 2.38, 6 2.29, 2 2.28, 2 2.08, 2 2, 2 1.96, 2 1.84, 2 1.82, 5 1.59, 4 1.52, 5 1.51, 3 1.44, 3 1.36, 4 1.21, 6 0.87, 2 -0.34, 2 -0.34, 2 -0.34, 
36% 
224 19.89, 2 5.77, 5 4.55, 9 4.54, 2 4.25, 8 3.8, 2 3.49, 2 3.4, 2 3.26, 5 3.16, 2 2.94, 2 2.86, 2 2.64, 2 2.53, 2 2.44, 2 2.38, 6 2.29, 2 2.28, 2 2.08, 2 2, 2 1.96, 4 1.9, 2 1.84, 2 1.82, 4 1.52, 5 1.51, 3 1.44, 3 1.36, 4 1.21, 6 0.87, 2 -0.34, 2 -0.34, 2 -0.34, 
37% 
226 20.7, 2 5.77, 4 5.21, 5 5.06, 9 4.54, 2 4.25, 8 3.8, 2 3.49, 2 3.4, 2 3.35, 2 3.26, 5 3.16, 2 2.94, 2 2.86, 2 2.64, 2 2.53, 2 2.44, 2 2.38, 6 2.29, 2 2.28, 2 2.08, 2 2, 2 1.96, 4 1.9, 2 1.84, 4 1.52, 5 1.51, 3 1.45, 3 1.44, 3 1.36, 6 0.87, 2 -0.34, 2 -0.34, 2 -0.34, 
38% 
224 21.12, 2 5.77, 4 5.21, 5 5.06, 9 4.54, 2 4.25, 8 3.8, 4 3.65, 2 3.49, 2 3.4, 2 3.35, 2 3.26, 2 2.94, 2 2.86, 2 2.64, 2 2.53, 2 2.44, 2 2.38, 6 2.29, 2 2.28, 2 2.19, 2 2.08, 2 2, 2 1.96, 4 1.9, 2 1.84, 4 1.8, 4 1.52, 3 1.45, 3 1.44, 3 1.36, 4 1.12, 6 0.87, 2 -0.34, 2 -0.34, 2 -0.34, 
39% 
235 22.14, 2 5.77, 4 5.21, 9 4.54, 2 4.25, 8 3.8, 4 3.65, 2 3.49, 2 3.4, 2 3.35, 2 3.26, 2 2.94, 2 2.86, 2 2.75, 2 2.64, 5 2.6, 2 2.53, 2 2.44, 2 2.38, 2 2.19, 2 2.08, 2 2, 2 1.96, 4 1.9, 2 1.84, 4 1.8, 4 1.52, 3 1.45, 3 1.44, 3 1.36, 4 1.12, 6 0.87, 6 0.81, 2 -0.34, 2 -0.34, 2 -0.34, 
40% 
235 22.42, 2 5.77, 4 5.21, 5 5.11, 9 4.54, 2 4.25, 8 3.8, 2 3.49, 2 3.4, 2 3.35, 2 3.26, 2 2.94, 2 2.86, 2 2.75, 2 2.64, 5 2.6, 2 2.53, 2 2.44, 2 2.38, 2 2.19, 2 2.08, 2 2, 2 1.96, 4 1.9, 2 1.84, 4 1.8, 4 1.52, 3 1.45, 3 1.44, 3 1.36, 4 1.12, 6 0.87, 6 0.81, 2 -0.34, 2 -0.34, 2 -0.34, 
41% 
234 22.74, 2 5.77, 4 5.21, 5 5.11, 9 4.54, 2 4.25, 8 3.8, 2 3.49, 2 3.4, 2 3.35, 2 3.26, 2 2.94, 2 2.86, 2 2.75, 2 2.64, 5 2.6, 2 2.53, 2 2.44, 2 2.38, 2 2.19, 2 2.08, 2 2, 2 1.96, 4 1.9, 2 1.84, 4 1.8, 3 1.77, 4 1.52, 3 1.45, 3 1.44, 3 1.36, 4 1.12, 6 0.87, 6 0.81, 2 -0.34, 2 -0.34, 2 -0.34, 
42% 
233 23.04, 2 5.77, 4 5.21, 5 5.11, 9 4.54, 2 4.25, 8 3.8, 2 3.49, 3 3.47, 2 3.4, 2 3.35, 2 3.26, 2 2.94, 5 2.91, 2 2.86, 2 2.75, 2 2.64, 5 2.6, 2 2.53, 2 2.44, 2 2.38, 2 2.19, 2 2, 2 1.96, 4 1.9, 2 1.84, 4 1.8, 3 1.8, 4 1.66, 3 1.45, 3 1.44, 3 1.36, 6 0.87, 6 0.81, 2 -0.34, 2 -0.34, 2 -0.34, 
43% 
237 23.59, 2 5.77, 4 5.21, 5 5.11, 9 4.54, 2 4.25, 8 3.8, 6 3.63, 2 3.49, 2 3.4, 2 3.35, 2 3.26, 2 2.94, 5 2.91, 2 2.86, 2 2.75, 2 2.64, 5 2.6, 2 2.53, 2 2.44, 2 2.38, 2 2.28, 2 2.19, 5 2.18, 3 2.11, 2 2, 2 1.96, 4 1.9, 4 1.66, 4 1.64, 3 1.45, 3 1.44, 3 1.36, 6 0.87, 6 0.81, 2 -0.34, 2 -0.34, 2 -0.34, 
44% 
235 23.71, 2 5.77, 4 5.21, 5 5.11, 9 4.54, 2 4.25, 8 3.8, 6 3.63, 2 3.49, 2 3.4, 2 3.35, 2 3.26, 2 2.94, 5 2.91, 2 2.86, 2 2.64, 5 2.6, 2 2.53, 2 2.44, 2 2.38, 2 2.28, 2 2.26, 2 2.19, 5 2.18, 3 2.11, 2 2, 2 1.96, 2 1.92, 4 1.9, 4 1.66, 4 1.64, 3 1.45, 3 1.36, 6 0.87, 6 0.81, 2 -0.34, 2 -0.34, 2 -0.34, 
45% 
230 23.74, 2 5.77, 4 5.21, 5 5.11, 9 4.54, 2 4.25, 5 4.06, 8 3.8, 2 3.49, 2 3.4, 2 3.35, 2 3.26, 2 2.94, 5 2.91, 2 2.86, 2 2.64, 5 2.6, 7 2.56, 2 2.53, 2 2.44, 2 2.38, 2 2.28, 2 2.26, 2 2.19, 5 2.18, 3 2.11, 2 2, 2 1.99, 2 1.96, 2 1.92, 4 1.9, 4 1.66, 4 1.64, 3 1.45, 3 1.36, 6 0.81, 2 -0.34, 2 -0.34, 2 -0.34, 
46% 
236 23.99, 2 5.77, 4 5.21, 5 5.11, 9 4.54, 5 4.06, 8 3.8, 2 3.49, 2 3.4, 2 3.35, 2 3.26, 2 2.94, 5 2.91, 2 2.86, 2 2.64, 5 2.6, 7 2.56, 2 2.53, 2 2.44, 2 2.38, 2 2.28, 2 2.26, 2 2.19, 5 2.18, 3 2.11, 2 2, 2 1.99, 2 1.96, 2 1.92, 4 1.9, 4 1.66, 4 1.64, 3 1.45, 3 1.36, 23 1.1, 6 0.81, 2 -0.34, 2 -0.34, 2 -0.34, 
47% 
243 24.21, 2 5.77, 4 5.21, 5 5.11, 9 4.54, 5 4.06, 8 3.8, 2 3.49, 2 3.4, 2 3.35, 2 3.26, 2 2.94, 5 2.91, 2 2.86, 2 2.64, 5 2.6, 7 2.56, 2 2.53, 2 2.44, 2 2.38, 4 2.35, 2 2.28, 2 2.26, 2 2.19, 5 2.18, 3 2.11, 2 2, 2 1.99, 2 1.96, 3 1.95, 2 1.92, 4 1.9, 3 1.45, 3 1.36, 23 1.1, 6 0.81, 2 -0.34, 2 -0.34, 2 -0.34, 
48% 
245 24.51, 2 5.77, 4 5.21, 5 5.11, 9 4.54, 5 4.06, 8 3.8, 2 3.49, 2 3.4, 2 3.35, 2 3.26, 2 2.94, 5 2.91, 2 2.86, 2 2.64, 5 2.6, 2 2.53, 2 2.44, 2 2.38, 4 2.35, 2 2.28, 2 2.26, 2 2.19, 5 2.18, 3 2.11, 2 2, 2 1.99, 2 1.96, 3 1.95, 2 1.92, 4 1.9, 3 1.45, 3 1.36, 23 1.1, 6 0.81, 2 -0.34, 2 -0.34, 2 -0.34, 
49% 
246 25.07, 2 5.77, 4 5.21, 5 5.11, 9 4.54, 5 4.06, 8 3.8, 2 3.49, 2 3.4, 2 3.35, 2 3.26, 2 2.94, 5 2.91, 2 2.86, 2 2.64, 5 2.6, 2 2.6, 2 2.53, 2 2.44, 2 2.42, 2 2.38, 4 2.35, 2 2.28, 2 2.26, 2 2.19, 5 2.18, 3 2.11, 2 2, 2 1.99, 2 1.96, 3 1.95, 2 1.92, 4 1.9, 3 1.45, 3 1.36, 23 1.1, 6 0.81, 2 -0.34, 2 -0.34, 2 -0.34, 
50% 
250 25.13, 2 5.77, 4 5.21, 5 5.11, 9 4.54, 5 4.06, 8 3.8, 2 3.49, 2 3.4, 2 3.35, 2 3.26, 2 2.94, 5 2.91, 2 2.86, 2 2.64, 5 2.6, 2 2.6, 2 2.53, 2 2.44, 2 2.42, 2 2.38, 4 2.35, 2 2.28, 2 2.26, 2 2.19, 5 2.18, 2 2, 2 1.99, 2 1.96, 3 1.95, 2 1.92, 4 1.9, 3 1.45, 3 1.36, 23 1.1, 6 0.81, 2 -0.34, 2 -0.34, 2 -0.34, 
51% 
257 25.95, 2 5.77, 4 5.21, 5 5.11, 9 4.54, 5 4.06, 8 3.8, 2 3.49, 2 3.4, 2 3.35, 2 3.26, 2 2.94, 5 2.91, 2 2.86, 2 2.64, 5 2.6, 2 2.6, 2 2.53, 2 2.44, 2 2.42, 2 2.38, 4 2.35, 2 2.28, 2 2.26, 2 2.19, 5 2.18, 2 2, 2 1.99, 2 1.96, 3 1.95, 2 1.92, 4 1.9, 3 1.45, 3 1.36, 23 1.1, 6 0.81, 2 -0.34, 2 -0.34, 
52% 
260 26.54, 2 5.77, 4 5.21, 5 5.11, 9 4.54, 5 4.06, 8 3.8, 2 3.49, 2 3.4, 2 3.35, 2 3.26, 2 2.94, 5 2.91, 2 2.86, 2 2.64, 2 2.6, 2 2.53, 2 2.44, 2 2.42, 2 2.38, 4 2.35, 2 2.28, 2 2.26, 2 2.19, 5 2.18, 2 2, 2 1.99, 2 1.96, 3 1.95, 2 1.92, 4 1.9, 3 1.45, 3 1.36, 22 1.18, 6 0.81, 2 -0.34, 2 -0.34, 
53% 
270 27.19, 2 5.77, 4 5.21, 5 5.11, 9 4.54, 8 3.8, 2 3.49, 2 3.4, 2 3.35, 2 3.26, 2 2.94, 5 2.91, 2 2.86, 2 2.64, 2 2.6, 2 2.53, 2 2.44, 2 2.42, 2 2.38, 4 2.35, 2 2.28, 2 2.26, 2 2.19, 5 2.18, 2 2, 2 1.99, 2 1.96, 3 1.95, 2 1.92, 4 1.9, 3 1.45, 3 1.36, 22 1.18, 6 0.81, 2 -0.34, 2 -0.34, 
54% 
271 27.41, 2 5.77, 4 5.21, 5 5.11, 6 4.67, 9 4.54, 2 3.49, 2 3.4, 2 3.35, 2 3.26, 2 2.94, 5 2.91, 2 2.86, 2 2.64, 2 2.6, 2 2.53, 2 2.44, 2 2.42, 2 2.38, 4 2.35, 2 2.28, 2 2.26, 2 2.19, 5 2.18, 2 2, 2 1.99, 2 1.96, 3 1.95, 2 1.92, 4 1.9, 3 1.45, 3 1.36, 21 1.26, 6 0.81, 2 -0.34, 2 -0.34, 
55% 
271 27.62, 2 5.77, 4 5.21, 5 5.11, 6 4.67, 9 4.54, 2 3.49, 2 3.4, 2 3.35, 2 3.26, 2 2.94, 5 2.91, 2 2.86, 2 2.64, 2 2.6, 2 2.53, 2 2.44, 2 2.42, 2 2.38, 4 2.35, 2 2.28, 2 2.26, 2 2.19, 5 2.18, 2 2, 2 1.99, 2 1.96, 3 1.95, 2 1.92, 4 1.9, 2 1.83, 3 1.45, 21 1.26, 5 0.99, 2 -0.34, 2 -0.34, 
56% 
280 28.1, 2 5.77, 4 5.21, 5 5.11, 6 4.67, 2 3.49, 2 3.4, 2 3.35, 2 3.26, 2 2.94, 5 2.91, 2 2.86, 2 2.64, 2 2.6, 2 2.53, 2 2.44, 2 2.42, 2 2.38, 4 2.35, 2 2.28, 2 2.26, 2 2.19, 5 2.18, 2 2, 2 1.99, 2 1.96, 3 1.95, 2 1.92, 4 1.9, 2 1.83, 3 1.45, 20 1.35, 5 0.99, 2 -0.34, 2 -0.34, 
57% 
280 28.33, 2 5.77, 4 5.21, 5 5.11, 6 4.67, 2 3.49, 2 3.4, 2 3.35, 2 3.26, 2 2.94, 5 2.91, 2 2.86, 2 2.64, 2 2.6, 2 2.54, 2 2.53, 2 2.44, 2 2.42, 2 2.38, 4 2.35, 2 2.28, 2 2.26, 2 2.2, 2 2.19, 5 2.18, 2 2, 2 1.99, 2 1.96, 3 1.95, 2 1.92, 4 1.9, 2 1.83, 3 1.45, 20 1.35, 5 0.99, 2 -0.34, 2 -0.34, 
58% 
279 28.36, 2 5.77, 4 5.21, 5 5.11, 6 4.67, 2 3.49, 2 3.4, 2 3.35, 2 3.26, 2 2.94, 5 2.91, 2 2.86, 2 2.64, 8 2.62, 2 2.6, 2 2.54, 2 2.53, 2 2.44, 2 2.42, 2 2.38, 4 2.35, 2 2.28, 2 2.26, 2 2.2, 2 2.19, 2 2, 2 1.99, 2 1.96, 3 1.95, 4 1.9, 2 1.83, 3 1.45, 20 1.35, 5 0.99, 2 -0.34, 2 -0.34, 
59% 
283 28.48, 2 5.77, 4 5.21, 5 5.11, 6 4.67, 2 3.49, 2 3.4, 2 3.35, 2 3.26, 2 2.94, 5 2.91, 2 2.86, 2 2.64, 8 2.62, 2 2.6, 2 2.54, 2 2.53, 2 2.44, 2 2.42, 2 2.38, 4 2.35, 2 2.28, 2 2.26, 2 2.2, 2 2.19, 2 2, 2 1.99, 2 1.96, 3 1.95, 4 1.9, 2 1.83, 18 1.55, 3 1.45, 5 0.99, 2 -0.34, 2 -0.34, 
60% 
282 28.59, 2 5.77, 4 5.21, 5 5.11, 6 4.67, 2 3.49, 2 3.4, 2 3.35, 2 3.26, 2 2.94, 5 2.91, 2 2.86, 2 2.64, 8 2.62, 2 2.6, 2 2.54, 2 2.53, 2 2.44, 2 2.42, 2 2.38, 4 2.35, 2 2.28, 2 2.26, 2 2.2, 2 2.19, 2 2, 2 1.99, 2 1.96, 3 1.95, 4 1.9, 2 1.83, 18 1.55, 3 1.45, 5 0.99, 2 -0.34, 2 -0.34, 
61% 
279 28.8, 2 5.77, 4 5.21, 5 5.11, 6 4.67, 2 3.49, 2 3.4, 2 3.35, 2 3.26, 2 2.94, 5 2.91, 2 2.86, 2 2.64, 8 2.62, 2 2.6, 2 2.54, 2 2.53, 2 2.44, 2 2.42, 2 2.38, 4 2.35, 2 2.28, 2 2.26, 2 2.2, 2 2.19, 2 2, 2 1.99, 2 1.96, 3 1.95, 4 1.9, 2 1.83, 18 1.55, 3 1.45, 5 0.99, 2 -0.34, 2 -0.34, 
62% 
279 29.12, 2 5.77, 4 5.21, 5 5.11, 6 4.67, 2 3.49, 2 3.4, 2 3.35, 2 3.26, 2 2.94, 5 2.91, 2 2.86, 2 2.64, 8 2.62, 2 2.6, 2 2.54, 2 2.53, 2 2.44, 2 2.42, 2 2.38, 4 2.35, 2 2.28, 2 2.26, 2 2.2, 2 2.19, 2 2, 2 1.99, 2 1.96, 3 1.95, 4 1.9, 2 1.83, 18 1.55, 3 1.45, 5 0.99, 2 -0.34, 2 -0.34, 
63% 
278 29.19, 2 5.77, 4 5.21, 5 5.11, 6 4.67, 2 3.49, 2 3.4, 2 3.35, 2 3.26, 2 2.94, 5 2.91, 2 2.86, 2 2.64, 8 2.62, 2 2.6, 2 2.54, 2 2.53, 2 2.44, 2 2.42, 2 2.38, 4 2.35, 2 2.28, 2 2.26, 2 2.2, 2 2.19, 2 2, 2 1.99, 2 1.96, 3 1.95, 4 1.9, 2 1.83, 18 1.55, 3 1.45, 5 0.99, 10 0.31, 2 -0.34, 2 -0.34, 
64% 
278 29.19, 2 5.77, 4 5.21, 5 5.11, 6 4.67, 2 3.49, 2 3.4, 2 3.35, 2 3.26, 2 2.94, 5 2.91, 2 2.86, 2 2.64, 8 2.62, 2 2.6, 2 2.54, 2 2.53, 2 2.44, 2 2.42, 2 2.38, 4 2.35, 2 2.28, 2 2.26, 2 2.2, 2 2.19, 2 2, 2 1.99, 2 1.96, 3 1.95, 4 1.9, 2 1.83, 18 1.55, 3 1.45, 5 0.99, 9 0.41, 2 -0.34, 2 -0.34, 
65% 
282 29.4, 2 5.77, 4 5.21, 5 5.11, 6 4.67, 2 3.49, 2 3.4, 2 3.35, 2 3.26, 2 2.94, 5 2.91, 2 2.86, 2 2.67, 2 2.64, 8 2.62, 2 2.6, 2 2.54, 2 2.53, 2 2.44, 2 2.42, 2 2.38, 4 2.35, 2 2.28, 2 2.26, 2 2.2, 2 2.19, 2 2, 2 1.99, 2 1.96, 3 1.95, 4 1.9, 2 1.83, 18 1.55, 3 1.45, 4 1.2, 5 0.99, 8 0.51, 2 -0.34, 2 -0.34, 
66% 
281 29.78, 2 5.77, 5 5.11, 6 4.67, 2 3.49, 2 3.4, 2 3.35, 2 3.26, 2 2.94, 5 2.91, 2 2.86, 2 2.67, 2 2.64, 8 2.62, 2 2.6, 2 2.54, 2 2.53, 2 2.44, 2 2.42, 2 2.38, 2 2.36, 4 2.35, 2 2.28, 2 2.26, 2 2.2, 2 2.19, 2 2, 2 1.99, 2 1.96, 3 1.95, 4 1.9, 2 1.83, 2 1.82, 18 1.55, 3 1.45, 4 1.2, 5 0.99, 8 0.51, 2 -0.34, 2 -0.34, 
67% 
281 29.78, 2 5.77, 5 5.11, 6 4.67, 2 3.49, 2 3.4, 2 3.35, 2 3.26, 2 2.94, 5 2.91, 2 2.86, 3 2.71, 2 2.67, 2 2.64, 8 2.62, 2 2.6, 2 2.54, 2 2.53, 2 2.44, 2 2.42, 2 2.38, 2 2.36, 2 2.28, 2 2.26, 2 2.2, 2 2.19, 2 2, 2 1.99, 2 1.96, 3 1.95, 4 1.9, 2 1.83, 2 1.82, 18 1.55, 3 1.45, 4 1.2, 5 0.99, 8 0.51, 2 -0.34, 2 -0.34, 
68% 
280 30.05, 2 5.77, 5 5.11, 6 4.67, 2 3.49, 2 3.4, 2 3.35, 2 3.26, 2 2.94, 5 2.91, 2 2.86, 3 2.71, 2 2.67, 2 2.64, 8 2.62, 2 2.6, 2 2.54, 2 2.53, 2 2.44, 2 2.42, 2 2.38, 2 2.36, 2 2.28, 2 2.26, 2 2.2, 2 2.19, 2 2, 2 1.99, 2 1.96, 3 1.95, 4 1.9, 2 1.83, 3 1.82, 2 1.82, 18 1.55, 3 1.45, 4 1.2, 5 0.99, 7 0.66, 2 -0.34, 2 -0.34, 
69% 
279 30.08, 2 5.77, 5 5.11, 6 4.67, 2 3.49, 2 3.4, 2 3.35, 2 3.26, 2 2.94, 5 2.91, 2 2.86, 3 2.71, 2 2.67, 2 2.64, 8 2.62, 2 2.6, 2 2.54, 2 2.53, 2 2.44, 2 2.42, 2 2.38, 2 2.36, 2 2.28, 2 2.26, 2 2.2, 2 2.19, 2 2, 2 1.99, 2 1.96, 3 1.95, 4 1.9, 2 1.83, 3 1.82, 2 1.82, 18 1.55, 3 1.45, 4 1.2, 5 0.99, 7 0.66, 2 -0.34, 2 -0.34, 
70% 
280 30.79, 5 5.11, 6 4.67, 2 3.49, 2 3.4, 2 3.35, 2 3.26, 7 2.99, 2 2.94, 5 2.91, 2 2.86, 3 2.71, 2 2.67, 2 2.64, 2 2.6, 2 2.54, 2 2.54, 2 2.53, 2 2.44, 2 2.42, 2 2.38, 2 2.36, 2 2.28, 2 2.26, 2 2.2, 2 2.19, 2 2, 2 1.99, 2 1.96, 3 1.95, 4 1.9, 2 1.83, 3 1.82, 2 1.82, 18 1.55, 3 1.45, 4 1.2, 5 0.99, 7 0.66, 2 -0.34, 2 -0.34, 
71% 
278 30.89, 5 5.11, 6 4.67, 2 3.49, 2 3.4, 4 3.37, 2 3.35, 2 3.26, 7 2.99, 2 2.94, 2 2.86, 3 2.71, 2 2.67, 2 2.64, 2 2.6, 2 2.54, 2 2.54, 2 2.53, 2 2.44, 2 2.42, 2 2.38, 2 2.36, 2 2.28, 2 2.26, 2 2.2, 2 2.19, 2 2, 2 1.99, 2 1.97, 2 1.96, 3 1.95, 4 1.9, 2 1.83, 3 1.82, 2 1.82, 3 1.6, 18 1.55, 3 1.45, 4 1.22, 4 1.2, 6 0.79, 2 -0.34, 2 -0.34, 
72% 
280 31, 5 5.11, 6 4.67, 2 3.49, 2 3.4, 4 3.37, 2 3.35, 2 3.26, 7 2.99, 2 2.94, 2 2.86, 3 2.71, 2 2.67, 2 2.64, 2 2.6, 2 2.54, 2 2.54, 2 2.53, 2 2.44, 2 2.42, 2 2.38, 5 2.36, 2 2.36, 2 2.28, 2 2.26, 2 2.2, 2 2.19, 2 2.11, 2 2, 2 1.97, 2 1.96, 3 1.95, 4 1.9, 2 1.83, 3 1.82, 2 1.82, 18 1.55, 3 1.45, 4 1.22, 4 1.2, 5 0.97, 2 -0.34, 
73% 
281 31.49, 5 5.11, 6 4.67, 2 3.49, 2 3.4, 4 3.37, 2 3.35, 2 3.26, 7 2.99, 2 2.94, 2 2.86, 3 2.71, 2 2.67, 2 2.64, 2 2.6, 2 2.54, 2 2.54, 2 2.53, 2 2.44, 2 2.42, 2 2.38, 5 2.36, 2 2.36, 2 2.28, 2 2.26, 2 2.2, 2 2.19, 2 2.11, 2 2, 2 1.97, 2 1.96, 3 1.95, 4 1.9, 2 1.83, 3 1.82, 2 1.82, 18 1.55, 3 1.45, 4 1.22, 4 1.2, 5 0.97, 2 -0.34, 
74% 
279 31.57, 4 5.83, 6 4.67, 2 3.49, 2 3.4, 4 3.37, 2 3.35, 2 3.26, 7 2.99, 2 2.94, 2 2.86, 3 2.71, 2 2.67, 2 2.64, 2 2.6, 2 2.54, 2 2.54, 2 2.53, 2 2.44, 2 2.42, 2 2.38, 5 2.36, 2 2.36, 2 2.28, 2 2.26, 2 2.2, 2 2.19, 2 2.11, 2 2, 2 1.97, 2 1.96, 3 1.95, 4 1.9, 2 1.83, 3 1.82, 2 1.82, 16 1.78, 7 1.65, 3 1.45, 4 1.22, 4 1.2, 5 0.97, 7 0.71, 2 -0.34, 
75% 
281 31.73, 4 5.83, 6 4.67, 2 3.49, 2 3.4, 4 3.37, 2 3.35, 2 3.26, 7 2.99, 2 2.94, 2 2.86, 3 2.71, 2 2.67, 2 2.64, 2 2.6, 2 2.54, 2 2.54, 2 2.53, 2 2.44, 2 2.42, 2 2.38, 5 2.36, 2 2.28, 2 2.26, 2 2.2, 2 2.19, 2 2.11, 2 2, 2 1.97, 2 1.96, 3 1.95, 4 1.9, 2 1.83, 3 1.82, 2 1.82, 16 1.78, 7 1.65, 3 1.45, 4 1.22, 4 1.2, 5 0.97, 7 0.71, 2 -0.34, 
76% 
281 31.73, 4 5.83, 6 4.67, 2 3.49, 2 3.4, 4 3.37, 2 3.35, 2 3.26, 7 2.99, 2 2.94, 2 2.86, 3 2.71, 2 2.67, 2 2.64, 2 2.6, 2 2.54, 2 2.54, 2 2.53, 2 2.44, 2 2.42, 2 2.38, 5 2.36, 2 2.28, 2 2.26, 2 2.2, 2 2.19, 2 2.11, 2 2, 2 1.97, 2 1.96, 3 1.95, 4 1.9, 2 1.83, 3 1.82, 2 1.82, 16 1.78, 7 1.65, 3 1.45, 4 1.22, 4 1.2, 5 0.97, 7 0.71, 2 -0.34, 
77% 
281 31.73, 4 5.83, 6 4.67, 2 3.49, 2 3.4, 4 3.37, 2 3.35, 2 3.26, 16 3.25, 2 2.94, 2 2.93, 2 2.86, 3 2.71, 2 2.67, 2 2.64, 2 2.6, 2 2.54, 2 2.54, 2 2.53, 2 2.44, 2 2.42, 2 2.38, 5 2.36, 2 2.26, 2 2.2, 2 2.19, 2 2.11, 2 2, 2 1.97, 2 1.96, 3 1.95, 4 1.9, 2 1.83, 3 1.82, 2 1.82, 16 1.78, 7 1.65, 4 1.22, 4 1.2, 5 0.97, 7 0.71, 2 -0.34, 
78% 
278 31.88, 4 5.83, 6 4.67, 2 3.49, 2 3.4, 4 3.37, 2 3.35, 2 3.26, 16 3.25, 2 2.94, 2 2.93, 2 2.86, 3 2.71, 2 2.67, 2 2.64, 2 2.6, 2 2.54, 2 2.54, 2 2.53, 2 2.44, 2 2.42, 2 2.38, 5 2.36, 2 2.26, 2 2.2, 2 2.19, 2 2.11, 2 2, 2 1.97, 2 1.96, 3 1.95, 4 1.9, 2 1.83, 3 1.82, 2 1.82, 16 1.78, 7 1.65, 4 1.22, 4 1.2, 5 0.97, 7 0.71, 2 -0.34, 
79% 
278 32.17, 4 5.83, 6 4.67, 2 3.49, 2 3.4, 4 3.37, 2 3.35, 2 3.26, 16 3.25, 2 2.94, 2 2.93, 2 2.86, 3 2.71, 2 2.67, 2 2.64, 2 2.6, 2 2.54, 2 2.54, 2 2.54, 2 2.53, 2 2.44, 2 2.42, 2 2.38, 5 2.36, 2 2.26, 2 2.2, 2 2.19, 2 2.11, 2 2, 2 1.97, 2 1.96, 4 1.9, 2 1.83, 3 1.82, 2 1.82, 16 1.78, 7 1.65, 4 1.22, 4 1.2, 5 0.97, 7 0.71, 2 -0.34, 
80% 
281 32.78, 4 5.83, 3 5.32, 6 4.67, 2 3.49, 2 3.4, 4 3.37, 2 3.35, 2 3.26, 16 3.25, 2 2.94, 2 2.93, 2 2.86, 3 2.71, 2 2.67, 2 2.64, 2 2.6, 2 2.54, 2 2.54, 2 2.54, 2 2.53, 2 2.44, 2 2.42, 2 2.38, 5 2.36, 2 2.26, 2 2.2, 2 2.19, 2 2.11, 2 2, 2 1.96, 4 1.9, 3 1.88, 2 1.83, 3 1.82, 2 1.82, 16 1.78, 7 1.65, 4 1.22, 4 1.2, 5 0.97, 7 0.71, 2 -0.34, 
81% 
282 32.96, 4 5.83, 3 5.32, 6 4.67, 2 3.49, 2 3.4, 4 3.37, 2 3.35, 2 3.26, 16 3.25, 2 2.94, 2 2.93, 2 2.86, 3 2.71, 2 2.67, 2 2.64, 2 2.6, 2 2.54, 2 2.54, 2 2.54, 2 2.53, 2 2.44, 2 2.42, 2 2.38, 5 2.36, 2 2.26, 2 2.2, 2 2.19, 2 2.11, 2 2, 2 1.96, 4 1.9, 3 1.88, 2 1.83, 3 1.82, 2 1.82, 16 1.78, 7 1.65, 4 1.22, 4 1.2, 5 0.97, 7 0.71, 2 -0.34, 
82% 
278 33.26, 4 5.83, 3 5.32, 6 4.67, 2 3.49, 15 3.4, 2 3.4, 4 3.37, 2 3.35, 2 3.26, 2 2.94, 2 2.93, 2 2.86, 3 2.71, 2 2.67, 2 2.64, 2 2.6, 2 2.54, 2 2.54, 2 2.54, 2 2.53, 2 2.44, 2 2.42, 2 2.38, 5 2.36, 2 2.26, 2 2.2, 2 2.19, 2 2.11, 2 2, 2 1.96, 4 1.9, 3 1.88, 2 1.83, 3 1.82, 2 1.82, 16 1.78, 7 1.65, 4 1.22, 4 1.2, 5 0.97, 6 0.84, 6 0.72, 2 -0.34, 
83% 
279 33.41, 5 6.58, 3 5.32, 6 4.67, 2 3.49, 15 3.4, 2 3.4, 4 3.37, 2 3.35, 2 3.26, 2 2.94, 2 2.93, 2 2.86, 3 2.71, 2 2.67, 2 2.64, 2 2.6, 2 2.54, 2 2.54, 2 2.54, 2 2.53, 2 2.44, 2 2.42, 2 2.38, 5 2.36, 2 2.26, 2 2.2, 2 2.19, 2 2.11, 2 2, 2 1.96, 4 1.9, 3 1.88, 2 1.83, 3 1.82, 2 1.82, 16 1.78, 7 1.65, 4 1.22, 4 1.2, 5 0.97, 5 0.89, 6 0.84, 2 -0.34, 
84% 
280 33.69, 5 6.58, 3 5.32, 6 4.67, 2 3.49, 15 3.4, 2 3.4, 4 3.37, 2 3.35, 2 3.26, 2 2.94, 2 2.93, 2 2.86, 3 2.71, 2 2.67, 2 2.64, 2 2.6, 2 2.54, 2 2.54, 2 2.54, 2 2.53, 2 2.45, 2 2.44, 2 2.42, 2 2.38, 5 2.36, 2 2.26, 2 2.2, 2 2.19, 2 2.11, 2 2, 2 1.96, 4 1.9, 2 1.83, 3 1.82, 2 1.82, 16 1.78, 7 1.65, 4 1.22, 4 1.2, 5 0.97, 5 0.89, 6 0.84, 2 -0.34, 
85% 
278 33.8, 5 6.58, 3 5.32, 6 4.67, 2 3.49, 15 3.4, 2 3.4, 4 3.37, 2 3.35, 2 3.26, 2 2.94, 2 2.93, 2 2.86, 3 2.71, 2 2.67, 2 2.64, 2 2.6, 2 2.54, 2 2.54, 2 2.54, 2 2.53, 2 2.45, 2 2.44, 2 2.42, 2 2.38, 5 2.36, 2 2.26, 2 2.2, 2 2.19, 2 2.11, 2 2, 2 1.96, 4 1.9, 2 1.83, 3 1.82, 2 1.82, 16 1.78, 7 1.65, 4 1.22, 4 1.2, 4 1.12, 5 0.97, 6 0.84, 2 -0.34, 
86% 
281 34.43, 5 6.58, 3 5.32, 6 4.67, 2 3.49, 15 3.4, 2 3.4, 4 3.37, 2 3.35, 2 3.26, 2 2.94, 2 2.93, 2 2.86, 3 2.71, 2 2.67, 2 2.64, 2 2.6, 2 2.54, 2 2.54, 2 2.54, 2 2.53, 2 2.45, 2 2.44, 2 2.42, 2 2.38, 5 2.36, 2 2.26, 2 2.2, 2 2.19, 2 2.11, 2 2, 2 1.96, 4 1.9, 6 1.85, 2 1.83, 3 1.82, 2 1.82, 16 1.78, 4 1.22, 4 1.2, 4 1.12, 5 0.97, 6 0.84, 11 0.24, 2 -0.34, 
87% 
281 34.43, 5 6.58, 3 5.32, 6 4.67, 2 3.49, 15 3.4, 2 3.4, 4 3.37, 2 3.35, 2 3.26, 2 2.94, 2 2.93, 2 2.86, 3 2.71, 2 2.67, 2 2.64, 2 2.6, 2 2.54, 2 2.54, 2 2.54, 2 2.53, 2 2.45, 2 2.44, 2 2.42, 2 2.38, 5 2.36, 2 2.26, 2 2.2, 2 2.19, 5 2.12, 2 2.11, 2 2, 2 1.96, 4 1.9, 15 1.89, 2 1.83, 3 1.82, 2 1.82, 2 1.79, 4 1.22, 4 1.2, 4 1.12, 5 0.97, 6 0.84, 11 0.24, 
88% 
280 34.68, 5 6.58, 3 5.32, 6 4.67, 2 3.54, 2 3.49, 15 3.4, 2 3.4, 4 3.37, 2 3.35, 2 3.26, 2 2.94, 2 2.93, 2 2.86, 3 2.71, 2 2.67, 2 2.64, 2 2.6, 2 2.54, 2 2.54, 2 2.54, 2 2.53, 2 2.45, 2 2.44, 2 2.42, 2 2.38, 5 2.36, 2 2.26, 2 2.2, 2 2.19, 5 2.12, 2 2.11, 14 2.02, 2 2, 2 1.96, 4 1.9, 2 1.83, 3 1.82, 2 1.82, 2 1.79, 4 1.22, 4 1.2, 4 1.12, 5 0.97, 6 0.84, 11 0.24, 
89% 
278 34.79, 5 6.58, 3 5.32, 6 4.67, 4 4.1, 2 3.54, 2 3.49, 15 3.4, 2 3.4, 4 3.37, 2 3.35, 2 3.26, 2 2.93, 2 2.86, 3 2.71, 2 2.67, 2 2.64, 2 2.6, 2 2.54, 2 2.54, 2 2.54, 2 2.53, 2 2.45, 2 2.44, 2 2.42, 2 2.38, 5 2.36, 2 2.26, 2 2.2, 2 2.19, 5 2.12, 2 2.11, 14 2.02, 2 2, 2 1.96, 4 1.9, 2 1.83, 3 1.82, 2 1.82, 2 1.79, 4 1.24, 4 1.22, 4 1.2, 4 1.12, 5 0.97, 6 0.84, 10 0.25, 11 0.24, 
90% 
280 35.23, 5 6.58, 3 5.32, 6 4.67, 4 4.1, 2 3.54, 2 3.49, 15 3.4, 2 3.4, 4 3.37, 2 3.35, 2 3.26, 2 2.93, 2 2.86, 3 2.71, 2 2.67, 2 2.64, 2 2.6, 2 2.54, 2 2.54, 2 2.54, 2 2.53, 2 2.45, 2 2.44, 2 2.42, 2 2.38, 5 2.36, 2 2.26, 2 2.2, 2 2.19, 5 2.12, 2 2.11, 14 2.02, 2 2, 2 1.96, 4 1.9, 2 1.83, 3 1.82, 2 1.82, 2 1.79, 4 1.24, 4 1.22, 4 1.2, 4 1.12, 5 0.97, 6 0.84, 10 0.25, 11 0.24, 
91% 
281 35.36, 5 6.58, 3 5.32, 6 4.67, 4 4.1, 13 3.74, 2 3.54, 2 3.49, 2 3.46, 2 3.4, 4 3.37, 2 3.35, 2 3.26, 2 2.93, 2 2.86, 2 2.67, 2 2.64, 2 2.6, 2 2.54, 2 2.54, 2 2.54, 2 2.53, 2 2.45, 2 2.44, 2 2.42, 2 2.38, 5 2.36, 2 2.26, 2 2.2, 2 2.19, 5 2.12, 2 2.11, 14 2.02, 2 2, 2 1.96, 4 1.9, 2 1.83, 3 1.82, 2 1.82, 2 1.79, 4 1.24, 4 1.22, 4 1.2, 4 1.12, 5 0.97, 6 0.84, 10 0.25, 11 0.24, 
92% 
278 35.57, 5 6.58, 3 5.32, 6 4.67, 13 3.74, 2 3.54, 2 3.49, 2 3.46, 2 3.4, 4 3.37, 2 3.35, 2 3.26, 2 2.93, 2 2.86, 6 2.83, 2 2.67, 2 2.64, 2 2.6, 2 2.54, 2 2.54, 2 2.54, 2 2.53, 2 2.45, 2 2.44, 2 2.42, 2 2.38, 5 2.36, 2 2.26, 2 2.2, 2 2.19, 5 2.12, 2 2.11, 14 2.02, 2 2, 2 1.96, 4 1.9, 2 1.83, 3 1.82, 2 1.82, 2 1.79, 4 1.24, 4 1.22, 4 1.2, 4 1.12, 5 0.97, 6 0.84, 10 0.25, 11 0.24, 
93% 
281 35.68, 5 6.58, 3 5.32, 6 4.67, 13 3.74, 2 3.54, 2 3.49, 2 3.46, 2 3.4, 4 3.37, 2 3.35, 2 3.26, 5 3.19, 2 2.93, 2 2.86, 2 2.67, 2 2.64, 2 2.6, 2 2.54, 2 2.54, 2 2.54, 2 2.53, 2 2.45, 2 2.44, 2 2.42, 2 2.38, 5 2.36, 2 2.26, 2 2.2, 2 2.19, 3 2.19, 5 2.12, 2 2.11, 14 2.02, 2 2, 2 1.96, 4 1.9, 2 1.83, 3 1.82, 2 1.82, 2 1.79, 4 1.24, 4 1.22, 4 1.2, 4 1.12, 5 0.97, 6 0.84, 10 0.25, 11 0.24, 
94% 
280 35.96, 5 6.58, 3 5.32, 6 4.67, 12 3.98, 2 3.54, 2 3.49, 2 3.46, 2 3.4, 4 3.37, 2 3.35, 2 3.26, 5 3.19, 2 2.93, 2 2.86, 2 2.67, 2 2.64, 2 2.6, 2 2.54, 2 2.54, 2 2.54, 2 2.53, 4 2.49, 2 2.45, 2 2.44, 2 2.42, 2 2.38, 5 2.36, 2 2.26, 2 2.2, 2 2.19, 3 2.19, 2 2.11, 14 2.02, 2 2, 2 1.96, 4 1.9, 2 1.83, 3 1.82, 2 1.82, 2 1.79, 4 1.24, 4 1.22, 4 1.2, 4 1.12, 6 1.04, 5 0.97, 6 0.84, 6 0.74, 10 0.33, 10 0.25, 
95% 
274 36.1, 5 6.58, 3 5.32, 6 4.67, 12 3.98, 2 3.54, 2 3.49, 2 3.46, 2 3.4, 4 3.37, 2 3.35, 2 3.26, 5 3.19, 2 2.93, 2 2.86, 2 2.67, 2 2.64, 2 2.6, 2 2.54, 2 2.54, 2 2.54, 2 2.53, 4 2.49, 2 2.45, 2 2.44, 2 2.42, 2 2.38, 5 2.36, 2 2.26, 2 2.2, 2 2.19, 3 2.19, 2 2.11, 3 2.11, 14 2.02, 2 2, 2 1.96, 4 1.9, 2 1.83, 3 1.82, 2 1.82, 2 1.79, 4 1.24, 4 1.22, 4 1.2, 4 1.12, 6 1.04, 5 0.97, 6 0.84, 6 0.74, 10 0.33, 10 0.25, 
96% 
275 36.16, 5 6.58, 3 5.32, 6 4.67, 12 3.98, 2 3.54, 2 3.49, 2 3.46, 2 3.4, 4 3.37, 2 3.35, 2 3.26, 5 3.19, 2 2.93, 3 2.87, 2 2.86, 2 2.67, 2 2.64, 2 2.6, 2 2.54, 2 2.54, 2 2.54, 2 2.53, 2 2.45, 2 2.44, 2 2.42, 2 2.38, 5 2.36, 2 2.26, 2 2.2, 2 2.19, 3 2.19, 13 2.13, 2 2.11, 3 2.11, 2 2, 2 1.96, 4 1.9, 2 1.83, 3 1.82, 2 1.82, 2 1.79, 4 1.24, 4 1.22, 4 1.2, 4 1.12, 6 1.04, 5 0.97, 6 0.84, 6 0.74, 9 0.34, 10 0.33, 
97% 
282 36.53, 5 6.58, 3 5.32, 6 4.67, 12 3.98, 2 3.54, 2 3.49, 2 3.46, 2 3.4, 4 3.37, 2 3.35, 2 3.26, 2 2.93, 3 2.87, 2 2.86, 2 2.67, 2 2.64, 2 2.6, 2 2.54, 2 2.54, 2 2.54, 2 2.53, 2 2.45, 2 2.44, 2 2.42, 2 2.38, 5 2.36, 2 2.26, 2 2.2, 2 2.19, 3 2.19, 13 2.13, 2 2.11, 3 2.11, 2 2, 2 1.96, 4 1.9, 2 1.83, 3 1.82, 2 1.82, 2 1.79, 9 1.46, 4 1.24, 4 1.22, 6 1.04, 5 0.97, 6 0.84, 6 0.74, 9 0.34, 10 0.33, 
98% 
286 36.68, 5 6.58, 3 5.32, 6 4.67, 12 3.98, 2 3.54, 2 3.49, 2 3.46, 2 3.4, 4 3.37, 2 3.35, 2 3.26, 2 2.93, 2 2.86, 2 2.67, 2 2.64, 2 2.6, 2 2.54, 2 2.54, 2 2.54, 2 2.53, 2 2.45, 2 2.44, 2 2.42, 2 2.38, 5 2.36, 2 2.26, 2 2.2, 2 2.19, 3 2.19, 13 2.13, 3 2.11, 2 2, 2 1.99, 2 1.96, 4 1.9, 2 1.83, 3 1.82, 2 1.82, 2 1.79, 3 1.48, 9 1.46, 4 1.22, 6 1.04, 5 0.97, 6 0.84, 6 0.74, 9 0.34, 10 0.33, 
99% 
284 36.82, 5 6.58, 3 5.32, 6 4.67, 12 3.98, 2 3.54, 2 3.49, 2 3.46, 2 3.4, 4 3.37, 2 3.35, 2 3.26, 2 2.93, 2 2.86, 2 2.67, 2 2.64, 2 2.6, 2 2.54, 2 2.54, 2 2.54, 2 2.53, 2 2.45, 2 2.44, 2 2.42, 2 2.38, 5 2.36, 2 2.26, 2 2.2, 2 2.19, 3 2.19, 13 2.13, 3 2.11, 2 2, 2 1.99, 2 1.96, 4 1.9, 2 1.83, 3 1.82, 2 1.82, 2 1.79, 3 1.48, 3 1.47, 9 1.46, 4 1.22, 6 1.04, 5 1.02, 5 0.97, 6 0.74, 8 0.43, 10 0.33, 
100%
284 37.06, 5 6.58, 3 5.32, 6 4.67, 12 3.98, 2 3.54, 2 3.49, 2 3.46, 2 3.4, 4 3.37, 2 3.35, 2 3.26, 2 2.93, 2 2.86, 2 2.67, 2 2.64, 2 2.6, 2 2.54, 2 2.54, 2 2.54, 2 2.53, 2 2.45, 2 2.44, 2 2.42, 2 2.38, 5 2.36, 12 2.3, 2 2.26, 2 2.2, 2 2.19, 3 2.19, 3 2.11, 2 2, 2 1.99, 2 1.96, 4 1.9, 2 1.83, 3 1.82, 2 1.82, 2 1.79, 3 1.48, 3 1.47, 9 1.46, 4 1.22, 6 1.04, 5 1.02, 5 0.97, 6 0.74, 7 0.58, 10 0.33, 
