-sif=/home/safia/anaconda3/lib/R/library/pathfindR/extdata/KEGG.sif
-sig=/home/safia/Documents/pathfindR_Results(1)/active_snw_searches/Iteration_3/active_snw_search/input_for_search.txt
-method=SA
-saTemp0=1
-saTemp1=0.01
-saIter=10000
-geneInitProb=0.0522222222222222
-gaPop=400
-gaIter=200
-gaThread=5
-gaMut=0
-grMaxDepth=1
-grSearchDepth=1
-grOverlap=0.5
-grSubNum=1000
2 -0.13, 2 -0.13, 2 -0.13, 2 -0.13, 2 -0.13, 2 -0.13, 2 -0.13, 2 -0.13, 2 -0.13, 2 -0.13, 2 -0.13, 2 -0.13, 2 -0.13, 2 -0.13, 3 -0.15, 4 -0.16, 4 -0.16, 4 -0.16, 8 -0.23, 8 -0.23, 9 -0.24, 13 -0.29, 24 -0.39, 
Percentage of finished job, node number and score of modules that have more than one node are as follows:
0%
1% 
2 -0.13, 2 -0.13, 2 -0.13, 2 -0.13, 2 -0.13, 2 -0.13, 2 -0.13, 2 -0.13, 2 -0.13, 2 -0.13, 2 -0.13, 2 -0.13, 2 -0.13, 2 -0.13, 3 -0.15, 4 -0.16, 4 -0.16, 4 -0.16, 7 -0.21, 8 -0.23, 9 -0.24, 13 -0.29, 24 -0.39, 
2% 
2 -0.13, 2 -0.13, 2 -0.13, 2 -0.13, 2 -0.13, 2 -0.13, 2 -0.13, 2 -0.13, 2 -0.13, 2 -0.13, 2 -0.13, 2 -0.13, 2 -0.13, 2 -0.13, 3 -0.15, 4 -0.16, 4 -0.16, 4 -0.16, 7 -0.21, 8 -0.23, 9 -0.24, 13 -0.29, 24 -0.39, 
3% 
2 -0.13, 2 -0.13, 2 -0.13, 2 -0.13, 2 -0.13, 2 -0.13, 2 -0.13, 2 -0.13, 2 -0.13, 2 -0.13, 2 -0.13, 2 -0.13, 2 -0.13, 3 -0.15, 3 -0.15, 4 -0.16, 4 -0.16, 6 -0.2, 8 -0.23, 9 -0.24, 13 -0.29, 23 -0.38, 
4% 
2 8.27, 2 -0.13, 2 -0.13, 2 -0.13, 2 -0.13, 2 -0.13, 2 -0.13, 2 -0.13, 2 -0.13, 2 -0.13, 2 -0.13, 2 -0.13, 2 -0.13, 2 -0.13, 2 -0.13, 3 -0.15, 4 -0.16, 4 -0.16, 6 -0.2, 8 -0.23, 9 -0.24, 13 -0.29, 19 -0.35, 
5% 
2 8.59, 2 8.27, 21 3.15, 2 -0.13, 2 -0.13, 2 -0.13, 2 -0.13, 2 -0.13, 2 -0.13, 2 -0.13, 2 -0.13, 2 -0.13, 2 -0.13, 2 -0.13, 2 -0.13, 2 -0.13, 3 -0.15, 4 -0.16, 4 -0.16, 5 -0.19, 8 -0.23, 9 -0.24, 13 -0.29, 
6% 
2 8.59, 2 8.27, 3 6.76, 21 3.15, 2 -0.13, 2 -0.13, 2 -0.13, 2 -0.13, 2 -0.13, 2 -0.13, 2 -0.13, 2 -0.13, 2 -0.13, 2 -0.13, 2 -0.13, 2 -0.13, 3 -0.15, 4 -0.16, 4 -0.16, 4 -0.16, 7 -0.21, 9 -0.24, 12 -0.27, 
7% 
2 8.59, 2 8.27, 3 6.76, 10 4.82, 4 4.56, 21 3.15, 2 -0.13, 2 -0.13, 2 -0.13, 2 -0.13, 2 -0.13, 2 -0.13, 2 -0.13, 2 -0.13, 2 -0.13, 2 -0.13, 2 -0.13, 2 -0.13, 4 -0.16, 4 -0.16, 4 -0.16, 7 -0.21, 12 -0.27, 
8% 
2 8.59, 2 8.27, 3 6.76, 10 4.82, 4 4.56, 21 3.15, 2 -0.13, 2 -0.13, 2 -0.13, 2 -0.13, 2 -0.13, 2 -0.13, 2 -0.13, 2 -0.13, 2 -0.13, 2 -0.13, 2 -0.13, 2 -0.13, 4 -0.16, 4 -0.16, 4 -0.16, 4 -0.16, 10 -0.25, 
9% 
2 8.59, 2 8.27, 3 6.76, 29 5.41, 4 4.56, 2 -0.13, 2 -0.13, 2 -0.13, 2 -0.13, 2 -0.13, 2 -0.13, 2 -0.13, 2 -0.13, 2 -0.13, 2 -0.13, 2 -0.13, 2 -0.13, 4 -0.16, 4 -0.16, 4 -0.16, 4 -0.16, 10 -0.25, 
10% 
2 10.06, 2 8.59, 2 8.27, 3 6.76, 29 5.41, 4 4.56, 4 3.89, 2 -0.13, 2 -0.13, 2 -0.13, 2 -0.13, 2 -0.13, 2 -0.13, 2 -0.13, 2 -0.13, 2 -0.13, 2 -0.13, 2 -0.13, 4 -0.16, 4 -0.16, 4 -0.16, 4 -0.16, 10 -0.25, 
11% 
2 10.06, 2 8.59, 2 8.27, 3 6.76, 29 5.41, 4 4.56, 4 3.89, 2 -0.13, 2 -0.13, 2 -0.13, 2 -0.13, 2 -0.13, 2 -0.13, 2 -0.13, 2 -0.13, 2 -0.13, 2 -0.13, 2 -0.13, 4 -0.16, 4 -0.16, 4 -0.16, 4 -0.16, 10 -0.25, 
12% 
2 10.06, 2 8.59, 2 8.27, 3 6.76, 29 5.41, 4 4.56, 4 3.89, 2 -0.13, 2 -0.13, 2 -0.13, 2 -0.13, 2 -0.13, 2 -0.13, 2 -0.13, 2 -0.13, 2 -0.13, 2 -0.13, 3 -0.15, 4 -0.16, 4 -0.16, 4 -0.16, 10 -0.25, 
13% 
2 10.06, 2 8.59, 2 8.27, 3 6.76, 28 5.5, 4 4.56, 4 3.89, 2 -0.13, 2 -0.13, 2 -0.13, 2 -0.13, 2 -0.13, 2 -0.13, 2 -0.13, 2 -0.13, 2 -0.13, 2 -0.13, 3 -0.15, 4 -0.16, 4 -0.16, 4 -0.16, 10 -0.25, 
14% 
2 10.06, 2 8.59, 2 8.27, 3 6.76, 2 6.07, 28 5.5, 4 4.56, 4 3.89, 2 -0.13, 2 -0.13, 2 -0.13, 2 -0.13, 2 -0.13, 2 -0.13, 2 -0.13, 2 -0.13, 2 -0.13, 2 -0.13, 3 -0.15, 3 -0.15, 4 -0.16, 4 -0.16, 10 -0.25, 
15% 
2 10.06, 2 8.59, 2 8.27, 3 6.76, 5 6.55, 2 6.07, 4 4.56, 4 3.89, 21 3.15, 11 2.48, 2 -0.13, 2 -0.13, 2 -0.13, 2 -0.13, 2 -0.13, 2 -0.13, 2 -0.13, 2 -0.13, 2 -0.13, 2 -0.13, 3 -0.15, 3 -0.15, 4 -0.16, 4 -0.16, 9 -0.24, 
16% 
2 10.06, 2 8.59, 2 8.27, 3 6.76, 5 6.55, 2 6.07, 25 4.86, 4 3.89, 11 2.48, 2 -0.13, 2 -0.13, 2 -0.13, 2 -0.13, 2 -0.13, 2 -0.13, 2 -0.13, 2 -0.13, 2 -0.13, 2 -0.13, 3 -0.15, 3 -0.15, 4 -0.16, 4 -0.16, 9 -0.24, 
17% 
2 10.06, 2 8.59, 2 8.27, 3 6.76, 5 6.55, 2 6.07, 24 4.98, 4 3.89, 10 2.59, 2 -0.13, 2 -0.13, 2 -0.13, 2 -0.13, 2 -0.13, 2 -0.13, 2 -0.13, 2 -0.13, 2 -0.13, 3 -0.15, 3 -0.15, 4 -0.16, 4 -0.16, 9 -0.24, 
18% 
2 10.06, 2 8.59, 2 8.27, 3 6.76, 5 6.55, 2 6.07, 23 5.06, 4 3.89, 10 2.59, 2 -0.13, 2 -0.13, 2 -0.13, 2 -0.13, 2 -0.13, 2 -0.13, 2 -0.13, 2 -0.13, 2 -0.13, 3 -0.15, 3 -0.15, 4 -0.16, 4 -0.16, 9 -0.24, 
19% 
2 10.06, 2 8.59, 2 8.27, 3 6.76, 5 6.55, 2 6.07, 19 5.58, 4 3.89, 10 2.59, 2 -0.13, 2 -0.13, 2 -0.13, 2 -0.13, 2 -0.13, 2 -0.13, 2 -0.13, 2 -0.13, 3 -0.15, 3 -0.15, 4 -0.16, 4 -0.16, 9 -0.24, 
20% 
2 10.06, 2 8.59, 2 8.27, 3 6.76, 5 6.55, 2 6.07, 19 5.58, 4 3.89, 10 2.59, 2 -0.13, 2 -0.13, 2 -0.13, 2 -0.13, 2 -0.13, 2 -0.13, 2 -0.13, 2 -0.13, 3 -0.15, 3 -0.15, 3 -0.15, 4 -0.16, 9 -0.24, 
21% 
2 10.06, 2 8.59, 2 8.27, 3 6.76, 5 6.55, 2 6.07, 19 5.58, 4 3.89, 10 2.59, 2 -0.13, 2 -0.13, 2 -0.13, 2 -0.13, 2 -0.13, 2 -0.13, 2 -0.13, 2 -0.13, 3 -0.15, 3 -0.15, 3 -0.15, 4 -0.16, 9 -0.24, 
22% 
2 10.06, 2 9.09, 2 8.59, 2 8.27, 3 6.76, 5 6.55, 2 6.07, 19 5.58, 4 3.89, 10 2.59, 12 2.43, 2 -0.13, 2 -0.13, 2 -0.13, 2 -0.13, 2 -0.13, 2 -0.13, 2 -0.13, 3 -0.15, 3 -0.15, 3 -0.15, 4 -0.16, 9 -0.24, 
23% 
2 10.06, 2 9.09, 2 8.59, 2 8.27, 3 6.76, 5 6.55, 2 6.07, 19 5.58, 4 3.89, 10 2.59, 12 2.43, 2 -0.13, 2 -0.13, 2 -0.13, 2 -0.13, 2 -0.13, 2 -0.13, 2 -0.13, 3 -0.15, 3 -0.15, 3 -0.15, 4 -0.16, 9 -0.24, 
24% 
2 10.06, 2 9.09, 2 8.59, 2 8.27, 4 7.29, 3 6.76, 2 6.07, 19 5.58, 4 3.89, 10 2.59, 12 2.43, 2 -0.13, 2 -0.13, 2 -0.13, 2 -0.13, 2 -0.13, 2 -0.13, 3 -0.15, 3 -0.15, 3 -0.15, 3 -0.15, 4 -0.16, 5 -0.19, 
25% 
2 10.06, 2 9.09, 2 8.59, 2 8.27, 4 7.29, 3 6.76, 16 6.32, 2 6.07, 4 3.89, 10 2.59, 12 2.43, 2 -0.13, 2 -0.13, 2 -0.13, 2 -0.13, 2 -0.13, 2 -0.13, 3 -0.15, 3 -0.15, 3 -0.15, 3 -0.15, 4 -0.16, 5 -0.19, 
26% 
2 10.06, 2 9.09, 2 8.59, 3 8.51, 2 8.27, 28 7.43, 3 6.76, 2 6.07, 4 3.89, 10 2.59, 12 2.43, 2 -0.13, 2 -0.13, 2 -0.13, 2 -0.13, 2 -0.13, 2 -0.13, 3 -0.15, 3 -0.15, 3 -0.15, 3 -0.15, 4 -0.16, 4 -0.16, 
27% 
2 10.06, 2 9.09, 2 8.59, 3 8.51, 2 8.27, 28 7.43, 3 6.76, 2 6.07, 3 4.56, 10 2.59, 12 2.43, 2 -0.13, 2 -0.13, 2 -0.13, 2 -0.13, 2 -0.13, 2 -0.13, 3 -0.15, 3 -0.15, 3 -0.15, 3 -0.15, 4 -0.16, 4 -0.16, 
28% 
2 10.06, 41 9.68, 2 9.09, 2 8.59, 2 8.27, 3 6.76, 2 6.07, 3 4.56, 11 2.61, 10 2.59, 2 -0.13, 2 -0.13, 2 -0.13, 2 -0.13, 2 -0.13, 3 -0.15, 3 -0.15, 3 -0.15, 3 -0.15, 4 -0.16, 4 -0.16, 
29% 
2 10.06, 39 9.84, 2 9.09, 2 8.59, 2 8.27, 3 6.76, 2 6.07, 3 4.56, 11 2.61, 10 2.59, 2 -0.13, 2 -0.13, 2 -0.13, 2 -0.13, 2 -0.13, 3 -0.15, 3 -0.15, 3 -0.15, 3 -0.15, 4 -0.16, 4 -0.16, 
30% 
2 10.06, 48 10.05, 2 9.09, 2 8.59, 2 8.27, 2 7.21, 3 6.76, 2 6.07, 9 2.75, 11 2.61, 2 -0.13, 2 -0.13, 2 -0.13, 2 -0.13, 2 -0.13, 3 -0.15, 3 -0.15, 3 -0.15, 3 -0.15, 4 -0.16, 
31% 
47 10.12, 2 10.06, 2 9.09, 2 8.59, 2 8.27, 2 7.21, 3 6.76, 3 6.19, 2 6.07, 9 2.75, 11 2.61, 2 -0.13, 2 -0.13, 2 -0.13, 2 -0.13, 3 -0.15, 3 -0.15, 3 -0.15, 3 -0.15, 4 -0.16, 
32% 
58 10.24, 2 10.06, 2 9.09, 2 8.59, 2 8.27, 2 7.21, 3 6.76, 3 6.19, 2 6.07, 12 5.47, 2 -0.13, 2 -0.13, 2 -0.13, 2 -0.13, 3 -0.15, 3 -0.15, 3 -0.15, 3 -0.15, 4 -0.16, 
33% 
57 12.31, 2 10.06, 2 9.09, 2 8.59, 2 8.27, 2 7.21, 3 6.76, 3 6.19, 2 6.07, 12 5.47, 2 -0.13, 2 -0.13, 2 -0.13, 2 -0.13, 2 -0.13, 3 -0.15, 3 -0.15, 3 -0.15, 4 -0.16, 
34% 
56 12.38, 2 10.06, 2 9.09, 2 8.59, 2 8.27, 2 7.21, 3 6.76, 3 6.19, 2 6.07, 12 5.47, 2 -0.13, 2 -0.13, 2 -0.13, 2 -0.13, 2 -0.13, 3 -0.15, 3 -0.15, 3 -0.15, 4 -0.16, 
35% 
55 12.58, 2 10.06, 2 9.09, 2 8.59, 2 8.27, 2 7.21, 3 6.76, 3 6.19, 2 6.07, 12 5.47, 2 -0.13, 2 -0.13, 2 -0.13, 2 -0.13, 2 -0.13, 3 -0.15, 3 -0.15, 3 -0.15, 4 -0.16, 
36% 
68 13.43, 2 10.06, 2 9.09, 2 8.59, 2 8.27, 2 7.21, 3 6.76, 3 6.19, 2 6.07, 2 -0.13, 2 -0.13, 2 -0.13, 2 -0.13, 2 -0.13, 3 -0.15, 3 -0.15, 4 -0.16, 
37% 
89 13.51, 2 9.09, 2 8.59, 2 8.27, 2 7.21, 3 6.76, 3 6.19, 2 6.07, 2 -0.13, 2 -0.13, 2 -0.13, 2 -0.13, 2 -0.13, 3 -0.15, 3 -0.15, 
38% 
87 13.59, 2 9.09, 2 8.59, 2 8.27, 2 7.21, 3 6.76, 3 6.19, 2 6.07, 2 -0.13, 2 -0.13, 2 -0.13, 2 -0.13, 2 -0.13, 3 -0.15, 3 -0.15, 
39% 
87 13.59, 2 9.09, 2 8.59, 2 8.27, 2 7.21, 3 6.76, 3 6.19, 2 6.07, 2 -0.13, 2 -0.13, 2 -0.13, 2 -0.13, 3 -0.15, 3 -0.15, 
40% 
89 14.72, 2 9.09, 2 8.59, 2 8.27, 2 7.21, 3 6.76, 2 6.07, 2 -0.13, 2 -0.13, 2 -0.13, 2 -0.13, 3 -0.15, 3 -0.15, 
41% 
89 14.72, 2 9.09, 2 8.59, 2 8.27, 2 7.21, 3 6.76, 2 6.07, 2 -0.13, 2 -0.13, 2 -0.13, 2 -0.13, 3 -0.15, 
42% 
87 14.81, 2 9.09, 2 8.59, 2 8.27, 2 7.21, 3 6.76, 2 6.07, 2 -0.13, 2 -0.13, 2 -0.13, 2 -0.13, 3 -0.15, 
43% 
87 14.81, 2 9.09, 2 8.59, 2 8.27, 2 7.21, 3 6.76, 2 6.07, 2 -0.13, 2 -0.13, 2 -0.13, 2 -0.13, 3 -0.15, 
44% 
84 15.15, 2 9.09, 2 8.59, 2 8.27, 2 7.21, 3 6.76, 2 6.07, 2 -0.13, 2 -0.13, 2 -0.13, 2 -0.13, 3 -0.15, 
45% 
94 15.57, 2 9.09, 2 8.59, 2 7.21, 3 6.76, 2 6.07, 2 -0.13, 2 -0.13, 2 -0.13, 2 -0.13, 3 -0.15, 
46% 
91 15.91, 2 9.09, 2 8.59, 2 7.21, 2 7.03, 3 6.76, 2 6.07, 2 -0.13, 2 -0.13, 2 -0.13, 3 -0.15, 
47% 
98 16.34, 2 9.09, 2 8.59, 2 7.21, 3 6.76, 2 6.07, 2 -0.13, 2 -0.13, 2 -0.13, 3 -0.15, 
48% 
97 16.63, 2 9.09, 2 8.59, 2 7.21, 3 6.76, 2 6.07, 2 -0.13, 2 -0.13, 3 -0.15, 
49% 
96 16.66, 2 9.09, 2 8.59, 2 7.21, 3 6.76, 2 6.07, 2 -0.13, 2 -0.13, 3 -0.15, 
50% 
95 16.7, 2 9.09, 2 8.59, 2 7.21, 3 6.76, 2 6.07, 2 -0.13, 2 -0.13, 3 -0.15, 
51% 
94 16.74, 2 9.09, 2 8.59, 2 7.21, 3 6.76, 2 6.07, 2 -0.13, 2 -0.13, 3 -0.15, 
52% 
93 16.89, 2 9.09, 2 8.59, 2 7.21, 3 6.76, 2 6.07, 14 2.04, 2 -0.13, 2 -0.13, 3 -0.15, 
53% 
95 17.71, 2 9.09, 2 8.59, 2 7.21, 3 6.76, 2 6.07, 14 2.04, 2 -0.13, 2 -0.13, 3 -0.15, 
54% 
94 17.75, 2 9.09, 2 8.59, 2 7.21, 3 6.76, 2 6.07, 14 2.04, 2 -0.13, 2 -0.13, 3 -0.15, 
55% 
93 17.91, 2 9.09, 2 8.59, 2 7.21, 3 6.76, 2 6.07, 13 2.19, 2 -0.13, 2 -0.13, 3 -0.15, 
56% 
93 17.91, 2 9.09, 2 8.59, 2 7.21, 3 6.76, 2 6.07, 13 2.19, 2 -0.13, 2 -0.13, 3 -0.15, 
57% 
91 18.13, 2 9.09, 2 8.59, 2 7.21, 3 6.76, 2 6.07, 13 2.19, 2 -0.13, 2 -0.13, 3 -0.15, 
58% 
96 19.17, 2 8.59, 2 7.21, 3 6.76, 2 6.07, 13 2.19, 2 -0.13, 2 -0.13, 3 -0.15, 
59% 
96 19.17, 2 8.59, 2 7.21, 3 6.76, 2 6.07, 13 2.19, 2 -0.13, 2 -0.13, 3 -0.15, 
60% 
96 19.17, 2 8.59, 2 7.21, 3 6.76, 2 6.07, 13 2.19, 2 -0.13, 2 -0.13, 3 -0.15, 
61% 
94 19.26, 2 8.59, 2 7.21, 3 6.76, 2 6.07, 13 2.19, 2 -0.13, 2 -0.13, 3 -0.15, 
62% 
99 19.7, 2 8.59, 2 7.21, 3 6.76, 2 6.07, 13 2.19, 2 -0.13, 2 -0.13, 3 -0.15, 
63% 
98 19.76, 2 8.59, 2 7.21, 3 6.76, 2 6.07, 13 2.19, 2 -0.13, 2 -0.13, 3 -0.15, 
64% 
95 20.2, 2 8.59, 2 7.21, 3 6.76, 2 6.07, 13 2.19, 2 -0.13, 2 -0.13, 3 -0.15, 
65% 
94 20.24, 2 8.59, 2 7.21, 3 6.76, 2 6.07, 13 2.19, 2 -0.13, 2 -0.13, 3 -0.15, 
66% 
93 20.42, 2 8.59, 2 7.21, 3 6.76, 2 6.07, 12 2.37, 2 -0.13, 2 -0.13, 3 -0.15, 
67% 
92 20.48, 2 8.59, 2 7.21, 3 6.76, 2 6.07, 12 2.37, 2 -0.13, 2 -0.13, 3 -0.15, 
68% 
91 20.66, 2 8.59, 2 7.21, 3 6.76, 2 6.07, 12 2.37, 2 -0.13, 2 -0.13, 3 -0.15, 
69% 
91 20.66, 2 8.59, 2 7.21, 3 6.76, 2 6.07, 12 2.37, 2 -0.13, 2 -0.13, 3 -0.15, 
70% 
88 21, 2 8.59, 2 7.21, 3 6.76, 2 6.07, 12 2.37, 2 -0.13, 2 -0.13, 3 -0.15, 
71% 
86 21.26, 2 8.59, 2 7.21, 3 6.76, 2 6.07, 12 2.37, 2 -0.13, 2 -0.13, 3 -0.15, 
72% 
85 21.34, 2 8.59, 2 7.21, 3 6.76, 2 6.07, 12 2.37, 2 -0.13, 2 -0.13, 
73% 
88 22.04, 2 8.59, 2 7.21, 3 6.76, 12 2.37, 2 -0.13, 2 -0.13, 
74% 
88 22.04, 2 8.59, 2 7.21, 3 6.76, 12 2.37, 2 -0.13, 2 -0.13, 
75% 
88 22.04, 2 8.59, 2 7.21, 3 6.76, 12 2.37, 2 -0.13, 2 -0.13, 
76% 
87 22.14, 2 8.59, 2 7.21, 3 6.76, 12 2.37, 2 -0.13, 2 -0.13, 
77% 
87 22.14, 2 8.59, 2 7.21, 3 6.76, 12 2.37, 2 -0.13, 2 -0.13, 
78% 
97 22.96, 2 8.59, 2 7.21, 3 6.76, 12 2.37, 2 -0.13, 2 -0.13, 
79% 
97 22.96, 2 8.59, 2 7.21, 3 6.76, 11 2.55, 2 -0.13, 2 -0.13, 
80% 
97 22.96, 2 8.59, 2 7.21, 3 6.76, 11 2.55, 2 -0.13, 2 -0.13, 
81% 
97 22.96, 2 8.59, 2 7.21, 3 6.76, 11 2.55, 2 -0.13, 2 -0.13, 
82% 
97 22.96, 2 8.59, 2 7.21, 3 6.76, 11 2.55, 2 -0.13, 2 -0.13, 
83% 
97 22.96, 2 8.59, 2 7.21, 3 6.76, 11 2.55, 2 -0.13, 2 -0.13, 
84% 
96 23.01, 2 8.59, 2 7.21, 3 6.76, 11 2.55, 2 -0.13, 2 -0.13, 
85% 
94 23.11, 2 8.59, 2 7.21, 3 6.76, 11 2.55, 2 -0.13, 2 -0.13, 
86% 
94 23.11, 2 8.59, 2 7.21, 3 6.76, 11 2.55, 2 -0.13, 2 -0.13, 
87% 
93 23.31, 2 8.59, 2 7.21, 3 6.76, 11 2.55, 2 -0.13, 2 -0.13, 
88% 
91 23.59, 2 8.59, 2 7.21, 3 6.76, 11 2.55, 2 -0.13, 2 -0.13, 
89% 
104 23.79, 2 8.59, 2 7.68, 2 7.21, 11 2.55, 2 -0.13, 2 -0.13, 
90% 
104 23.79, 2 8.59, 2 7.68, 2 7.21, 11 2.55, 2 -0.13, 2 -0.13, 
91% 
103 23.89, 2 8.59, 2 7.68, 2 7.21, 10 2.67, 2 -0.13, 2 -0.13, 
92% 
91 24.16, 2 8.59, 2 8.27, 2 7.68, 2 7.21, 10 2.67, 2 -0.13, 2 -0.13, 
93% 
88 24.55, 2 8.59, 2 8.27, 2 7.68, 2 7.21, 10 2.67, 2 -0.13, 2 -0.13, 
94% 
88 24.55, 2 8.59, 2 8.27, 2 7.68, 2 7.21, 10 2.67, 2 -0.13, 2 -0.13, 
95% 
88 24.55, 2 8.59, 2 8.27, 2 7.68, 2 7.21, 10 2.67, 2 -0.13, 2 -0.13, 
96% 
85 24.94, 2 8.59, 2 8.27, 2 7.68, 2 7.21, 7 3.59, 9 2.83, 2 -0.13, 
97% 
85 24.94, 2 8.59, 2 8.27, 2 7.68, 2 7.21, 7 3.59, 9 2.83, 2 -0.13, 
98% 
85 24.94, 2 8.59, 2 8.27, 2 7.68, 2 7.21, 7 3.59, 9 2.83, 2 -0.13, 
99% 
85 24.94, 2 8.59, 2 8.27, 2 7.68, 2 7.21, 7 3.59, 9 2.83, 2 -0.13, 
100%
83 25.37, 2 8.59, 2 8.27, 2 7.68, 2 7.21, 7 3.59, 9 2.83, 2 -0.13, 
