-sif=/home/safia/anaconda3/lib/R/library/pathfindR/extdata/KEGG.sif
-sig=/home/safia/Documents/pathfindR_Results(3)/active_snw_searches/Iteration_8/active_snw_search/input_for_search.txt
-method=SA
-saTemp0=1
-saTemp1=0.01
-saIter=10000
-geneInitProb=0.157777777777778
-gaPop=400
-gaIter=200
-gaThread=5
-gaMut=0
-grMaxDepth=1
-grSearchDepth=1
-grOverlap=0.5
-grSubNum=1000
11 2.97, 384 0.08, 2 -0.12, 2 -0.12, 2 -0.12, 2 -0.12, 2 -0.12, 2 -0.12, 2 -0.12, 2 -0.12, 2 -0.12, 2 -0.12, 2 -0.12, 2 -0.12, 2 -0.12, 2 -0.12, 2 -0.12, 2 -0.12, 2 -0.12, 2 -0.12, 2 -0.12, 2 -0.12, 2 -0.12, 2 -0.12, 2 -0.12, 3 -0.14, 3 -0.14, 3 -0.14, 3 -0.14, 3 -0.14, 3 -0.14, 3 -0.14, 3 -0.14, 3 -0.14, 3 -0.14, 3 -0.14, 3 -0.14, 3 -0.14, 4 -0.15, 5 -0.17, 6 -0.19, 7 -0.21, 9 -0.24, 10 -0.25, 16 -0.31, 
Percentage of finished job, node number and score of modules that have more than one node are as follows:
0%
1% 
10 3.07, 377 0.11, 2 -0.12, 2 -0.12, 2 -0.12, 2 -0.12, 2 -0.12, 2 -0.12, 2 -0.12, 2 -0.12, 2 -0.12, 2 -0.12, 2 -0.12, 2 -0.12, 2 -0.12, 2 -0.12, 2 -0.12, 2 -0.12, 2 -0.12, 2 -0.12, 2 -0.12, 2 -0.12, 2 -0.12, 2 -0.12, 3 -0.14, 3 -0.14, 3 -0.14, 3 -0.14, 3 -0.14, 3 -0.14, 3 -0.14, 3 -0.14, 3 -0.14, 3 -0.14, 3 -0.14, 3 -0.14, 3 -0.14, 4 -0.15, 5 -0.17, 6 -0.19, 6 -0.19, 9 -0.24, 10 -0.25, 16 -0.31, 
2% 
10 3.07, 357 1.69, 2 -0.12, 2 -0.12, 2 -0.12, 2 -0.12, 2 -0.12, 2 -0.12, 2 -0.12, 2 -0.12, 2 -0.12, 2 -0.12, 2 -0.12, 2 -0.12, 2 -0.12, 2 -0.12, 2 -0.12, 2 -0.12, 2 -0.12, 2 -0.12, 2 -0.12, 2 -0.12, 2 -0.12, 2 -0.12, 2 -0.12, 3 -0.14, 3 -0.14, 3 -0.14, 3 -0.14, 3 -0.14, 3 -0.14, 3 -0.14, 3 -0.14, 3 -0.14, 3 -0.14, 3 -0.14, 3 -0.14, 3 -0.14, 5 -0.17, 6 -0.19, 6 -0.19, 9 -0.24, 10 -0.25, 16 -0.31, 
3% 
10 3.07, 348 1.75, 2 -0.12, 2 -0.12, 2 -0.12, 2 -0.12, 2 -0.12, 2 -0.12, 2 -0.12, 2 -0.12, 2 -0.12, 2 -0.12, 2 -0.12, 2 -0.12, 2 -0.12, 2 -0.12, 2 -0.12, 2 -0.12, 2 -0.12, 2 -0.12, 2 -0.12, 2 -0.12, 2 -0.12, 2 -0.12, 2 -0.12, 3 -0.14, 3 -0.14, 3 -0.14, 3 -0.14, 3 -0.14, 3 -0.14, 3 -0.14, 3 -0.14, 3 -0.14, 3 -0.14, 3 -0.14, 3 -0.14, 3 -0.14, 3 -0.14, 5 -0.17, 5 -0.17, 6 -0.19, 9 -0.24, 10 -0.25, 16 -0.31, 
4% 
10 3.07, 344 1.77, 2 -0.12, 2 -0.12, 2 -0.12, 2 -0.12, 2 -0.12, 2 -0.12, 2 -0.12, 2 -0.12, 2 -0.12, 2 -0.12, 2 -0.12, 2 -0.12, 2 -0.12, 2 -0.12, 2 -0.12, 2 -0.12, 2 -0.12, 2 -0.12, 2 -0.12, 2 -0.12, 2 -0.12, 3 -0.14, 3 -0.14, 3 -0.14, 3 -0.14, 3 -0.14, 3 -0.14, 3 -0.14, 3 -0.14, 3 -0.14, 3 -0.14, 3 -0.14, 3 -0.14, 3 -0.14, 5 -0.17, 5 -0.17, 6 -0.19, 9 -0.24, 9 -0.24, 16 -0.31, 
5% 
10 3.07, 15 2.8, 311 1.35, 2 -0.12, 2 -0.12, 2 -0.12, 2 -0.12, 2 -0.12, 2 -0.12, 2 -0.12, 2 -0.12, 2 -0.12, 2 -0.12, 2 -0.12, 2 -0.12, 2 -0.12, 2 -0.12, 2 -0.12, 2 -0.12, 2 -0.12, 2 -0.12, 2 -0.12, 2 -0.12, 2 -0.12, 2 -0.12, 3 -0.14, 3 -0.14, 3 -0.14, 3 -0.14, 3 -0.14, 3 -0.14, 3 -0.14, 3 -0.14, 3 -0.14, 3 -0.14, 3 -0.14, 3 -0.14, 3 -0.14, 5 -0.17, 5 -0.17, 6 -0.19, 9 -0.24, 9 -0.24, 16 -0.31, 
6% 
10 3.07, 15 2.8, 305 1.39, 2 -0.12, 2 -0.12, 2 -0.12, 2 -0.12, 2 -0.12, 2 -0.12, 2 -0.12, 2 -0.12, 2 -0.12, 2 -0.12, 2 -0.12, 2 -0.12, 2 -0.12, 2 -0.12, 2 -0.12, 2 -0.12, 2 -0.12, 2 -0.12, 2 -0.12, 2 -0.12, 2 -0.12, 2 -0.12, 3 -0.14, 3 -0.14, 3 -0.14, 3 -0.14, 3 -0.14, 3 -0.14, 3 -0.14, 3 -0.14, 3 -0.14, 3 -0.14, 3 -0.14, 3 -0.14, 3 -0.14, 4 -0.15, 4 -0.15, 5 -0.17, 9 -0.24, 9 -0.24, 16 -0.31, 
7% 
10 3.07, 15 2.8, 308 2.5, 2 -0.12, 2 -0.12, 2 -0.12, 2 -0.12, 2 -0.12, 2 -0.12, 2 -0.12, 2 -0.12, 2 -0.12, 2 -0.12, 2 -0.12, 2 -0.12, 2 -0.12, 2 -0.12, 2 -0.12, 2 -0.12, 2 -0.12, 2 -0.12, 2 -0.12, 2 -0.12, 2 -0.12, 3 -0.14, 3 -0.14, 3 -0.14, 3 -0.14, 3 -0.14, 3 -0.14, 3 -0.14, 3 -0.14, 3 -0.14, 3 -0.14, 3 -0.14, 4 -0.15, 4 -0.15, 5 -0.17, 8 -0.22, 9 -0.24, 16 -0.31, 
8% 
10 3.07, 15 2.8, 303 2.54, 2 -0.12, 2 -0.12, 2 -0.12, 2 -0.12, 2 -0.12, 2 -0.12, 2 -0.12, 2 -0.12, 2 -0.12, 2 -0.12, 2 -0.12, 2 -0.12, 2 -0.12, 2 -0.12, 2 -0.12, 2 -0.12, 2 -0.12, 2 -0.12, 2 -0.12, 2 -0.12, 3 -0.14, 3 -0.14, 3 -0.14, 3 -0.14, 3 -0.14, 3 -0.14, 3 -0.14, 3 -0.14, 3 -0.14, 3 -0.14, 4 -0.15, 4 -0.15, 5 -0.17, 8 -0.22, 9 -0.24, 16 -0.31, 
9% 
309 3.17, 10 3.07, 2 -0.12, 2 -0.12, 2 -0.12, 2 -0.12, 2 -0.12, 2 -0.12, 2 -0.12, 2 -0.12, 2 -0.12, 2 -0.12, 2 -0.12, 2 -0.12, 2 -0.12, 2 -0.12, 2 -0.12, 2 -0.12, 2 -0.12, 2 -0.12, 2 -0.12, 2 -0.12, 3 -0.14, 3 -0.14, 3 -0.14, 3 -0.14, 3 -0.14, 3 -0.14, 3 -0.14, 3 -0.14, 3 -0.14, 3 -0.14, 4 -0.15, 4 -0.15, 5 -0.17, 8 -0.22, 9 -0.24, 15 -0.3, 
10% 
319 3.69, 2 -0.12, 2 -0.12, 2 -0.12, 2 -0.12, 2 -0.12, 2 -0.12, 2 -0.12, 2 -0.12, 2 -0.12, 2 -0.12, 2 -0.12, 2 -0.12, 2 -0.12, 2 -0.12, 2 -0.12, 2 -0.12, 2 -0.12, 2 -0.12, 2 -0.12, 2 -0.12, 3 -0.14, 3 -0.14, 3 -0.14, 3 -0.14, 3 -0.14, 3 -0.14, 3 -0.14, 3 -0.14, 3 -0.14, 4 -0.15, 4 -0.15, 5 -0.17, 8 -0.22, 9 -0.24, 15 -0.3, 
11% 
334 5.47, 2 -0.12, 2 -0.12, 2 -0.12, 2 -0.12, 2 -0.12, 2 -0.12, 2 -0.12, 2 -0.12, 2 -0.12, 2 -0.12, 2 -0.12, 2 -0.12, 2 -0.12, 2 -0.12, 2 -0.12, 2 -0.12, 2 -0.12, 2 -0.12, 2 -0.12, 3 -0.14, 3 -0.14, 3 -0.14, 3 -0.14, 3 -0.14, 3 -0.14, 3 -0.14, 3 -0.14, 3 -0.14, 4 -0.15, 4 -0.15, 5 -0.17, 8 -0.22, 9 -0.24, 
12% 
319 5.7, 2 -0.12, 2 -0.12, 2 -0.12, 2 -0.12, 2 -0.12, 2 -0.12, 2 -0.12, 2 -0.12, 2 -0.12, 2 -0.12, 2 -0.12, 2 -0.12, 2 -0.12, 2 -0.12, 2 -0.12, 2 -0.12, 2 -0.12, 2 -0.12, 2 -0.12, 3 -0.14, 3 -0.14, 3 -0.14, 3 -0.14, 3 -0.14, 3 -0.14, 3 -0.14, 3 -0.14, 3 -0.14, 3 -0.14, 4 -0.15, 5 -0.17, 7 -0.21, 9 -0.24, 
13% 
319 5.7, 2 -0.12, 2 -0.12, 2 -0.12, 2 -0.12, 2 -0.12, 2 -0.12, 2 -0.12, 2 -0.12, 2 -0.12, 2 -0.12, 2 -0.12, 2 -0.12, 2 -0.12, 2 -0.12, 2 -0.12, 2 -0.12, 2 -0.12, 2 -0.12, 2 -0.12, 3 -0.14, 3 -0.14, 3 -0.14, 3 -0.14, 3 -0.14, 3 -0.14, 3 -0.14, 3 -0.14, 3 -0.14, 3 -0.14, 4 -0.15, 5 -0.17, 7 -0.21, 8 -0.22, 
14% 
309 5.83, 2 -0.12, 2 -0.12, 2 -0.12, 2 -0.12, 2 -0.12, 2 -0.12, 2 -0.12, 2 -0.12, 2 -0.12, 2 -0.12, 2 -0.12, 2 -0.12, 2 -0.12, 2 -0.12, 2 -0.12, 2 -0.12, 2 -0.12, 2 -0.12, 2 -0.12, 2 -0.12, 3 -0.14, 3 -0.14, 3 -0.14, 3 -0.14, 3 -0.14, 3 -0.14, 3 -0.14, 3 -0.14, 3 -0.14, 3 -0.14, 4 -0.15, 5 -0.17, 7 -0.21, 7 -0.21, 
15% 
2 10.34, 302 5.92, 2 -0.12, 2 -0.12, 2 -0.12, 2 -0.12, 2 -0.12, 2 -0.12, 2 -0.12, 2 -0.12, 2 -0.12, 2 -0.12, 2 -0.12, 2 -0.12, 2 -0.12, 2 -0.12, 2 -0.12, 2 -0.12, 2 -0.12, 2 -0.12, 2 -0.12, 2 -0.12, 2 -0.12, 3 -0.14, 3 -0.14, 3 -0.14, 3 -0.14, 3 -0.14, 3 -0.14, 3 -0.14, 3 -0.14, 3 -0.14, 3 -0.14, 5 -0.17, 6 -0.19, 7 -0.21, 
16% 
2 10.34, 302 5.92, 2 -0.12, 2 -0.12, 2 -0.12, 2 -0.12, 2 -0.12, 2 -0.12, 2 -0.12, 2 -0.12, 2 -0.12, 2 -0.12, 2 -0.12, 2 -0.12, 2 -0.12, 2 -0.12, 2 -0.12, 2 -0.12, 2 -0.12, 2 -0.12, 2 -0.12, 2 -0.12, 3 -0.14, 3 -0.14, 3 -0.14, 3 -0.14, 3 -0.14, 3 -0.14, 3 -0.14, 3 -0.14, 3 -0.14, 3 -0.14, 4 -0.15, 6 -0.19, 7 -0.21, 
17% 
2 10.34, 296 6, 2 -0.12, 2 -0.12, 2 -0.12, 2 -0.12, 2 -0.12, 2 -0.12, 2 -0.12, 2 -0.12, 2 -0.12, 2 -0.12, 2 -0.12, 2 -0.12, 2 -0.12, 2 -0.12, 2 -0.12, 2 -0.12, 2 -0.12, 2 -0.12, 3 -0.14, 3 -0.14, 3 -0.14, 3 -0.14, 3 -0.14, 3 -0.14, 3 -0.14, 3 -0.14, 3 -0.14, 4 -0.15, 4 -0.15, 5 -0.17, 6 -0.19, 
18% 
2 10.34, 283 6.23, 2 -0.12, 2 -0.12, 2 -0.12, 2 -0.12, 2 -0.12, 2 -0.12, 2 -0.12, 2 -0.12, 2 -0.12, 2 -0.12, 2 -0.12, 2 -0.12, 2 -0.12, 2 -0.12, 2 -0.12, 2 -0.12, 2 -0.12, 2 -0.12, 3 -0.14, 3 -0.14, 3 -0.14, 3 -0.14, 3 -0.14, 3 -0.14, 3 -0.14, 3 -0.14, 4 -0.15, 4 -0.15, 5 -0.17, 5 -0.17, 7 -0.21, 
19% 
2 10.34, 279 7.31, 2 -0.12, 2 -0.12, 2 -0.12, 2 -0.12, 2 -0.12, 2 -0.12, 2 -0.12, 2 -0.12, 2 -0.12, 2 -0.12, 2 -0.12, 2 -0.12, 2 -0.12, 2 -0.12, 2 -0.12, 2 -0.12, 2 -0.12, 2 -0.12, 3 -0.14, 3 -0.14, 3 -0.14, 3 -0.14, 3 -0.14, 3 -0.14, 3 -0.14, 3 -0.14, 4 -0.15, 4 -0.15, 5 -0.17, 5 -0.17, 7 -0.21, 
20% 
2 10.34, 266 8.5, 2 -0.12, 2 -0.12, 2 -0.12, 2 -0.12, 2 -0.12, 2 -0.12, 2 -0.12, 2 -0.12, 2 -0.12, 2 -0.12, 2 -0.12, 2 -0.12, 2 -0.12, 2 -0.12, 2 -0.12, 2 -0.12, 2 -0.12, 2 -0.12, 3 -0.14, 3 -0.14, 3 -0.14, 3 -0.14, 3 -0.14, 3 -0.14, 3 -0.14, 4 -0.15, 4 -0.15, 4 -0.15, 4 -0.15, 5 -0.17, 5 -0.17, 7 -0.21, 
21% 
2 10.94, 2 10.34, 244 6.63, 9 5.4, 2 -0.12, 2 -0.12, 2 -0.12, 2 -0.12, 2 -0.12, 2 -0.12, 2 -0.12, 2 -0.12, 2 -0.12, 2 -0.12, 2 -0.12, 2 -0.12, 2 -0.12, 2 -0.12, 2 -0.12, 2 -0.12, 2 -0.12, 2 -0.12, 3 -0.14, 3 -0.14, 3 -0.14, 3 -0.14, 3 -0.14, 3 -0.14, 4 -0.15, 4 -0.15, 4 -0.15, 4 -0.15, 5 -0.17, 5 -0.17, 7 -0.21, 9 -0.24, 
22% 
2 10.94, 2 10.34, 234 6.82, 9 5.4, 2 -0.12, 2 -0.12, 2 -0.12, 2 -0.12, 2 -0.12, 2 -0.12, 2 -0.12, 2 -0.12, 2 -0.12, 2 -0.12, 2 -0.12, 2 -0.12, 2 -0.12, 2 -0.12, 2 -0.12, 2 -0.12, 2 -0.12, 2 -0.12, 2 -0.12, 2 -0.12, 3 -0.14, 3 -0.14, 3 -0.14, 3 -0.14, 3 -0.14, 3 -0.14, 3 -0.14, 3 -0.14, 4 -0.15, 4 -0.15, 5 -0.17, 5 -0.17, 6 -0.19, 9 -0.24, 
23% 
2 10.94, 2 10.34, 251 7.6, 2 -0.12, 2 -0.12, 2 -0.12, 2 -0.12, 2 -0.12, 2 -0.12, 2 -0.12, 2 -0.12, 2 -0.12, 2 -0.12, 2 -0.12, 2 -0.12, 2 -0.12, 2 -0.12, 2 -0.12, 2 -0.12, 2 -0.12, 2 -0.12, 2 -0.12, 3 -0.14, 3 -0.14, 3 -0.14, 3 -0.14, 3 -0.14, 3 -0.14, 3 -0.14, 3 -0.14, 3 -0.14, 4 -0.15, 5 -0.17, 5 -0.17, 6 -0.19, 9 -0.24, 
24% 
2 10.94, 2 10.34, 250 7.61, 2 -0.12, 2 -0.12, 2 -0.12, 2 -0.12, 2 -0.12, 2 -0.12, 2 -0.12, 2 -0.12, 2 -0.12, 2 -0.12, 2 -0.12, 2 -0.12, 2 -0.12, 2 -0.12, 2 -0.12, 2 -0.12, 2 -0.12, 2 -0.12, 2 -0.12, 3 -0.14, 3 -0.14, 3 -0.14, 3 -0.14, 3 -0.14, 3 -0.14, 3 -0.14, 3 -0.14, 4 -0.15, 5 -0.17, 5 -0.17, 6 -0.19, 9 -0.24, 
25% 
2 10.94, 2 10.34, 246 7.68, 2 -0.12, 2 -0.12, 2 -0.12, 2 -0.12, 2 -0.12, 2 -0.12, 2 -0.12, 2 -0.12, 2 -0.12, 2 -0.12, 2 -0.12, 2 -0.12, 2 -0.12, 2 -0.12, 2 -0.12, 2 -0.12, 2 -0.12, 2 -0.12, 3 -0.14, 3 -0.14, 3 -0.14, 3 -0.14, 3 -0.14, 3 -0.14, 3 -0.14, 3 -0.14, 4 -0.15, 5 -0.17, 5 -0.17, 6 -0.19, 9 -0.24, 
26% 
2 10.94, 2 10.34, 240 7.8, 2 -0.12, 2 -0.12, 2 -0.12, 2 -0.12, 2 -0.12, 2 -0.12, 2 -0.12, 2 -0.12, 2 -0.12, 2 -0.12, 2 -0.12, 2 -0.12, 2 -0.12, 2 -0.12, 2 -0.12, 2 -0.12, 2 -0.12, 3 -0.14, 3 -0.14, 3 -0.14, 3 -0.14, 3 -0.14, 3 -0.14, 3 -0.14, 3 -0.14, 4 -0.15, 5 -0.17, 5 -0.17, 6 -0.19, 9 -0.24, 
27% 
2 10.94, 2 10.34, 243 8.29, 2 -0.12, 2 -0.12, 2 -0.12, 2 -0.12, 2 -0.12, 2 -0.12, 2 -0.12, 2 -0.12, 2 -0.12, 2 -0.12, 2 -0.12, 2 -0.12, 2 -0.12, 2 -0.12, 2 -0.12, 2 -0.12, 2 -0.12, 2 -0.12, 3 -0.14, 3 -0.14, 3 -0.14, 3 -0.14, 3 -0.14, 3 -0.14, 4 -0.15, 5 -0.17, 5 -0.17, 6 -0.19, 9 -0.24, 
28% 
2 10.94, 2 10.34, 240 8.37, 2 -0.12, 2 -0.12, 2 -0.12, 2 -0.12, 2 -0.12, 2 -0.12, 2 -0.12, 2 -0.12, 2 -0.12, 2 -0.12, 2 -0.12, 2 -0.12, 2 -0.12, 2 -0.12, 2 -0.12, 2 -0.12, 2 -0.12, 2 -0.12, 3 -0.14, 3 -0.14, 3 -0.14, 3 -0.14, 3 -0.14, 3 -0.14, 4 -0.15, 4 -0.15, 5 -0.17, 6 -0.19, 9 -0.24, 
29% 
2 10.94, 2 10.34, 233 9.56, 2 -0.12, 2 -0.12, 2 -0.12, 2 -0.12, 2 -0.12, 2 -0.12, 2 -0.12, 2 -0.12, 2 -0.12, 2 -0.12, 2 -0.12, 2 -0.12, 2 -0.12, 2 -0.12, 2 -0.12, 2 -0.12, 3 -0.14, 3 -0.14, 3 -0.14, 3 -0.14, 3 -0.14, 3 -0.14, 4 -0.15, 4 -0.15, 5 -0.17, 6 -0.19, 9 -0.24, 
30% 
2 10.94, 2 10.34, 223 9.85, 2 -0.12, 2 -0.12, 2 -0.12, 2 -0.12, 2 -0.12, 2 -0.12, 2 -0.12, 2 -0.12, 2 -0.12, 2 -0.12, 2 -0.12, 2 -0.12, 2 -0.12, 2 -0.12, 2 -0.12, 2 -0.12, 3 -0.14, 3 -0.14, 3 -0.14, 3 -0.14, 3 -0.14, 3 -0.14, 3 -0.14, 4 -0.15, 4 -0.15, 4 -0.15, 5 -0.17, 9 -0.24, 
31% 
2 10.94, 2 10.34, 210 10.26, 2 -0.12, 2 -0.12, 2 -0.12, 2 -0.12, 2 -0.12, 2 -0.12, 2 -0.12, 2 -0.12, 2 -0.12, 2 -0.12, 2 -0.12, 2 -0.12, 2 -0.12, 2 -0.12, 2 -0.12, 3 -0.14, 3 -0.14, 3 -0.14, 3 -0.14, 3 -0.14, 3 -0.14, 3 -0.14, 3 -0.14, 4 -0.15, 4 -0.15, 4 -0.15, 5 -0.17, 9 -0.24, 
32% 
2 10.94, 2 10.34, 209 10.32, 2 -0.12, 2 -0.12, 2 -0.12, 2 -0.12, 2 -0.12, 2 -0.12, 2 -0.12, 2 -0.12, 2 -0.12, 2 -0.12, 2 -0.12, 2 -0.12, 2 -0.12, 2 -0.12, 2 -0.12, 3 -0.14, 3 -0.14, 3 -0.14, 3 -0.14, 3 -0.14, 3 -0.14, 3 -0.14, 3 -0.14, 4 -0.15, 4 -0.15, 4 -0.15, 5 -0.17, 9 -0.24, 
33% 
2 10.94, 204 10.51, 2 10.34, 2 -0.12, 2 -0.12, 2 -0.12, 2 -0.12, 2 -0.12, 2 -0.12, 2 -0.12, 2 -0.12, 2 -0.12, 2 -0.12, 2 -0.12, 2 -0.12, 2 -0.12, 2 -0.12, 2 -0.12, 3 -0.14, 3 -0.14, 3 -0.14, 3 -0.14, 3 -0.14, 3 -0.14, 3 -0.14, 3 -0.14, 3 -0.14, 4 -0.15, 4 -0.15, 4 -0.15, 9 -0.24, 
34% 
2 10.94, 199 10.66, 2 10.34, 2 -0.12, 2 -0.12, 2 -0.12, 2 -0.12, 2 -0.12, 2 -0.12, 2 -0.12, 2 -0.12, 2 -0.12, 2 -0.12, 2 -0.12, 2 -0.12, 2 -0.12, 2 -0.12, 2 -0.12, 3 -0.14, 3 -0.14, 3 -0.14, 3 -0.14, 3 -0.14, 3 -0.14, 3 -0.14, 3 -0.14, 3 -0.14, 3 -0.14, 4 -0.15, 4 -0.15, 9 -0.24, 
35% 
191 10.96, 2 10.94, 2 10.34, 2 -0.12, 2 -0.12, 2 -0.12, 2 -0.12, 2 -0.12, 2 -0.12, 2 -0.12, 2 -0.12, 2 -0.12, 2 -0.12, 2 -0.12, 2 -0.12, 2 -0.12, 2 -0.12, 2 -0.12, 3 -0.14, 3 -0.14, 3 -0.14, 3 -0.14, 3 -0.14, 3 -0.14, 3 -0.14, 3 -0.14, 3 -0.14, 3 -0.14, 4 -0.15, 4 -0.15, 9 -0.24, 
36% 
187 11.1, 2 10.94, 2 10.34, 2 -0.12, 2 -0.12, 2 -0.12, 2 -0.12, 2 -0.12, 2 -0.12, 2 -0.12, 2 -0.12, 2 -0.12, 2 -0.12, 2 -0.12, 2 -0.12, 2 -0.12, 2 -0.12, 3 -0.14, 3 -0.14, 3 -0.14, 3 -0.14, 3 -0.14, 3 -0.14, 3 -0.14, 3 -0.14, 3 -0.14, 3 -0.14, 4 -0.15, 4 -0.15, 4 -0.15, 4 -0.15, 
37% 
184 11.3, 2 10.94, 2 10.34, 2 -0.12, 2 -0.12, 2 -0.12, 2 -0.12, 2 -0.12, 2 -0.12, 2 -0.12, 2 -0.12, 2 -0.12, 2 -0.12, 2 -0.12, 2 -0.12, 2 -0.12, 3 -0.14, 3 -0.14, 3 -0.14, 3 -0.14, 3 -0.14, 3 -0.14, 3 -0.14, 3 -0.14, 3 -0.14, 3 -0.14, 4 -0.15, 4 -0.15, 4 -0.15, 4 -0.15, 
38% 
176 11.54, 2 10.94, 2 10.34, 2 -0.12, 2 -0.12, 2 -0.12, 2 -0.12, 2 -0.12, 2 -0.12, 2 -0.12, 2 -0.12, 2 -0.12, 2 -0.12, 2 -0.12, 2 -0.12, 2 -0.12, 3 -0.14, 3 -0.14, 3 -0.14, 3 -0.14, 3 -0.14, 3 -0.14, 3 -0.14, 3 -0.14, 3 -0.14, 3 -0.14, 4 -0.15, 4 -0.15, 4 -0.15, 4 -0.15, 
39% 
175 11.58, 2 10.94, 2 10.34, 2 -0.12, 2 -0.12, 2 -0.12, 2 -0.12, 2 -0.12, 2 -0.12, 2 -0.12, 2 -0.12, 2 -0.12, 2 -0.12, 2 -0.12, 2 -0.12, 2 -0.12, 2 -0.12, 3 -0.14, 3 -0.14, 3 -0.14, 3 -0.14, 3 -0.14, 3 -0.14, 3 -0.14, 3 -0.14, 3 -0.14, 4 -0.15, 4 -0.15, 4 -0.15, 4 -0.15, 
40% 
172 11.71, 2 10.94, 2 10.34, 2 9.05, 2 -0.12, 2 -0.12, 2 -0.12, 2 -0.12, 2 -0.12, 2 -0.12, 2 -0.12, 2 -0.12, 2 -0.12, 2 -0.12, 2 -0.12, 2 -0.12, 2 -0.12, 2 -0.12, 2 -0.12, 2 -0.12, 3 -0.14, 3 -0.14, 3 -0.14, 3 -0.14, 3 -0.14, 3 -0.14, 3 -0.14, 4 -0.15, 4 -0.15, 4 -0.15, 4 -0.15, 
41% 
171 11.75, 2 10.94, 2 10.34, 2 9.05, 2 -0.12, 2 -0.12, 2 -0.12, 2 -0.12, 2 -0.12, 2 -0.12, 2 -0.12, 2 -0.12, 2 -0.12, 2 -0.12, 2 -0.12, 2 -0.12, 2 -0.12, 3 -0.14, 3 -0.14, 3 -0.14, 3 -0.14, 3 -0.14, 3 -0.14, 3 -0.14, 4 -0.15, 4 -0.15, 4 -0.15, 4 -0.15, 
42% 
168 12.65, 2 10.94, 2 10.34, 2 9.05, 2 -0.12, 2 -0.12, 2 -0.12, 2 -0.12, 2 -0.12, 2 -0.12, 2 -0.12, 2 -0.12, 2 -0.12, 2 -0.12, 2 -0.12, 2 -0.12, 2 -0.12, 3 -0.14, 3 -0.14, 3 -0.14, 3 -0.14, 3 -0.14, 3 -0.14, 3 -0.14, 4 -0.15, 4 -0.15, 4 -0.15, 4 -0.15, 
43% 
166 12.74, 2 10.94, 2 10.34, 2 9.05, 2 -0.12, 2 -0.12, 2 -0.12, 2 -0.12, 2 -0.12, 2 -0.12, 2 -0.12, 2 -0.12, 2 -0.12, 2 -0.12, 2 -0.12, 2 -0.12, 2 -0.12, 3 -0.14, 3 -0.14, 3 -0.14, 3 -0.14, 3 -0.14, 3 -0.14, 4 -0.15, 4 -0.15, 4 -0.15, 4 -0.15, 
44% 
161 12.97, 2 10.94, 2 10.34, 2 9.05, 2 -0.12, 2 -0.12, 2 -0.12, 2 -0.12, 2 -0.12, 2 -0.12, 2 -0.12, 2 -0.12, 2 -0.12, 2 -0.12, 2 -0.12, 2 -0.12, 2 -0.12, 3 -0.14, 3 -0.14, 3 -0.14, 3 -0.14, 3 -0.14, 3 -0.14, 4 -0.15, 4 -0.15, 4 -0.15, 4 -0.15, 
45% 
156 13.26, 2 10.94, 2 10.34, 2 9.05, 2 -0.12, 2 -0.12, 2 -0.12, 2 -0.12, 2 -0.12, 2 -0.12, 2 -0.12, 2 -0.12, 2 -0.12, 2 -0.12, 2 -0.12, 2 -0.12, 2 -0.12, 2 -0.12, 3 -0.14, 3 -0.14, 3 -0.14, 3 -0.14, 3 -0.14, 3 -0.14, 4 -0.15, 4 -0.15, 4 -0.15, 4 -0.15, 
46% 
152 13.41, 2 10.94, 2 10.34, 2 9.05, 2 7.31, 2 -0.12, 2 -0.12, 2 -0.12, 2 -0.12, 2 -0.12, 2 -0.12, 2 -0.12, 2 -0.12, 2 -0.12, 2 -0.12, 2 -0.12, 2 -0.12, 2 -0.12, 2 -0.12, 2 -0.12, 3 -0.14, 3 -0.14, 3 -0.14, 3 -0.14, 3 -0.14, 4 -0.15, 4 -0.15, 4 -0.15, 4 -0.15, 
47% 
145 14.56, 2 10.94, 2 10.34, 2 9.05, 2 7.31, 2 -0.12, 2 -0.12, 2 -0.12, 2 -0.12, 2 -0.12, 2 -0.12, 2 -0.12, 2 -0.12, 2 -0.12, 2 -0.12, 2 -0.12, 2 -0.12, 2 -0.12, 3 -0.14, 3 -0.14, 3 -0.14, 3 -0.14, 3 -0.14, 4 -0.15, 4 -0.15, 4 -0.15, 4 -0.15, 
48% 
139 14.92, 2 10.94, 2 10.34, 2 9.05, 2 7.31, 2 -0.12, 2 -0.12, 2 -0.12, 2 -0.12, 2 -0.12, 2 -0.12, 2 -0.12, 2 -0.12, 2 -0.12, 2 -0.12, 2 -0.12, 2 -0.12, 2 -0.12, 2 -0.12, 3 -0.14, 3 -0.14, 3 -0.14, 3 -0.14, 3 -0.14, 4 -0.15, 4 -0.15, 4 -0.15, 4 -0.15, 
49% 
142 15.58, 2 10.94, 2 10.34, 2 9.05, 2 -0.12, 2 -0.12, 2 -0.12, 2 -0.12, 2 -0.12, 2 -0.12, 2 -0.12, 2 -0.12, 2 -0.12, 2 -0.12, 2 -0.12, 2 -0.12, 2 -0.12, 2 -0.12, 3 -0.14, 3 -0.14, 3 -0.14, 3 -0.14, 4 -0.15, 4 -0.15, 4 -0.15, 4 -0.15, 
50% 
127 16.63, 2 10.94, 2 10.34, 2 9.05, 2 -0.12, 2 -0.12, 2 -0.12, 2 -0.12, 2 -0.12, 2 -0.12, 2 -0.12, 2 -0.12, 2 -0.12, 2 -0.12, 2 -0.12, 2 -0.12, 2 -0.12, 2 -0.12, 2 -0.12, 3 -0.14, 3 -0.14, 3 -0.14, 4 -0.15, 4 -0.15, 4 -0.15, 4 -0.15, 14 -0.29, 
51% 
125 16.78, 2 10.94, 2 10.34, 2 9.05, 2 -0.12, 2 -0.12, 2 -0.12, 2 -0.12, 2 -0.12, 2 -0.12, 2 -0.12, 2 -0.12, 2 -0.12, 2 -0.12, 2 -0.12, 2 -0.12, 2 -0.12, 2 -0.12, 2 -0.12, 3 -0.14, 3 -0.14, 3 -0.14, 4 -0.15, 4 -0.15, 4 -0.15, 4 -0.15, 14 -0.29, 
52% 
123 16.91, 2 10.94, 2 10.34, 2 9.05, 2 -0.12, 2 -0.12, 2 -0.12, 2 -0.12, 2 -0.12, 2 -0.12, 2 -0.12, 2 -0.12, 2 -0.12, 2 -0.12, 2 -0.12, 2 -0.12, 3 -0.14, 3 -0.14, 3 -0.14, 4 -0.15, 4 -0.15, 4 -0.15, 4 -0.15, 14 -0.29, 
53% 
122 16.96, 2 10.94, 2 10.34, 2 9.05, 2 -0.12, 2 -0.12, 2 -0.12, 2 -0.12, 2 -0.12, 2 -0.12, 2 -0.12, 2 -0.12, 2 -0.12, 2 -0.12, 2 -0.12, 2 -0.12, 3 -0.14, 3 -0.14, 3 -0.14, 3 -0.14, 4 -0.15, 4 -0.15, 4 -0.15, 14 -0.29, 
54% 
122 16.96, 2 10.94, 2 10.34, 2 9.05, 2 -0.12, 2 -0.12, 2 -0.12, 2 -0.12, 2 -0.12, 2 -0.12, 2 -0.12, 2 -0.12, 2 -0.12, 2 -0.12, 2 -0.12, 2 -0.12, 3 -0.14, 3 -0.14, 3 -0.14, 3 -0.14, 4 -0.15, 4 -0.15, 4 -0.15, 13 -0.28, 
55% 
121 17.01, 2 10.94, 2 10.34, 2 9.05, 2 -0.12, 2 -0.12, 2 -0.12, 2 -0.12, 2 -0.12, 2 -0.12, 2 -0.12, 2 -0.12, 2 -0.12, 2 -0.12, 2 -0.12, 2 -0.12, 3 -0.14, 3 -0.14, 3 -0.14, 3 -0.14, 4 -0.15, 4 -0.15, 13 -0.28, 
56% 
119 17.22, 2 10.94, 2 10.34, 2 9.05, 2 -0.12, 2 -0.12, 2 -0.12, 2 -0.12, 2 -0.12, 2 -0.12, 2 -0.12, 2 -0.12, 2 -0.12, 2 -0.12, 2 -0.12, 2 -0.12, 3 -0.14, 3 -0.14, 3 -0.14, 4 -0.15, 4 -0.15, 13 -0.28, 
57% 
117 17.41, 2 10.94, 2 10.34, 2 9.05, 2 8.69, 2 -0.12, 2 -0.12, 2 -0.12, 2 -0.12, 2 -0.12, 2 -0.12, 2 -0.12, 2 -0.12, 2 -0.12, 2 -0.12, 2 -0.12, 3 -0.14, 3 -0.14, 3 -0.14, 4 -0.15, 4 -0.15, 12 -0.27, 
58% 
113 17.84, 2 10.94, 2 10.34, 2 9.05, 2 8.69, 2 -0.12, 2 -0.12, 2 -0.12, 2 -0.12, 2 -0.12, 2 -0.12, 2 -0.12, 2 -0.12, 2 -0.12, 2 -0.12, 3 -0.14, 3 -0.14, 4 -0.15, 4 -0.15, 12 -0.27, 
59% 
113 17.84, 2 10.94, 2 10.34, 2 9.05, 2 8.69, 2 -0.12, 2 -0.12, 2 -0.12, 2 -0.12, 2 -0.12, 2 -0.12, 2 -0.12, 2 -0.12, 2 -0.12, 2 -0.12, 3 -0.14, 3 -0.14, 4 -0.15, 4 -0.15, 12 -0.27, 
60% 
112 17.86, 2 10.94, 2 10.34, 2 9.05, 2 8.69, 2 -0.12, 2 -0.12, 2 -0.12, 2 -0.12, 2 -0.12, 2 -0.12, 2 -0.12, 2 -0.12, 2 -0.12, 2 -0.12, 3 -0.14, 3 -0.14, 4 -0.15, 4 -0.15, 12 -0.27, 
61% 
112 17.86, 2 10.94, 2 10.34, 2 9.05, 2 8.69, 2 -0.12, 2 -0.12, 2 -0.12, 2 -0.12, 2 -0.12, 2 -0.12, 2 -0.12, 2 -0.12, 2 -0.12, 3 -0.14, 3 -0.14, 3 -0.14, 4 -0.15, 11 -0.26, 
62% 
111 17.97, 2 10.94, 2 10.34, 2 9.05, 2 8.69, 2 -0.12, 2 -0.12, 2 -0.12, 2 -0.12, 2 -0.12, 2 -0.12, 2 -0.12, 2 -0.12, 2 -0.12, 3 -0.14, 3 -0.14, 4 -0.15, 11 -0.26, 
63% 
110 18.02, 2 10.94, 2 10.34, 2 9.05, 2 8.69, 2 -0.12, 2 -0.12, 2 -0.12, 2 -0.12, 2 -0.12, 2 -0.12, 2 -0.12, 2 -0.12, 2 -0.12, 3 -0.14, 3 -0.14, 4 -0.15, 11 -0.26, 
64% 
108 18.25, 2 10.94, 2 10.34, 2 9.05, 2 8.69, 2 -0.12, 2 -0.12, 2 -0.12, 2 -0.12, 2 -0.12, 2 -0.12, 2 -0.12, 2 -0.12, 2 -0.12, 3 -0.14, 3 -0.14, 4 -0.15, 11 -0.26, 
65% 
107 19.32, 2 10.94, 2 10.34, 2 9.05, 2 8.69, 2 -0.12, 2 -0.12, 2 -0.12, 2 -0.12, 2 -0.12, 2 -0.12, 2 -0.12, 2 -0.12, 2 -0.12, 2 -0.12, 3 -0.14, 3 -0.14, 4 -0.15, 10 -0.25, 
66% 
112 20.19, 2 10.94, 2 10.34, 2 9.05, 2 8.69, 7 3.66, 2 -0.12, 2 -0.12, 2 -0.12, 2 -0.12, 2 -0.12, 2 -0.12, 2 -0.12, 2 -0.12, 2 -0.12, 2 -0.12, 2 -0.12, 3 -0.14, 4 -0.15, 10 -0.25, 
67% 
104 20.92, 2 10.94, 2 10.34, 2 9.05, 2 8.69, 7 3.66, 2 -0.12, 2 -0.12, 2 -0.12, 2 -0.12, 2 -0.12, 2 -0.12, 2 -0.12, 2 -0.12, 2 -0.12, 2 -0.12, 2 -0.12, 2 -0.12, 3 -0.14, 4 -0.15, 10 -0.25, 
68% 
104 20.92, 2 10.94, 2 10.34, 2 9.05, 2 8.69, 7 3.66, 11 2.55, 2 -0.12, 2 -0.12, 2 -0.12, 2 -0.12, 2 -0.12, 2 -0.12, 2 -0.12, 2 -0.12, 2 -0.12, 2 -0.12, 2 -0.12, 3 -0.14, 4 -0.15, 
69% 
103 20.97, 2 10.94, 2 10.34, 2 9.05, 2 8.69, 7 3.66, 11 2.55, 2 -0.12, 2 -0.12, 2 -0.12, 2 -0.12, 2 -0.12, 2 -0.12, 2 -0.12, 2 -0.12, 2 -0.12, 2 -0.12, 2 -0.12, 3 -0.14, 4 -0.15, 
70% 
103 20.97, 2 10.94, 2 10.34, 2 9.05, 2 8.69, 7 3.66, 11 2.55, 2 -0.12, 2 -0.12, 2 -0.12, 2 -0.12, 2 -0.12, 2 -0.12, 2 -0.12, 2 -0.12, 2 -0.12, 2 -0.12, 2 -0.12, 3 -0.14, 4 -0.15, 
71% 
130 23.35, 2 10.34, 2 9.05, 2 8.69, 7 3.66, 11 2.55, 2 -0.12, 2 -0.12, 2 -0.12, 2 -0.12, 2 -0.12, 2 -0.12, 2 -0.12, 2 -0.12, 2 -0.12, 2 -0.12, 2 -0.12, 3 -0.14, 4 -0.15, 
72% 
128 23.52, 2 10.34, 2 9.05, 2 8.69, 7 3.66, 11 2.55, 2 -0.12, 2 -0.12, 2 -0.12, 2 -0.12, 2 -0.12, 2 -0.12, 2 -0.12, 2 -0.12, 2 -0.12, 2 -0.12, 2 -0.12, 3 -0.14, 4 -0.15, 
73% 
125 23.88, 2 10.34, 2 9.05, 2 8.69, 7 3.66, 8 3.26, 10 2.64, 2 -0.12, 2 -0.12, 2 -0.12, 2 -0.12, 2 -0.12, 2 -0.12, 2 -0.12, 2 -0.12, 2 -0.12, 2 -0.12, 2 -0.12, 3 -0.14, 4 -0.15, 
74% 
124 23.97, 2 10.34, 2 9.05, 2 8.69, 7 3.66, 8 3.26, 10 2.64, 2 -0.12, 2 -0.12, 2 -0.12, 2 -0.12, 2 -0.12, 2 -0.12, 2 -0.12, 2 -0.12, 2 -0.12, 2 -0.12, 2 -0.12, 3 -0.14, 4 -0.15, 
75% 
123 24.05, 2 10.34, 2 9.05, 2 8.69, 7 3.66, 8 3.26, 10 2.64, 2 -0.12, 2 -0.12, 2 -0.12, 2 -0.12, 2 -0.12, 2 -0.12, 2 -0.12, 2 -0.12, 2 -0.12, 2 -0.12, 2 -0.12, 3 -0.14, 4 -0.15, 
76% 
131 24.16, 2 10.34, 2 9.05, 2 8.69, 8 3.26, 10 2.64, 2 -0.12, 2 -0.12, 2 -0.12, 2 -0.12, 2 -0.12, 2 -0.12, 2 -0.12, 2 -0.12, 2 -0.12, 2 -0.12, 3 -0.14, 4 -0.15, 
77% 
128 24.44, 2 10.34, 2 9.05, 2 8.69, 8 3.26, 10 2.64, 2 -0.12, 2 -0.12, 2 -0.12, 2 -0.12, 2 -0.12, 2 -0.12, 2 -0.12, 2 -0.12, 2 -0.12, 2 -0.12, 3 -0.14, 4 -0.15, 
78% 
125 24.81, 2 10.34, 2 9.05, 2 8.69, 8 3.26, 10 2.64, 2 -0.12, 2 -0.12, 2 -0.12, 2 -0.12, 2 -0.12, 2 -0.12, 2 -0.12, 2 -0.12, 2 -0.12, 2 -0.12, 3 -0.14, 4 -0.15, 
79% 
125 24.81, 2 10.34, 2 9.05, 2 8.69, 8 3.26, 9 2.88, 2 -0.12, 2 -0.12, 2 -0.12, 2 -0.12, 2 -0.12, 2 -0.12, 2 -0.12, 2 -0.12, 2 -0.12, 2 -0.12, 3 -0.14, 4 -0.15, 
80% 
119 25.44, 2 10.34, 2 9.05, 2 8.69, 7 3.31, 8 3.26, 2 -0.12, 2 -0.12, 2 -0.12, 2 -0.12, 2 -0.12, 2 -0.12, 2 -0.12, 2 -0.12, 2 -0.12, 3 -0.14, 4 -0.15, 4 -0.15, 
81% 
117 25.71, 2 10.34, 2 9.05, 2 8.69, 7 3.31, 8 3.26, 2 -0.12, 2 -0.12, 2 -0.12, 2 -0.12, 2 -0.12, 2 -0.12, 2 -0.12, 2 -0.12, 2 -0.12, 3 -0.14, 4 -0.15, 
82% 
114 26.23, 2 10.34, 2 9.05, 2 8.69, 7 3.31, 8 3.26, 2 -0.12, 2 -0.12, 2 -0.12, 2 -0.12, 2 -0.12, 2 -0.12, 2 -0.12, 2 -0.12, 2 -0.12, 3 -0.14, 4 -0.15, 
83% 
112 26.36, 2 10.34, 2 9.05, 2 8.69, 7 3.31, 8 3.26, 2 -0.12, 2 -0.12, 2 -0.12, 2 -0.12, 2 -0.12, 2 -0.12, 2 -0.12, 2 -0.12, 2 -0.12, 3 -0.14, 4 -0.15, 
84% 
111 26.51, 2 10.34, 2 9.05, 2 8.69, 7 3.31, 8 3.26, 2 -0.12, 2 -0.12, 2 -0.12, 2 -0.12, 2 -0.12, 2 -0.12, 2 -0.12, 2 -0.12, 2 -0.12, 3 -0.14, 4 -0.15, 
85% 
109 26.69, 2 10.34, 2 9.05, 2 8.69, 7 3.31, 8 3.26, 2 -0.12, 2 -0.12, 2 -0.12, 2 -0.12, 2 -0.12, 2 -0.12, 2 -0.12, 2 -0.12, 3 -0.14, 4 -0.15, 
86% 
107 27, 2 10.34, 2 9.05, 2 8.69, 8 4.67, 7 3.31, 8 3.26, 2 -0.12, 2 -0.12, 2 -0.12, 2 -0.12, 2 -0.12, 2 -0.12, 2 -0.12, 2 -0.12, 3 -0.14, 4 -0.15, 
87% 
105 27.14, 2 10.34, 2 9.05, 2 8.69, 8 4.67, 7 3.31, 8 3.26, 2 -0.12, 2 -0.12, 2 -0.12, 2 -0.12, 2 -0.12, 2 -0.12, 2 -0.12, 2 -0.12, 3 -0.14, 4 -0.15, 
88% 
104 27.28, 2 10.34, 2 9.05, 2 8.69, 8 4.67, 7 3.31, 8 3.26, 2 -0.12, 2 -0.12, 2 -0.12, 2 -0.12, 2 -0.12, 2 -0.12, 2 -0.12, 2 -0.12, 3 -0.14, 4 -0.15, 
89% 
104 28.48, 2 10.34, 2 9.05, 2 8.69, 7 5.06, 7 3.31, 8 3.26, 2 -0.12, 2 -0.12, 2 -0.12, 2 -0.12, 2 -0.12, 2 -0.12, 2 -0.12, 2 -0.12, 3 -0.14, 4 -0.15, 
90% 
104 28.48, 2 10.34, 2 9.05, 2 8.69, 7 5.06, 7 3.31, 8 3.26, 2 -0.12, 2 -0.12, 2 -0.12, 2 -0.12, 2 -0.12, 2 -0.12, 2 -0.12, 2 -0.12, 3 -0.14, 4 -0.15, 
91% 
103 28.56, 2 10.34, 2 9.05, 2 8.69, 7 5.06, 4 4.39, 8 3.26, 2 -0.12, 2 -0.12, 2 -0.12, 2 -0.12, 2 -0.12, 2 -0.12, 2 -0.12, 2 -0.12, 2 -0.12, 3 -0.14, 4 -0.15, 
92% 
103 28.56, 2 10.34, 2 9.05, 2 8.69, 7 5.06, 4 4.39, 8 3.26, 2 -0.12, 2 -0.12, 2 -0.12, 2 -0.12, 2 -0.12, 2 -0.12, 2 -0.12, 2 -0.12, 2 -0.12, 3 -0.14, 4 -0.15, 
93% 
101 29, 2 10.34, 2 9.05, 2 8.69, 7 5.06, 4 4.39, 8 3.26, 2 -0.12, 2 -0.12, 2 -0.12, 2 -0.12, 2 -0.12, 2 -0.12, 2 -0.12, 2 -0.12, 2 -0.12, 3 -0.14, 4 -0.15, 
94% 
100 29.26, 2 10.34, 2 9.05, 2 8.69, 7 5.06, 4 4.39, 8 3.26, 2 -0.12, 2 -0.12, 2 -0.12, 2 -0.12, 2 -0.12, 2 -0.12, 2 -0.12, 2 -0.12, 2 -0.12, 3 -0.14, 4 -0.15, 
95% 
100 29.26, 2 10.34, 2 9.05, 2 8.69, 6 5.55, 4 4.39, 8 3.26, 2 -0.12, 2 -0.12, 2 -0.12, 2 -0.12, 2 -0.12, 2 -0.12, 2 -0.12, 2 -0.12, 3 -0.14, 4 -0.15, 
96% 
100 29.26, 2 10.34, 2 9.05, 2 8.69, 6 5.55, 4 4.39, 8 3.26, 2 -0.12, 2 -0.12, 2 -0.12, 2 -0.12, 2 -0.12, 2 -0.12, 2 -0.12, 2 -0.12, 3 -0.14, 4 -0.15, 
97% 
98 29.52, 2 10.34, 2 9.05, 2 8.69, 6 5.55, 4 4.39, 7 3.54, 2 -0.12, 2 -0.12, 2 -0.12, 2 -0.12, 2 -0.12, 2 -0.12, 2 -0.12, 2 -0.12, 3 -0.14, 4 -0.15, 
98% 
98 29.52, 2 10.34, 2 9.05, 2 8.69, 6 5.55, 4 4.39, 7 3.54, 2 -0.12, 2 -0.12, 2 -0.12, 2 -0.12, 2 -0.12, 2 -0.12, 2 -0.12, 2 -0.12, 2 -0.12, 4 -0.15, 
99% 
97 29.63, 2 10.34, 2 9.05, 2 8.69, 6 5.55, 4 4.39, 7 3.54, 2 -0.12, 2 -0.12, 2 -0.12, 2 -0.12, 2 -0.12, 2 -0.12, 2 -0.12, 2 -0.12, 2 -0.12, 3 -0.14, 
100%
95 29.77, 2 10.34, 2 9.05, 2 8.69, 6 5.55, 4 4.39, 7 3.54, 2 -0.12, 2 -0.12, 2 -0.12, 2 -0.12, 2 -0.12, 2 -0.12, 2 -0.12, 2 -0.12, 3 -0.14, 
