-sif=/home/safia/anaconda3/lib/R/library/pathfindR/extdata/KEGG.sif
-sig=/home/safia/Documents/pathfindR_Results(2)/active_snw_searches/Iteration_8/active_snw_search/input_for_search.txt
-method=SA
-saTemp0=1
-saTemp1=0.01
-saIter=10000
-geneInitProb=0.157777777777778
-gaPop=400
-gaIter=200
-gaThread=5
-gaMut=0
-grMaxDepth=1
-grSearchDepth=1
-grOverlap=0.5
-grSubNum=1000
2 3.45, 3 2.48, 2 2.38, 3 2.07, 3 1.39, 3 1.37, 6 1.29, 496 -0.29, 2 -0.33, 2 -0.33, 2 -0.33, 2 -0.33, 2 -0.33, 2 -0.33, 2 -0.33, 2 -0.33, 2 -0.33, 2 -0.33, 2 -0.33, 2 -0.33, 2 -0.33, 2 -0.33, 2 -0.33, 2 -0.33, 2 -0.33, 2 -0.33, 2 -0.33, 2 -0.33, 2 -0.33, 3 -0.41, 3 -0.41, 4 -0.47, 4 -0.47, 4 -0.47, 4 -0.47, 4 -0.47, 4 -0.47, 5 -0.52, 5 -0.52, 5 -0.52, 5 -0.52, 7 -0.62, 8 -0.67, 
Percentage of finished job, node number and score of modules that have more than one node are as follows:
0%
1% 
2 3.45, 8 3.41, 3 2.48, 2 2.38, 3 2.07, 3 1.45, 3 1.39, 3 1.37, 6 1.29, 2 -0.33, 2 -0.33, 2 -0.33, 2 -0.33, 2 -0.33, 2 -0.33, 2 -0.33, 2 -0.33, 2 -0.33, 2 -0.33, 2 -0.33, 2 -0.33, 2 -0.33, 2 -0.33, 2 -0.33, 2 -0.33, 2 -0.33, 2 -0.33, 2 -0.33, 2 -0.33, 2 -0.33, 2 -0.33, 2 -0.33, 3 -0.41, 3 -0.41, 4 -0.47, 4 -0.47, 4 -0.47, 4 -0.47, 4 -0.47, 4 -0.47, 4 -0.47, 5 -0.52, 5 -0.52, 5 -0.52, 471 -0.57, 6 -0.57, 7 -0.62, 
2% 
2 3.45, 8 3.41, 3 2.48, 2 2.38, 3 2.07, 3 1.45, 3 1.39, 3 1.37, 6 1.29, 462 -0.31, 2 -0.33, 2 -0.33, 2 -0.33, 2 -0.33, 2 -0.33, 2 -0.33, 2 -0.33, 2 -0.33, 2 -0.33, 2 -0.33, 2 -0.33, 2 -0.33, 2 -0.33, 2 -0.33, 2 -0.33, 2 -0.33, 2 -0.33, 2 -0.33, 2 -0.33, 2 -0.33, 2 -0.33, 2 -0.33, 2 -0.33, 3 -0.41, 3 -0.41, 3 -0.41, 4 -0.47, 4 -0.47, 4 -0.47, 4 -0.47, 4 -0.47, 4 -0.47, 4 -0.47, 5 -0.52, 5 -0.52, 6 -0.57, 7 -0.62, 
3% 
2 3.45, 8 3.41, 3 2.48, 2 2.38, 3 2.1, 3 2.07, 2 1.93, 3 1.39, 3 1.37, 6 1.29, 452 0.45, 2 -0.33, 2 -0.33, 2 -0.33, 2 -0.33, 2 -0.33, 2 -0.33, 2 -0.33, 2 -0.33, 2 -0.33, 2 -0.33, 2 -0.33, 2 -0.33, 2 -0.33, 2 -0.33, 2 -0.33, 2 -0.33, 2 -0.33, 2 -0.33, 2 -0.33, 2 -0.33, 2 -0.33, 2 -0.33, 3 -0.41, 3 -0.41, 3 -0.41, 4 -0.47, 4 -0.47, 4 -0.47, 4 -0.47, 4 -0.47, 4 -0.47, 4 -0.47, 5 -0.52, 5 -0.52, 6 -0.57, 6 -0.57, 8 -0.67, 
4% 
7 3.78, 2 3.45, 3 2.48, 2 2.38, 2 2.33, 3 2.1, 2 2.09, 3 2.07, 2 1.93, 3 1.57, 3 1.39, 3 1.37, 4 1.36, 6 1.29, 446 1.16, 2 -0.33, 2 -0.33, 2 -0.33, 2 -0.33, 2 -0.33, 2 -0.33, 2 -0.33, 2 -0.33, 2 -0.33, 2 -0.33, 2 -0.33, 2 -0.33, 2 -0.33, 2 -0.33, 2 -0.33, 2 -0.33, 2 -0.33, 2 -0.33, 2 -0.33, 2 -0.33, 2 -0.33, 2 -0.33, 3 -0.41, 3 -0.41, 3 -0.41, 4 -0.47, 4 -0.47, 4 -0.47, 4 -0.47, 4 -0.47, 4 -0.47, 4 -0.47, 5 -0.52, 6 -0.57, 6 -0.57, 8 -0.67, 
5% 
7 3.78, 2 3.45, 2 3.17, 2 2.38, 2 2.33, 3 2.1, 2 2.09, 3 2.07, 2 1.93, 3 1.57, 3 1.39, 3 1.37, 4 1.36, 6 1.29, 435 1.1, 2 -0.33, 2 -0.33, 2 -0.33, 2 -0.33, 2 -0.33, 2 -0.33, 2 -0.33, 2 -0.33, 2 -0.33, 2 -0.33, 2 -0.33, 2 -0.33, 2 -0.33, 2 -0.33, 2 -0.33, 2 -0.33, 2 -0.33, 2 -0.33, 2 -0.33, 3 -0.41, 3 -0.41, 3 -0.41, 3 -0.41, 4 -0.47, 4 -0.47, 4 -0.47, 4 -0.47, 4 -0.47, 4 -0.47, 5 -0.52, 5 -0.52, 6 -0.57, 8 -0.67, 
6% 
7 3.78, 2 3.45, 2 3.17, 2 2.38, 2 2.33, 3 2.1, 2 2.09, 3 2.07, 2 1.93, 3 1.57, 3 1.41, 3 1.39, 3 1.37, 4 1.36, 6 1.29, 424 1.25, 2 -0.33, 2 -0.33, 2 -0.33, 2 -0.33, 2 -0.33, 2 -0.33, 2 -0.33, 2 -0.33, 2 -0.33, 2 -0.33, 2 -0.33, 2 -0.33, 2 -0.33, 2 -0.33, 2 -0.33, 2 -0.33, 2 -0.33, 2 -0.33, 3 -0.41, 3 -0.41, 3 -0.41, 3 -0.41, 4 -0.47, 4 -0.47, 4 -0.47, 4 -0.47, 4 -0.47, 4 -0.47, 5 -0.52, 5 -0.52, 6 -0.57, 8 -0.67, 
7% 
7 3.78, 2 3.45, 2 3.17, 2 2.69, 2 2.38, 2 2.33, 2 2.2, 437 2.2, 3 2.1, 2 2.09, 3 2.07, 2 1.93, 5 1.5, 3 1.41, 3 1.39, 3 1.37, 4 1.36, 2 -0.33, 2 -0.33, 2 -0.33, 2 -0.33, 2 -0.33, 2 -0.33, 2 -0.33, 2 -0.33, 2 -0.33, 2 -0.33, 2 -0.33, 2 -0.33, 2 -0.33, 2 -0.33, 2 -0.33, 2 -0.33, 2 -0.33, 2 -0.33, 2 -0.33, 2 -0.33, 3 -0.41, 3 -0.41, 3 -0.41, 3 -0.41, 4 -0.47, 4 -0.47, 4 -0.47, 4 -0.47, 4 -0.47, 4 -0.47, 4 -0.47, 5 -0.52, 6 -0.57, 7 -0.62, 
8% 
7 3.78, 2 3.45, 419 3.4, 2 3.17, 2 2.69, 2 2.38, 2 2.33, 2 2.2, 3 2.1, 2 2.09, 3 2.07, 2 1.93, 5 1.5, 3 1.41, 3 1.39, 3 1.37, 4 1.36, 6 0.89, 2 -0.33, 2 -0.33, 2 -0.33, 2 -0.33, 2 -0.33, 2 -0.33, 2 -0.33, 2 -0.33, 2 -0.33, 2 -0.33, 2 -0.33, 2 -0.33, 2 -0.33, 2 -0.33, 2 -0.33, 2 -0.33, 2 -0.33, 2 -0.33, 2 -0.33, 2 -0.33, 3 -0.41, 3 -0.41, 3 -0.41, 3 -0.41, 4 -0.47, 4 -0.47, 4 -0.47, 4 -0.47, 4 -0.47, 4 -0.47, 4 -0.47, 5 -0.52, 5 -0.52, 6 -0.57, 6 -0.57, 
9% 
409 4.27, 7 3.78, 2 3.45, 2 3.17, 2 2.69, 2 2.38, 2 2.33, 2 2.2, 3 2.1, 2 2.09, 3 2.07, 2 1.93, 3 1.67, 5 1.5, 3 1.41, 3 1.39, 3 1.37, 6 0.89, 2 -0.33, 2 -0.33, 2 -0.33, 2 -0.33, 2 -0.33, 2 -0.33, 2 -0.33, 2 -0.33, 2 -0.33, 2 -0.33, 2 -0.33, 2 -0.33, 2 -0.33, 2 -0.33, 2 -0.33, 2 -0.33, 2 -0.33, 2 -0.33, 2 -0.33, 2 -0.33, 2 -0.33, 3 -0.41, 3 -0.41, 3 -0.41, 3 -0.41, 3 -0.41, 3 -0.41, 4 -0.47, 4 -0.47, 4 -0.47, 4 -0.47, 4 -0.47, 5 -0.52, 5 -0.52, 5 -0.52, 6 -0.57, 
10% 
428 4.76, 2 3.45, 2 3.17, 4 2.9, 2 2.69, 2 2.38, 2 2.33, 3 2.1, 2 2.09, 3 2.07, 2 1.96, 2 1.93, 3 1.67, 5 1.5, 3 1.41, 3 1.37, 2 -0.33, 2 -0.33, 2 -0.33, 2 -0.33, 2 -0.33, 2 -0.33, 2 -0.33, 2 -0.33, 2 -0.33, 2 -0.33, 2 -0.33, 2 -0.33, 2 -0.33, 2 -0.33, 2 -0.33, 2 -0.33, 2 -0.33, 2 -0.33, 2 -0.33, 2 -0.33, 3 -0.41, 3 -0.41, 3 -0.41, 3 -0.41, 3 -0.41, 4 -0.47, 4 -0.47, 4 -0.47, 4 -0.47, 4 -0.47, 5 -0.52, 5 -0.52, 5 -0.52, 6 -0.57, 
11% 
433 6.18, 2 3.45, 14 3.41, 2 3.17, 2 2.69, 2 2.38, 2 2.33, 3 2.1, 2 2.09, 3 2.07, 2 1.96, 2 1.93, 3 1.67, 3 1.41, 3 1.37, 2 -0.33, 2 -0.33, 2 -0.33, 2 -0.33, 2 -0.33, 2 -0.33, 2 -0.33, 2 -0.33, 2 -0.33, 2 -0.33, 2 -0.33, 2 -0.33, 2 -0.33, 2 -0.33, 2 -0.33, 2 -0.33, 2 -0.33, 2 -0.33, 2 -0.33, 2 -0.33, 2 -0.33, 3 -0.41, 3 -0.41, 3 -0.41, 3 -0.41, 3 -0.41, 4 -0.47, 4 -0.47, 4 -0.47, 4 -0.47, 5 -0.52, 5 -0.52, 5 -0.52, 6 -0.57, 
12% 
437 7.03, 4 3.91, 2 3.45, 14 3.41, 2 3.17, 2 2.69, 2 2.38, 2 2.33, 3 2.07, 2 1.96, 2 1.93, 2 1.88, 3 1.67, 3 1.37, 2 -0.33, 2 -0.33, 2 -0.33, 2 -0.33, 2 -0.33, 2 -0.33, 2 -0.33, 2 -0.33, 2 -0.33, 2 -0.33, 2 -0.33, 2 -0.33, 2 -0.33, 2 -0.33, 2 -0.33, 2 -0.33, 2 -0.33, 2 -0.33, 2 -0.33, 2 -0.33, 2 -0.33, 3 -0.41, 3 -0.41, 3 -0.41, 3 -0.41, 3 -0.41, 4 -0.47, 4 -0.47, 4 -0.47, 4 -0.47, 5 -0.52, 5 -0.52, 5 -0.52, 6 -0.57, 
13% 
423 7.36, 4 3.91, 2 3.45, 14 3.41, 2 3.17, 4 3.08, 4 2.71, 2 2.69, 2 2.38, 2 2.33, 2 2.17, 3 2.07, 2 1.96, 2 1.93, 2 1.88, 3 1.67, 3 1.37, 2 -0.33, 2 -0.33, 2 -0.33, 2 -0.33, 2 -0.33, 2 -0.33, 2 -0.33, 2 -0.33, 2 -0.33, 2 -0.33, 2 -0.33, 2 -0.33, 2 -0.33, 2 -0.33, 2 -0.33, 2 -0.33, 2 -0.33, 2 -0.33, 2 -0.33, 2 -0.33, 2 -0.33, 2 -0.33, 2 -0.33, 3 -0.41, 3 -0.41, 3 -0.41, 3 -0.41, 4 -0.47, 4 -0.47, 4 -0.47, 4 -0.47, 5 -0.52, 5 -0.52, 5 -0.52, 6 -0.57, 
14% 
425 8.01, 7 3.94, 4 3.91, 6 3.76, 2 3.45, 14 3.41, 4 2.71, 2 2.69, 2 2.33, 3 2.07, 2 1.96, 2 1.93, 2 1.88, 3 1.67, 3 1.37, 7 0.63, 2 -0.33, 2 -0.33, 2 -0.33, 2 -0.33, 2 -0.33, 2 -0.33, 2 -0.33, 2 -0.33, 2 -0.33, 2 -0.33, 2 -0.33, 2 -0.33, 2 -0.33, 2 -0.33, 2 -0.33, 2 -0.33, 2 -0.33, 2 -0.33, 2 -0.33, 2 -0.33, 2 -0.33, 2 -0.33, 2 -0.33, 2 -0.33, 3 -0.41, 3 -0.41, 3 -0.41, 4 -0.47, 4 -0.47, 4 -0.47, 4 -0.47, 5 -0.52, 5 -0.52, 5 -0.52, 6 -0.57, 
15% 
421 8.86, 7 3.94, 4 3.91, 6 3.76, 2 3.45, 14 3.41, 5 3.13, 4 2.71, 2 2.69, 2 2.33, 3 2.07, 2 1.96, 2 1.93, 2 1.88, 3 1.67, 3 1.37, 6 0.75, 2 -0.33, 2 -0.33, 2 -0.33, 2 -0.33, 2 -0.33, 2 -0.33, 2 -0.33, 2 -0.33, 2 -0.33, 2 -0.33, 2 -0.33, 2 -0.33, 2 -0.33, 2 -0.33, 2 -0.33, 2 -0.33, 2 -0.33, 2 -0.33, 2 -0.33, 2 -0.33, 2 -0.33, 2 -0.33, 2 -0.33, 3 -0.41, 3 -0.41, 3 -0.41, 4 -0.47, 4 -0.47, 4 -0.47, 4 -0.47, 5 -0.52, 5 -0.52, 5 -0.52, 6 -0.57, 
16% 
462 10.05, 6 4.25, 4 3.91, 2 3.45, 5 3.13, 2 2.69, 2 2.33, 2 2.13, 3 2.07, 2 1.96, 2 1.93, 2 1.88, 3 1.67, 3 1.37, 4 1.13, 6 0.75, 2 -0.33, 2 -0.33, 2 -0.33, 2 -0.33, 2 -0.33, 2 -0.33, 2 -0.33, 2 -0.33, 2 -0.33, 2 -0.33, 2 -0.33, 2 -0.33, 2 -0.33, 2 -0.33, 2 -0.33, 2 -0.33, 2 -0.33, 2 -0.33, 2 -0.33, 2 -0.33, 3 -0.41, 3 -0.41, 4 -0.47, 4 -0.47, 4 -0.47, 5 -0.52, 5 -0.52, 5 -0.52, 6 -0.57, 
17% 
460 10.61, 6 4.25, 4 3.91, 2 3.45, 5 3.13, 2 2.69, 2 2.33, 2 2.13, 3 2.07, 2 1.96, 2 1.93, 2 1.88, 3 1.67, 3 1.37, 4 1.13, 6 0.75, 7 0.7, 2 -0.33, 2 -0.33, 2 -0.33, 2 -0.33, 2 -0.33, 2 -0.33, 2 -0.33, 2 -0.33, 2 -0.33, 2 -0.33, 2 -0.33, 2 -0.33, 2 -0.33, 2 -0.33, 2 -0.33, 2 -0.33, 2 -0.33, 2 -0.33, 2 -0.33, 2 -0.33, 3 -0.41, 3 -0.41, 4 -0.47, 4 -0.47, 4 -0.47, 5 -0.52, 5 -0.52, 6 -0.57, 
18% 
465 11.06, 6 4.25, 4 3.91, 2 3.45, 5 3.13, 2 2.69, 2 2.33, 3 2.07, 2 1.96, 2 1.93, 2 1.88, 3 1.67, 3 1.37, 4 1.13, 4 1.1, 5 0.92, 6 0.83, 2 -0.33, 2 -0.33, 2 -0.33, 2 -0.33, 2 -0.33, 2 -0.33, 2 -0.33, 2 -0.33, 2 -0.33, 2 -0.33, 2 -0.33, 2 -0.33, 2 -0.33, 2 -0.33, 2 -0.33, 2 -0.33, 3 -0.41, 3 -0.41, 4 -0.47, 4 -0.47, 4 -0.47, 5 -0.52, 5 -0.52, 6 -0.57, 
19% 
471 11.07, 2 6.81, 6 4.25, 4 3.91, 2 3.45, 5 3.13, 2 2.69, 2 2.33, 3 2.07, 2 1.96, 2 1.93, 2 1.88, 3 1.67, 3 1.37, 4 1.13, 4 1.1, 6 0.83, 2 -0.33, 2 -0.33, 2 -0.33, 2 -0.33, 2 -0.33, 2 -0.33, 2 -0.33, 2 -0.33, 2 -0.33, 2 -0.33, 2 -0.33, 2 -0.33, 2 -0.33, 2 -0.33, 2 -0.33, 2 -0.33, 3 -0.41, 4 -0.47, 4 -0.47, 5 -0.52, 5 -0.52, 5 -0.52, 
20% 
452 11.39, 2 6.81, 6 4.25, 4 3.91, 2 3.45, 5 3.13, 5 2.93, 2 2.69, 2 2.33, 3 2.07, 3 2.02, 2 1.96, 2 1.93, 2 1.88, 3 1.67, 3 1.37, 4 1.1, 5 0.99, 6 0.83, 2 -0.33, 2 -0.33, 2 -0.33, 2 -0.33, 2 -0.33, 2 -0.33, 2 -0.33, 2 -0.33, 2 -0.33, 2 -0.33, 2 -0.33, 2 -0.33, 2 -0.33, 2 -0.33, 2 -0.33, 2 -0.33, 3 -0.41, 4 -0.47, 4 -0.47, 5 -0.52, 5 -0.52, 5 -0.52, 
21% 
450 11.93, 2 6.81, 6 4.25, 4 3.91, 2 3.45, 5 3.13, 5 2.93, 2 2.69, 2 2.33, 3 2.07, 3 2.02, 2 1.96, 2 1.93, 2 1.88, 2 1.83, 3 1.67, 4 1.1, 5 0.99, 6 0.83, 2 -0.33, 2 -0.33, 2 -0.33, 2 -0.33, 2 -0.33, 2 -0.33, 2 -0.33, 2 -0.33, 2 -0.33, 2 -0.33, 2 -0.33, 2 -0.33, 2 -0.33, 2 -0.33, 2 -0.33, 2 -0.33, 3 -0.41, 4 -0.47, 4 -0.47, 5 -0.52, 5 -0.52, 5 -0.52, 
22% 
465 12.99, 2 6.81, 6 4.25, 4 3.91, 2 3.45, 5 3.13, 5 2.93, 2 2.69, 2 2.33, 3 2.07, 3 2.02, 2 1.96, 2 1.93, 2 1.88, 2 1.83, 3 1.67, 6 1.45, 6 0.83, 2 -0.33, 2 -0.33, 2 -0.33, 2 -0.33, 2 -0.33, 2 -0.33, 2 -0.33, 2 -0.33, 2 -0.33, 2 -0.33, 2 -0.33, 2 -0.33, 2 -0.33, 2 -0.33, 2 -0.33, 2 -0.33, 3 -0.41, 4 -0.47, 4 -0.47, 5 -0.52, 5 -0.52, 
23% 
466 13.52, 2 6.81, 6 4.25, 4 3.91, 2 3.45, 5 3.13, 5 2.93, 2 2.69, 2 2.33, 3 2.07, 3 2.02, 2 1.96, 2 1.93, 2 1.88, 2 1.83, 3 1.67, 6 1.45, 6 0.83, 2 -0.33, 2 -0.33, 2 -0.33, 2 -0.33, 2 -0.33, 2 -0.33, 2 -0.33, 2 -0.33, 2 -0.33, 2 -0.33, 2 -0.33, 2 -0.33, 2 -0.33, 2 -0.33, 2 -0.33, 3 -0.41, 4 -0.47, 4 -0.47, 5 -0.52, 5 -0.52, 
24% 
481 14.22, 2 6.81, 6 4.25, 4 3.91, 2 3.45, 5 3.13, 5 2.93, 2 2.69, 2 2.33, 3 2.07, 3 2.02, 2 1.96, 2 1.93, 2 1.88, 2 1.83, 3 1.67, 6 1.45, 6 0.83, 2 -0.33, 2 -0.33, 2 -0.33, 2 -0.33, 2 -0.33, 2 -0.33, 2 -0.33, 2 -0.33, 2 -0.33, 2 -0.33, 2 -0.33, 2 -0.33, 2 -0.33, 2 -0.33, 3 -0.41, 4 -0.47, 4 -0.47, 5 -0.52, 5 -0.52, 
25% 
476 14.37, 2 6.81, 6 4.25, 4 3.91, 2 3.45, 5 3.13, 5 2.93, 2 2.69, 2 2.33, 3 2.07, 3 2.02, 2 1.96, 2 1.93, 2 1.88, 2 1.83, 3 1.67, 6 1.45, 6 0.83, 2 -0.33, 2 -0.33, 2 -0.33, 2 -0.33, 2 -0.33, 2 -0.33, 2 -0.33, 2 -0.33, 2 -0.33, 2 -0.33, 2 -0.33, 2 -0.33, 2 -0.33, 3 -0.41, 4 -0.47, 4 -0.47, 5 -0.52, 5 -0.52, 
26% 
473 14.52, 2 6.89, 2 6.81, 6 4.25, 4 3.91, 2 3.59, 2 3.45, 5 3.13, 5 2.93, 2 2.69, 2 2.33, 2 2.29, 3 2.07, 3 2.02, 4 1.97, 2 1.96, 2 1.93, 2 1.88, 2 1.83, 3 1.67, 6 0.83, 2 -0.33, 2 -0.33, 2 -0.33, 2 -0.33, 2 -0.33, 2 -0.33, 2 -0.33, 2 -0.33, 2 -0.33, 2 -0.33, 2 -0.33, 2 -0.33, 2 -0.33, 2 -0.33, 3 -0.41, 4 -0.47, 4 -0.47, 5 -0.52, 5 -0.52, 
27% 
465 15.02, 2 6.89, 2 6.81, 6 4.25, 4 3.91, 2 3.59, 2 3.45, 9 3.45, 5 3.13, 2 2.69, 2 2.33, 2 2.29, 3 2.02, 4 1.97, 2 1.96, 2 1.93, 2 1.88, 2 1.83, 3 1.67, 6 0.83, 2 -0.33, 2 -0.33, 2 -0.33, 2 -0.33, 2 -0.33, 2 -0.33, 2 -0.33, 2 -0.33, 2 -0.33, 2 -0.33, 2 -0.33, 2 -0.33, 2 -0.33, 2 -0.33, 3 -0.41, 4 -0.47, 4 -0.47, 5 -0.52, 5 -0.52, 
28% 
466 15.87, 2 6.81, 4 3.91, 2 3.59, 2 3.45, 9 3.45, 5 3.13, 2 2.69, 2 2.33, 2 2.29, 3 2.02, 4 2, 4 1.97, 2 1.96, 2 1.93, 2 1.88, 2 1.83, 3 1.67, 5 0.99, 6 0.83, 6 0.77, 2 -0.33, 2 -0.33, 2 -0.33, 2 -0.33, 2 -0.33, 2 -0.33, 2 -0.33, 2 -0.33, 2 -0.33, 2 -0.33, 2 -0.33, 2 -0.33, 2 -0.33, 2 -0.33, 3 -0.41, 4 -0.47, 4 -0.47, 5 -0.52, 
29% 
465 16.11, 2 6.81, 7 4.1, 4 3.91, 2 3.59, 2 3.45, 5 3.13, 2 2.69, 2 2.45, 3 2.4, 2 2.33, 2 2.29, 3 2.02, 4 1.97, 2 1.96, 2 1.93, 2 1.88, 2 1.85, 2 1.83, 3 1.67, 5 0.99, 6 0.83, 6 0.77, 2 -0.33, 2 -0.33, 2 -0.33, 2 -0.33, 2 -0.33, 2 -0.33, 2 -0.33, 2 -0.33, 2 -0.33, 2 -0.33, 2 -0.33, 2 -0.33, 2 -0.33, 3 -0.41, 3 -0.41, 4 -0.47, 5 -0.52, 
30% 
470 16.72, 2 6.81, 7 4.1, 4 3.91, 2 3.59, 2 3.45, 5 3.13, 2 3.07, 2 2.78, 2 2.69, 2 2.62, 2 2.45, 2 2.33, 3 2.02, 4 1.97, 2 1.96, 2 1.93, 2 1.88, 2 1.85, 2 1.83, 3 1.67, 5 0.99, 5 0.93, 6 0.83, 2 -0.33, 2 -0.33, 2 -0.33, 2 -0.33, 2 -0.33, 2 -0.33, 2 -0.33, 2 -0.33, 2 -0.33, 2 -0.33, 2 -0.33, 3 -0.41, 3 -0.41, 3 -0.41, 5 -0.52, 
31% 
477 17.32, 2 6.81, 6 4.13, 7 4.1, 4 3.91, 2 3.59, 2 3.45, 2 2.69, 2 2.62, 2 2.45, 2 2.33, 3 2.02, 4 1.97, 2 1.96, 2 1.93, 2 1.88, 2 1.85, 2 1.83, 3 1.67, 4 1.21, 5 0.93, 6 0.83, 2 -0.33, 2 -0.33, 2 -0.33, 2 -0.33, 2 -0.33, 2 -0.33, 2 -0.33, 2 -0.33, 2 -0.33, 2 -0.33, 2 -0.33, 3 -0.41, 3 -0.41, 3 -0.41, 
32% 
478 17.87, 2 6.81, 6 4.13, 7 4.1, 4 3.91, 2 3.59, 2 3.45, 2 2.69, 2 2.62, 2 2.45, 2 2.33, 3 2.02, 4 1.97, 2 1.96, 2 1.93, 2 1.88, 2 1.85, 2 1.83, 3 1.67, 4 1.21, 4 1.21, 5 0.93, 6 0.83, 2 -0.33, 2 -0.33, 2 -0.33, 2 -0.33, 2 -0.33, 2 -0.33, 2 -0.33, 2 -0.33, 2 -0.33, 3 -0.41, 3 -0.41, 3 -0.41, 
33% 
470 18.09, 2 6.81, 6 4.13, 7 4.1, 4 3.91, 2 3.59, 2 3.45, 2 2.69, 2 2.62, 2 2.45, 2 2.33, 3 2.02, 4 1.97, 2 1.96, 2 1.93, 2 1.88, 2 1.85, 2 1.83, 3 1.67, 4 1.21, 4 1.21, 5 0.93, 6 0.83, 2 -0.33, 2 -0.33, 2 -0.33, 2 -0.33, 2 -0.33, 2 -0.33, 2 -0.33, 2 -0.33, 2 -0.33, 2 -0.33, 3 -0.41, 3 -0.41, 
34% 
466 18.18, 2 6.81, 6 4.13, 7 4.1, 4 3.91, 2 3.59, 2 3.45, 2 2.69, 2 2.62, 2 2.45, 2 2.33, 2 2.19, 3 2.02, 4 1.97, 2 1.96, 2 1.93, 2 1.88, 2 1.85, 2 1.83, 3 1.59, 4 1.21, 4 1.21, 5 0.93, 6 0.83, 2 -0.33, 2 -0.33, 2 -0.33, 2 -0.33, 2 -0.33, 2 -0.33, 2 -0.33, 2 -0.33, 2 -0.33, 2 -0.33, 3 -0.41, 3 -0.41, 
35% 
468 18.68, 2 6.81, 6 4.13, 7 4.1, 4 3.91, 2 3.59, 2 3.45, 4 3.39, 2 2.69, 2 2.62, 2 2.45, 2 2.33, 2 2.19, 2 2.09, 3 2.02, 4 1.97, 2 1.96, 2 1.93, 2 1.88, 2 1.85, 4 1.21, 5 1, 5 0.93, 2 -0.33, 2 -0.33, 2 -0.33, 2 -0.33, 2 -0.33, 2 -0.33, 2 -0.33, 2 -0.33, 2 -0.33, 2 -0.33, 2 -0.33, 3 -0.41, 
36% 
460 19.17, 2 6.81, 6 4.13, 7 4.1, 3 3.98, 4 3.91, 2 3.59, 2 3.45, 2 2.69, 2 2.62, 2 2.45, 2 2.33, 2 2.19, 2 2.09, 3 2.02, 4 1.97, 2 1.96, 2 1.93, 2 1.88, 2 1.85, 4 1.21, 4 1.15, 5 1.01, 5 1, 2 -0.33, 2 -0.33, 2 -0.33, 2 -0.33, 2 -0.33, 2 -0.33, 2 -0.33, 2 -0.33, 2 -0.33, 2 -0.33, 3 -0.41, 
37% 
469 20.14, 2 6.81, 6 4.13, 7 4.1, 3 3.98, 4 3.91, 2 3.45, 2 2.69, 2 2.62, 2 2.45, 2 2.33, 2 2.19, 2 2.09, 3 2.02, 4 1.97, 2 1.96, 2 1.88, 2 1.85, 4 1.21, 4 1.15, 5 1.01, 5 1, 2 -0.33, 2 -0.33, 2 -0.33, 2 -0.33, 2 -0.33, 2 -0.33, 2 -0.33, 2 -0.33, 2 -0.33, 2 -0.33, 3 -0.41, 
38% 
469 20.16, 2 6.81, 6 4.13, 7 4.1, 3 3.98, 4 3.91, 2 3.45, 2 2.69, 2 2.62, 2 2.45, 2 2.33, 2 2.19, 2 2.09, 3 2.02, 4 1.97, 2 1.96, 2 1.88, 2 1.85, 4 1.21, 4 1.15, 5 1.01, 5 1, 2 -0.33, 2 -0.33, 2 -0.33, 2 -0.33, 2 -0.33, 2 -0.33, 2 -0.33, 2 -0.33, 2 -0.33, 2 -0.33, 3 -0.41, 
39% 
467 20.37, 2 6.81, 6 4.13, 7 4.1, 3 3.98, 4 3.91, 2 3.45, 2 2.76, 2 2.69, 2 2.62, 2 2.45, 2 2.33, 2 2.19, 2 2.09, 3 2.02, 4 1.97, 2 1.96, 3 1.9, 2 1.88, 2 1.85, 4 1.21, 4 1.15, 5 1.01, 5 1, 2 -0.33, 2 -0.33, 2 -0.33, 2 -0.33, 2 -0.33, 2 -0.33, 2 -0.33, 2 -0.33, 2 -0.33, 3 -0.41, 
40% 
465 20.81, 2 6.81, 5 4.88, 6 4.13, 7 4.1, 3 3.98, 2 3.45, 2 2.76, 2 2.69, 2 2.62, 2 2.45, 2 2.33, 2 2.19, 2 2.09, 3 2.02, 4 1.97, 2 1.96, 3 1.9, 2 1.88, 2 1.85, 4 1.21, 4 1.15, 5 1.01, 5 1, 2 -0.33, 2 -0.33, 2 -0.33, 2 -0.33, 2 -0.33, 2 -0.33, 2 -0.33, 2 -0.33, 3 -0.41, 
41% 
465 21.48, 2 6.81, 5 4.88, 6 4.13, 7 4.1, 3 3.98, 2 3.45, 2 2.76, 2 2.69, 2 2.62, 2 2.47, 2 2.45, 2 2.33, 2 2.19, 2 2.09, 3 2.02, 4 1.97, 2 1.96, 2 1.88, 2 1.85, 4 1.21, 4 1.15, 5 1.01, 5 1, 2 -0.33, 2 -0.33, 2 -0.33, 2 -0.33, 2 -0.33, 2 -0.33, 2 -0.33, 2 -0.33, 3 -0.41, 
42% 
465 21.48, 2 6.81, 5 4.88, 6 4.13, 7 4.1, 3 3.98, 2 3.45, 2 2.76, 2 2.69, 2 2.62, 2 2.58, 2 2.47, 2 2.45, 2 2.33, 2 2.19, 2 2.09, 3 2.02, 4 1.97, 2 1.96, 2 1.88, 2 1.88, 2 1.85, 4 1.21, 4 1.15, 5 1.01, 5 1, 2 -0.33, 2 -0.33, 2 -0.33, 2 -0.33, 2 -0.33, 2 -0.33, 3 -0.41, 
43% 
460 21.78, 2 6.81, 5 4.88, 6 4.13, 7 4.1, 3 3.98, 2 3.45, 2 2.76, 2 2.69, 2 2.62, 2 2.58, 2 2.47, 2 2.45, 2 2.33, 2 2.2, 2 2.19, 2 2.07, 3 2.02, 4 1.97, 2 1.96, 2 1.88, 2 1.88, 2 1.85, 3 1.6, 4 1.23, 4 1.21, 4 1.15, 5 1, 2 -0.33, 2 -0.33, 2 -0.33, 2 -0.33, 2 -0.33, 2 -0.33, 3 -0.41, 
44% 
460 22.14, 2 6.81, 5 4.88, 6 4.13, 7 4.1, 3 3.98, 2 3.45, 2 2.76, 2 2.69, 2 2.62, 2 2.58, 2 2.45, 2 2.33, 2 2.2, 2 2.19, 2 2.07, 3 2.02, 4 1.97, 2 1.96, 2 1.88, 2 1.88, 2 1.85, 3 1.6, 4 1.23, 4 1.21, 4 1.15, 5 1, 2 -0.33, 2 -0.33, 2 -0.33, 2 -0.33, 2 -0.33, 2 -0.33, 3 -0.41, 
45% 
460 22.36, 2 6.81, 5 4.88, 6 4.13, 7 4.1, 3 3.98, 2 3.45, 2 2.76, 2 2.69, 2 2.62, 2 2.58, 2 2.45, 3 2.36, 2 2.33, 2 2.2, 2 2.19, 2 2.07, 3 2.02, 2 1.96, 2 1.88, 2 1.88, 2 1.85, 3 1.6, 4 1.23, 4 1.21, 4 1.15, 5 1, 2 -0.33, 2 -0.33, 2 -0.33, 2 -0.33, 2 -0.33, 2 -0.33, 3 -0.41, 
46% 
456 22.49, 2 6.81, 5 4.88, 6 4.13, 7 4.1, 3 3.98, 2 3.45, 2 2.76, 2 2.69, 2 2.62, 2 2.58, 2 2.45, 3 2.36, 2 2.33, 2 2.2, 2 2.19, 2 2.07, 3 2.02, 2 1.96, 2 1.88, 2 1.88, 2 1.85, 3 1.6, 4 1.23, 4 1.21, 4 1.15, 5 1, 2 -0.33, 2 -0.33, 2 -0.33, 2 -0.33, 2 -0.33, 2 -0.33, 3 -0.41, 
47% 
456 22.5, 2 6.81, 5 4.88, 6 4.13, 7 4.1, 3 3.98, 2 3.45, 2 2.76, 2 2.69, 2 2.62, 2 2.58, 2 2.45, 3 2.36, 2 2.33, 2 2.29, 2 2.2, 2 2.19, 2 2.07, 3 2.02, 2 1.96, 2 1.88, 2 1.88, 2 1.85, 3 1.6, 4 1.23, 4 1.21, 4 1.15, 5 1, 2 -0.33, 2 -0.33, 2 -0.33, 2 -0.33, 2 -0.33, 2 -0.33, 3 -0.41, 
48% 
459 22.83, 2 6.81, 5 4.88, 6 4.13, 7 4.1, 3 3.98, 2 3.45, 2 2.76, 2 2.69, 2 2.62, 2 2.58, 2 2.45, 3 2.36, 2 2.33, 2 2.28, 2 2.2, 2 2.19, 2 2.07, 3 2.02, 2 1.96, 2 1.88, 2 1.88, 2 1.85, 3 1.6, 4 1.23, 4 1.21, 4 1.15, 5 1, 2 -0.33, 2 -0.33, 2 -0.33, 2 -0.33, 2 -0.33, 2 -0.33, 3 -0.41, 
49% 
472 23.33, 2 6.81, 5 4.88, 6 4.13, 7 4.1, 3 3.98, 2 3.45, 2 2.76, 2 2.69, 2 2.62, 2 2.58, 2 2.45, 2 2.33, 2 2.28, 2 2.2, 2 2.19, 2 2.07, 3 2.02, 2 1.96, 2 1.88, 2 1.85, 3 1.6, 4 1.23, 4 1.21, 4 1.15, 5 1, 2 -0.33, 2 -0.33, 2 -0.33, 2 -0.33, 2 -0.33, 2 -0.33, 3 -0.41, 
50% 
468 23.52, 2 6.81, 5 4.88, 6 4.13, 7 4.1, 3 3.98, 2 3.45, 2 2.76, 2 2.69, 2 2.62, 2 2.58, 2 2.45, 2 2.33, 2 2.28, 2 2.2, 2 2.19, 2 2.07, 3 2.02, 2 1.96, 2 1.88, 2 1.85, 3 1.6, 4 1.23, 4 1.21, 4 1.15, 5 1, 2 -0.33, 2 -0.33, 2 -0.33, 2 -0.33, 2 -0.33, 2 -0.33, 3 -0.41, 
51% 
477 24.1, 2 6.81, 5 4.88, 6 4.13, 7 4.1, 3 3.98, 2 3.45, 2 2.76, 2 2.69, 2 2.62, 2 2.58, 2 2.45, 2 2.33, 2 2.28, 2 2.2, 2 2.19, 2 2.07, 3 2.02, 2 1.96, 2 1.88, 2 1.85, 3 1.6, 4 1.23, 4 1.21, 4 1.15, 5 1, 2 -0.33, 2 -0.33, 2 -0.33, 2 -0.33, 2 -0.33, 2 -0.33, 3 -0.41, 
52% 
473 24.25, 2 6.81, 5 4.88, 6 4.13, 7 4.1, 3 3.98, 2 3.5, 2 3.45, 2 2.76, 2 2.69, 2 2.62, 2 2.58, 2 2.45, 2 2.33, 2 2.28, 2 2.2, 2 2.19, 2 2.07, 3 2.02, 2 1.96, 2 1.88, 2 1.85, 3 1.6, 4 1.23, 4 1.21, 4 1.15, 5 1, 2 -0.33, 2 -0.33, 2 -0.33, 2 -0.33, 2 -0.33, 3 -0.41, 
53% 
465 24.56, 2 6.81, 5 4.88, 6 4.13, 7 4.1, 3 3.98, 2 3.5, 2 3.45, 2 2.76, 2 2.69, 2 2.62, 2 2.58, 2 2.33, 2 2.28, 2 2.2, 2 2.19, 2 2.07, 3 2.02, 2 2, 2 1.96, 2 1.88, 2 1.85, 3 1.6, 4 1.23, 4 1.21, 4 1.15, 2 -0.33, 2 -0.33, 2 -0.33, 2 -0.33, 2 -0.33, 3 -0.41, 
54% 
461 24.86, 2 6.81, 5 4.88, 6 4.13, 7 4.1, 3 3.98, 2 3.5, 2 3.45, 2 2.76, 2 2.69, 2 2.62, 2 2.58, 2 2.33, 2 2.28, 2 2.2, 2 2.19, 2 2.07, 3 2.02, 2 2, 2 1.96, 2 1.88, 2 1.85, 3 1.84, 3 1.6, 4 1.23, 4 1.21, 4 1.15, 2 -0.33, 2 -0.33, 2 -0.33, 2 -0.33, 2 -0.33, 3 -0.41, 
55% 
446 24.8, 2 6.81, 5 4.88, 6 4.13, 7 4.1, 3 3.98, 2 3.59, 2 3.5, 2 3.45, 2 2.76, 2 2.69, 2 2.62, 2 2.58, 2 2.33, 2 2.28, 2 2.2, 2 2.19, 2 2.07, 3 2.02, 2 2, 2 1.96, 2 1.88, 2 1.85, 3 1.84, 3 1.6, 4 1.29, 4 1.23, 4 1.21, 4 1.15, 2 -0.33, 2 -0.33, 2 -0.33, 2 -0.33, 2 -0.33, 3 -0.41, 
56% 
430 25.35, 2 6.81, 5 4.88, 2 4.36, 6 4.13, 7 4.1, 3 3.98, 2 3.59, 2 3.5, 2 3.45, 2 2.76, 2 2.69, 2 2.62, 2 2.58, 2 2.33, 2 2.28, 2 2.23, 2 2.2, 2 2.19, 2 2.07, 3 2.02, 2 2, 2 1.96, 3 1.95, 2 1.88, 2 1.85, 3 1.84, 3 1.6, 4 1.29, 4 1.23, 4 1.21, 4 1.15, 2 -0.33, 2 -0.33, 2 -0.33, 2 -0.33, 2 -0.33, 2 -0.33, 3 -0.41, 
57% 
430 26, 2 6.81, 5 4.88, 2 4.36, 6 4.13, 7 4.1, 2 3.59, 2 3.5, 2 3.45, 2 2.76, 2 2.69, 2 2.62, 2 2.58, 2 2.33, 2 2.28, 2 2.23, 2 2.2, 2 2.19, 2 2.07, 3 2.02, 2 2, 2 1.96, 3 1.95, 2 1.88, 2 1.85, 3 1.84, 3 1.6, 4 1.29, 4 1.23, 4 1.21, 4 1.15, 2 -0.33, 2 -0.33, 2 -0.33, 2 -0.33, 3 -0.41, 
58% 
429 27.23, 5 4.88, 2 4.36, 6 4.13, 7 4.1, 2 3.59, 2 3.5, 2 3.45, 2 2.76, 2 2.69, 2 2.62, 2 2.58, 2 2.33, 2 2.28, 2 2.23, 2 2.2, 2 2.19, 2 2.07, 3 2.02, 2 2, 2 1.96, 3 1.95, 2 1.88, 2 1.85, 3 1.84, 3 1.6, 4 1.29, 4 1.23, 4 1.21, 4 1.15, 2 -0.33, 2 -0.33, 2 -0.33, 2 -0.33, 3 -0.41, 
59% 
429 27.23, 5 4.88, 2 4.36, 6 4.13, 7 4.1, 2 3.59, 2 3.5, 2 3.45, 2 3.01, 2 2.76, 2 2.69, 2 2.62, 2 2.58, 2 2.33, 2 2.28, 2 2.23, 2 2.2, 2 2.19, 2 2.07, 3 2.02, 2 2, 2 1.96, 3 1.95, 2 1.88, 2 1.85, 3 1.84, 3 1.6, 4 1.29, 4 1.23, 4 1.21, 4 1.15, 2 -0.33, 2 -0.33, 2 -0.33, 2 -0.33, 3 -0.41, 
60% 
424 27.18, 6 5.9, 2 4.36, 6 4.13, 7 4.1, 2 3.59, 2 3.5, 2 3.45, 2 3.01, 2 2.76, 2 2.69, 2 2.62, 2 2.58, 2 2.33, 2 2.28, 2 2.23, 2 2.2, 2 2.19, 2 2.07, 3 2.02, 2 2, 2 1.96, 3 1.95, 2 1.93, 2 1.88, 2 1.85, 3 1.84, 4 1.61, 3 1.6, 4 1.29, 4 1.23, 4 1.21, 4 1.15, 2 -0.33, 2 -0.33, 2 -0.33, 2 -0.33, 3 -0.41, 
61% 
424 27.55, 6 5.9, 2 4.36, 6 4.13, 7 4.1, 2 3.59, 2 3.5, 2 3.45, 2 3.01, 2 2.76, 2 2.69, 2 2.62, 2 2.58, 2 2.33, 2 2.28, 2 2.23, 2 2.2, 2 2.19, 2 2.07, 3 2.02, 2 2, 2 1.96, 3 1.95, 2 1.93, 2 1.88, 2 1.85, 3 1.84, 4 1.61, 3 1.6, 4 1.29, 4 1.23, 4 1.21, 4 1.15, 2 -0.33, 2 -0.33, 2 -0.33, 2 -0.33, 3 -0.41, 
62% 
432 27.94, 6 5.9, 2 4.36, 6 4.13, 7 4.1, 2 3.59, 2 3.5, 2 3.45, 2 3.01, 2 2.76, 2 2.69, 2 2.62, 2 2.58, 2 2.4, 2 2.33, 2 2.28, 2 2.23, 2 2.2, 2 2.19, 2 2.07, 3 2.02, 2 2, 2 1.96, 3 1.95, 2 1.93, 2 1.88, 2 1.85, 4 1.61, 3 1.6, 4 1.29, 4 1.23, 4 1.21, 4 1.15, 2 -0.33, 2 -0.33, 2 -0.33, 2 -0.33, 3 -0.41, 
63% 
433 28.09, 6 5.9, 2 4.36, 6 4.13, 7 4.1, 2 3.59, 2 3.5, 2 3.45, 2 3.01, 2 2.76, 2 2.69, 2 2.62, 2 2.58, 2 2.4, 2 2.33, 2 2.28, 2 2.23, 2 2.2, 2 2.19, 2 2.07, 3 2.02, 2 2, 2 1.96, 3 1.95, 2 1.88, 2 1.85, 4 1.61, 3 1.6, 4 1.29, 4 1.23, 4 1.21, 4 1.15, 2 -0.33, 2 -0.33, 2 -0.33, 2 -0.33, 3 -0.41, 
64% 
429 28.52, 6 5.9, 2 4.36, 6 4.13, 7 4.1, 4 3.92, 2 3.59, 2 3.5, 2 3.45, 2 3.01, 5 2.76, 2 2.76, 2 2.69, 2 2.62, 2 2.58, 2 2.4, 2 2.33, 2 2.28, 2 2.23, 2 2.2, 2 2.19, 2 2.07, 3 2.02, 2 2, 2 1.96, 3 1.95, 2 1.88, 2 1.85, 3 1.6, 4 1.29, 4 1.23, 4 1.21, 4 1.21, 2 -0.33, 2 -0.33, 2 -0.33, 2 -0.33, 2 -0.33, 
65% 
429 28.52, 6 5.9, 2 4.36, 6 4.13, 7 4.1, 4 3.92, 2 3.59, 2 3.5, 2 3.45, 4 3.19, 2 3.01, 2 2.76, 2 2.69, 2 2.62, 2 2.58, 2 2.4, 2 2.33, 2 2.28, 2 2.23, 2 2.2, 2 2.19, 2 2.11, 2 2.07, 3 2.02, 2 2, 2 1.96, 3 1.95, 2 1.88, 2 1.85, 3 1.6, 4 1.29, 4 1.23, 4 1.21, 4 1.21, 2 -0.33, 2 -0.33, 2 -0.33, 2 -0.33, 2 -0.33, 
66% 
429 28.52, 6 5.9, 2 4.36, 6 4.13, 7 4.1, 4 3.92, 2 3.59, 2 3.5, 2 3.45, 4 3.19, 2 3.01, 2 2.76, 2 2.69, 2 2.62, 2 2.58, 2 2.4, 2 2.33, 2 2.28, 2 2.23, 2 2.2, 2 2.19, 2 2.11, 2 2.1, 2 2.07, 3 2.02, 2 2, 2 1.96, 3 1.95, 2 1.88, 2 1.85, 4 1.45, 4 1.29, 4 1.23, 4 1.21, 4 1.21, 2 -0.33, 2 -0.33, 2 -0.33, 2 -0.33, 2 -0.33, 
67% 
434 28.59, 7 7.32, 6 4.13, 7 4.1, 4 3.92, 2 3.59, 2 3.5, 2 3.45, 4 3.19, 2 3.01, 2 2.76, 2 2.69, 2 2.62, 2 2.58, 2 2.4, 2 2.33, 2 2.28, 2 2.23, 2 2.2, 2 2.19, 2 2.11, 2 2.1, 2 2.07, 3 2.02, 2 2, 2 1.96, 3 1.95, 2 1.95, 2 1.88, 2 1.85, 3 1.5, 4 1.45, 4 1.29, 4 1.23, 4 1.21, 2 -0.33, 2 -0.33, 2 -0.33, 2 -0.33, 2 -0.33, 
68% 
430 29.22, 7 7.32, 6 4.13, 7 4.1, 4 3.92, 2 3.59, 2 3.5, 2 3.45, 4 3.19, 2 3.01, 2 2.76, 2 2.69, 2 2.62, 2 2.61, 2 2.58, 2 2.4, 2 2.33, 2 2.28, 2 2.23, 2 2.2, 2 2.19, 2 2.11, 2 2.1, 2 2.07, 2 2, 2 1.96, 3 1.95, 2 1.95, 2 1.88, 2 1.85, 3 1.53, 3 1.5, 4 1.45, 4 1.29, 4 1.21, 2 -0.33, 2 -0.33, 2 -0.33, 2 -0.33, 2 -0.33, 
69% 
430 29.4, 7 7.32, 6 4.13, 7 4.1, 4 3.92, 2 3.59, 2 3.5, 2 3.45, 4 3.19, 2 3.01, 2 2.76, 2 2.69, 2 2.62, 2 2.61, 2 2.58, 2 2.4, 2 2.33, 2 2.28, 2 2.2, 2 2.19, 2 2.11, 2 2.1, 2 2.07, 2 2, 2 1.96, 3 1.95, 2 1.95, 2 1.88, 2 1.85, 3 1.53, 3 1.5, 4 1.45, 4 1.29, 4 1.21, 2 -0.33, 2 -0.33, 2 -0.33, 2 -0.33, 2 -0.33, 
70% 
429 30.06, 7 7.32, 6 4.13, 7 4.1, 4 3.92, 3 3.76, 2 3.59, 2 3.5, 2 3.45, 2 3.01, 2 2.76, 2 2.69, 2 2.62, 2 2.61, 2 2.58, 2 2.4, 2 2.33, 2 2.28, 2 2.2, 2 2.19, 2 2.11, 2 2.1, 2 2.07, 2 2, 2 1.96, 3 1.95, 2 1.95, 2 1.88, 2 1.85, 3 1.53, 3 1.5, 4 1.45, 4 1.29, 4 1.21, 2 -0.33, 2 -0.33, 2 -0.33, 2 -0.33, 2 -0.33, 
71% 
429 30.06, 7 7.32, 6 4.13, 7 4.1, 4 3.92, 3 3.76, 2 3.59, 2 3.5, 2 3.45, 2 3.01, 2 2.76, 2 2.69, 2 2.62, 2 2.61, 2 2.58, 2 2.4, 2 2.33, 2 2.28, 2 2.2, 2 2.19, 2 2.11, 2 2.1, 2 2.07, 2 2, 2 1.96, 3 1.95, 2 1.95, 2 1.88, 2 1.85, 3 1.53, 3 1.5, 4 1.45, 4 1.29, 4 1.21, 2 -0.33, 2 -0.33, 2 -0.33, 2 -0.33, 2 -0.33, 
72% 
429 30.06, 7 7.32, 6 4.13, 7 4.1, 4 3.92, 3 3.76, 2 3.59, 2 3.5, 2 3.45, 2 3.01, 2 2.76, 2 2.69, 2 2.62, 2 2.61, 2 2.58, 2 2.4, 2 2.33, 2 2.28, 2 2.2, 2 2.19, 2 2.11, 2 2.1, 2 2.07, 2 2, 2 1.96, 3 1.95, 2 1.95, 2 1.88, 2 1.85, 3 1.53, 3 1.5, 4 1.45, 4 1.29, 4 1.21, 2 -0.33, 2 -0.33, 2 -0.33, 2 -0.33, 2 -0.33, 
73% 
429 30.53, 7 7.32, 6 4.13, 7 4.1, 4 3.92, 3 3.76, 2 3.59, 2 3.5, 2 3.45, 2 3.01, 2 2.76, 2 2.69, 2 2.62, 2 2.61, 2 2.58, 2 2.4, 2 2.33, 2 2.28, 2 2.2, 2 2.19, 2 2.11, 2 2.1, 2 2.07, 2 2, 2 1.96, 3 1.95, 2 1.95, 2 1.88, 2 1.85, 3 1.53, 3 1.5, 4 1.45, 4 1.29, 4 1.21, 2 -0.33, 2 -0.33, 2 -0.33, 2 -0.33, 
74% 
431 30.9, 7 7.32, 6 4.13, 7 4.1, 4 3.92, 3 3.76, 2 3.59, 2 3.5, 2 3.45, 2 3.01, 2 2.76, 2 2.69, 2 2.62, 2 2.61, 2 2.58, 2 2.4, 2 2.33, 2 2.28, 2 2.2, 2 2.19, 2 2.11, 2 2.1, 2 2.07, 2 2, 2 1.96, 3 1.95, 2 1.95, 2 1.88, 2 1.85, 3 1.53, 3 1.5, 4 1.45, 4 1.29, 4 1.21, 2 -0.33, 2 -0.33, 2 -0.33, 2 -0.33, 
75% 
432 31.32, 7 7.32, 6 4.13, 7 4.1, 4 3.92, 3 3.76, 2 3.59, 2 3.5, 2 3.45, 2 3.01, 2 2.76, 2 2.69, 2 2.62, 2 2.61, 2 2.58, 2 2.4, 2 2.33, 2 2.28, 2 2.2, 2 2.19, 2 2.11, 2 2.1, 2 2.07, 2 2, 2 1.96, 3 1.95, 2 1.95, 2 1.88, 2 1.85, 3 1.53, 3 1.5, 4 1.45, 4 1.29, 4 1.21, 2 -0.33, 2 -0.33, 2 -0.33, 2 -0.33, 
76% 
429 31.52, 7 7.32, 6 4.13, 7 4.1, 4 3.92, 3 3.76, 2 3.59, 2 3.5, 2 3.45, 2 3.01, 2 2.76, 2 2.69, 2 2.62, 2 2.61, 2 2.58, 2 2.4, 2 2.33, 2 2.28, 2 2.2, 2 2.19, 2 2.11, 2 2.1, 2 2.07, 2 2, 2 1.96, 3 1.95, 2 1.95, 2 1.88, 2 1.85, 3 1.53, 3 1.5, 4 1.45, 4 1.29, 4 1.21, 2 -0.33, 2 -0.33, 2 -0.33, 2 -0.33, 
77% 
429 31.52, 7 7.32, 6 4.13, 7 4.1, 4 3.92, 3 3.76, 2 3.59, 2 3.5, 2 3.45, 2 3.01, 2 2.76, 2 2.69, 2 2.62, 2 2.61, 2 2.58, 2 2.4, 2 2.33, 2 2.28, 2 2.2, 2 2.19, 2 2.11, 2 2.1, 2 2.07, 2 2, 2 1.96, 3 1.95, 2 1.95, 2 1.88, 2 1.85, 3 1.53, 3 1.5, 4 1.45, 4 1.29, 4 1.21, 2 -0.33, 2 -0.33, 2 -0.33, 2 -0.33, 
78% 
431 32.07, 7 7.32, 6 4.13, 3 4.13, 7 4.1, 4 3.92, 3 3.76, 2 3.59, 2 3.5, 2 3.45, 2 3.01, 2 2.76, 2 2.69, 2 2.62, 2 2.61, 2 2.58, 2 2.4, 2 2.33, 2 2.28, 2 2.2, 2 2.19, 2 2.11, 2 2.1, 2 2.07, 2 2, 2 1.96, 3 1.95, 2 1.95, 2 1.88, 2 1.85, 3 1.53, 3 1.5, 4 1.45, 4 1.29, 4 1.21, 2 -0.33, 2 -0.33, 2 -0.33, 2 -0.33, 
79% 
429 32.18, 7 7.32, 6 4.13, 3 4.13, 7 4.1, 4 3.92, 3 3.76, 2 3.59, 2 3.5, 2 3.45, 2 3.01, 2 2.76, 2 2.69, 2 2.62, 2 2.61, 2 2.58, 2 2.4, 2 2.33, 2 2.28, 2 2.2, 2 2.19, 2 2.11, 2 2.1, 2 2.07, 2 2, 2 1.96, 3 1.95, 2 1.95, 2 1.88, 2 1.85, 3 1.53, 3 1.5, 4 1.45, 4 1.29, 4 1.21, 2 -0.33, 2 -0.33, 2 -0.33, 2 -0.33, 
80% 
431 32.44, 6 7.82, 6 4.13, 3 4.13, 7 4.1, 4 3.92, 3 3.76, 2 3.59, 2 3.5, 2 3.45, 2 3.01, 2 2.76, 2 2.69, 2 2.62, 2 2.61, 2 2.58, 2 2.4, 2 2.33, 2 2.28, 2 2.2, 2 2.19, 2 2.11, 2 2.1, 2 2.07, 2 2, 2 1.96, 3 1.95, 2 1.95, 2 1.88, 3 1.87, 2 1.85, 3 1.53, 3 1.5, 4 1.45, 4 1.29, 4 1.21, 2 -0.33, 2 -0.33, 2 -0.33, 
81% 
429 32.54, 6 7.82, 6 4.13, 3 4.13, 7 4.1, 4 3.92, 3 3.76, 2 3.59, 2 3.5, 2 3.45, 2 3.01, 2 2.76, 2 2.69, 2 2.62, 2 2.61, 2 2.58, 2 2.4, 2 2.33, 2 2.28, 2 2.2, 2 2.19, 2 2.11, 2 2.1, 2 2.07, 2 2, 2 1.96, 3 1.95, 2 1.95, 2 1.88, 3 1.87, 2 1.85, 3 1.53, 3 1.5, 4 1.45, 4 1.29, 4 1.21, 2 -0.33, 2 -0.33, 2 -0.33, 
82% 
430 32.53, 6 7.82, 6 4.13, 3 4.13, 7 4.1, 4 3.92, 3 3.76, 2 3.59, 2 3.5, 2 3.45, 2 3.01, 2 2.76, 2 2.69, 2 2.62, 2 2.61, 2 2.4, 2 2.33, 3 2.3, 2 2.28, 2 2.2, 2 2.19, 2 2.11, 2 2.1, 2 2.07, 2 2, 2 1.96, 3 1.95, 2 1.95, 2 1.88, 3 1.87, 2 1.85, 3 1.53, 3 1.5, 4 1.45, 4 1.29, 4 1.21, 2 -0.33, 2 -0.33, 2 -0.33, 
83% 
429 32.57, 6 7.82, 6 4.13, 3 4.13, 7 4.1, 4 3.92, 3 3.76, 2 3.59, 2 3.5, 2 3.45, 2 3.01, 2 2.76, 2 2.69, 2 2.62, 2 2.61, 2 2.4, 2 2.33, 3 2.3, 2 2.28, 2 2.2, 2 2.19, 2 2.11, 2 2.1, 2 2.07, 2 2, 2 1.96, 3 1.95, 2 1.95, 2 1.88, 3 1.87, 2 1.85, 3 1.59, 3 1.53, 3 1.51, 3 1.5, 4 1.45, 2 -0.33, 2 -0.33, 2 -0.33, 
84% 
436 32.93, 6 7.82, 6 4.13, 3 4.13, 7 4.1, 4 3.92, 3 3.76, 2 3.59, 2 3.5, 2 3.45, 2 3.01, 2 2.76, 2 2.69, 2 2.62, 2 2.61, 2 2.61, 2 2.4, 2 2.33, 3 2.3, 2 2.28, 2 2.2, 2 2.19, 2 2.11, 2 2.1, 2 2.07, 2 2, 2 1.96, 3 1.95, 2 1.95, 2 1.88, 3 1.87, 2 1.85, 3 1.59, 3 1.53, 3 1.51, 3 1.5, 4 1.45, 25 0.09, 2 -0.33, 2 -0.33, 2 -0.33, 
85% 
436 33.08, 6 7.82, 6 4.13, 3 4.13, 7 4.1, 4 3.92, 3 3.76, 2 3.59, 2 3.5, 2 3.45, 6 3.45, 2 3.01, 2 2.76, 2 2.69, 2 2.62, 2 2.61, 2 2.61, 2 2.4, 2 2.33, 3 2.3, 2 2.28, 2 2.2, 2 2.11, 2 2.1, 2 2.07, 2 2, 2 1.96, 3 1.95, 2 1.95, 2 1.88, 3 1.87, 2 1.85, 3 1.59, 3 1.53, 3 1.51, 3 1.5, 4 1.45, 25 0.09, 2 -0.33, 2 -0.33, 2 -0.33, 
86% 
436 33.08, 6 7.82, 6 4.13, 3 4.13, 7 4.1, 4 3.92, 3 3.76, 2 3.59, 2 3.5, 2 3.45, 6 3.45, 2 3.01, 2 2.76, 2 2.69, 3 2.63, 2 2.62, 2 2.61, 2 2.61, 2 2.4, 2 2.33, 3 2.3, 2 2.28, 2 2.2, 2 2.11, 2 2.1, 2 2.07, 2 2, 2 1.96, 3 1.95, 2 1.95, 2 1.88, 3 1.87, 2 1.85, 3 1.77, 3 1.59, 3 1.53, 3 1.51, 3 1.5, 24 0.14, 2 -0.33, 2 -0.33, 2 -0.33, 
87% 
442 33.28, 6 7.82, 6 4.13, 3 4.13, 7 4.1, 4 3.92, 3 3.76, 2 3.59, 2 3.5, 2 3.45, 6 3.45, 2 3.01, 2 2.76, 2 2.69, 3 2.63, 2 2.62, 2 2.61, 2 2.61, 2 2.4, 2 2.33, 3 2.3, 2 2.28, 2 2.2, 2 2.11, 2 2.1, 2 2.07, 2 2, 2 1.96, 3 1.95, 2 1.95, 2 1.88, 3 1.87, 2 1.85, 3 1.77, 3 1.59, 3 1.53, 3 1.51, 3 1.5, 23 0.2, 2 -0.33, 2 -0.33, 2 -0.33, 
88% 
446 33.54, 6 7.82, 15 4.64, 6 4.13, 3 4.13, 7 4.1, 4 3.92, 3 3.76, 2 3.59, 2 3.5, 2 3.45, 2 3.01, 2 2.76, 2 2.69, 3 2.63, 2 2.62, 2 2.61, 2 2.61, 2 2.4, 2 2.33, 3 2.3, 2 2.28, 2 2.2, 2 2.11, 2 2.1, 2 2.07, 2 1.96, 3 1.95, 2 1.95, 2 1.88, 3 1.87, 2 1.85, 3 1.77, 3 1.59, 3 1.53, 3 1.51, 23 0.2, 2 -0.33, 2 -0.33, 2 -0.33, 
89% 
441 33.75, 6 7.82, 15 4.64, 6 4.13, 3 4.13, 7 4.1, 8 3.97, 3 3.76, 2 3.64, 2 3.59, 2 3.5, 2 3.45, 2 3.01, 2 2.76, 2 2.69, 3 2.63, 2 2.62, 2 2.61, 2 2.61, 2 2.4, 2 2.33, 3 2.3, 2 2.28, 2 2.2, 2 2.11, 2 2.1, 2 2.07, 2 1.96, 3 1.95, 2 1.95, 2 1.88, 2 1.85, 3 1.77, 3 1.59, 3 1.53, 3 1.51, 23 0.2, 2 -0.33, 2 -0.33, 2 -0.33, 
90% 
436 33.94, 6 7.82, 15 4.64, 6 4.13, 3 4.13, 7 4.1, 8 3.97, 3 3.76, 2 3.64, 2 3.59, 2 3.5, 2 3.45, 2 3.01, 2 2.76, 2 2.69, 3 2.63, 2 2.62, 2 2.61, 2 2.61, 2 2.4, 2 2.33, 3 2.3, 2 2.28, 2 2.2, 2 2.11, 2 2.1, 2 2.09, 2 2.07, 2 1.96, 3 1.95, 2 1.95, 2 1.88, 2 1.85, 3 1.77, 3 1.59, 3 1.53, 3 1.51, 23 0.2, 2 -0.33, 2 -0.33, 2 -0.33, 
91% 
429 34, 6 7.82, 15 4.64, 6 4.13, 3 4.13, 7 4.1, 8 3.97, 3 3.76, 2 3.64, 2 3.59, 2 3.5, 2 3.45, 2 3.01, 2 2.76, 2 2.69, 3 2.63, 2 2.62, 2 2.61, 2 2.61, 2 2.4, 2 2.33, 3 2.3, 2 2.28, 2 2.2, 2 2.11, 2 2.1, 2 2.09, 2 2.07, 2 1.96, 3 1.95, 2 1.95, 2 1.88, 2 1.85, 3 1.77, 3 1.59, 3 1.53, 3 1.51, 23 0.2, 2 -0.33, 2 -0.33, 2 -0.33, 
92% 
431 34.17, 6 7.82, 15 4.64, 6 4.13, 3 4.13, 7 4.1, 8 3.97, 3 3.76, 2 3.64, 2 3.5, 2 3.45, 2 3.01, 2 2.76, 2 2.69, 3 2.63, 2 2.62, 2 2.61, 2 2.61, 2 2.4, 2 2.33, 3 2.3, 2 2.28, 2 2.2, 2 2.11, 2 2.1, 2 2.09, 2 2.07, 2 1.96, 3 1.95, 2 1.95, 2 1.88, 2 1.85, 3 1.77, 3 1.59, 3 1.53, 3 1.51, 21 0.32, 2 -0.33, 2 -0.33, 2 -0.33, 
93% 
429 34.28, 6 7.82, 15 4.64, 6 4.13, 3 4.13, 7 4.1, 8 3.97, 3 3.76, 2 3.64, 2 3.5, 2 3.45, 2 3.01, 2 2.76, 2 2.69, 3 2.63, 2 2.62, 2 2.61, 2 2.61, 2 2.54, 2 2.4, 2 2.33, 3 2.3, 2 2.28, 2 2.2, 2 2.11, 2 2.1, 2 2.09, 2 2.07, 2 1.96, 3 1.95, 2 1.95, 2 1.88, 2 1.85, 3 1.77, 3 1.59, 3 1.53, 3 1.51, 20 0.38, 2 -0.33, 2 -0.33, 2 -0.33, 
94% 
431 34.51, 6 7.82, 15 4.64, 6 4.13, 3 4.13, 7 4.1, 8 3.97, 3 3.76, 2 3.64, 2 3.5, 2 3.45, 2 3.01, 2 2.76, 2 2.69, 3 2.63, 2 2.62, 2 2.61, 2 2.61, 2 2.54, 2 2.4, 2 2.33, 3 2.3, 2 2.28, 2 2.2, 2 2.11, 2 2.1, 2 2.09, 2 2.07, 2 1.96, 3 1.95, 2 1.95, 2 1.88, 2 1.85, 3 1.77, 3 1.59, 3 1.53, 3 1.51, 20 0.38, 2 -0.33, 2 -0.33, 
95% 
426 34.64, 6 7.82, 15 4.64, 6 4.13, 3 4.13, 7 4.1, 8 3.97, 3 3.76, 2 3.64, 2 3.5, 2 3.45, 2 3.01, 2 2.76, 2 2.69, 3 2.63, 2 2.62, 2 2.61, 2 2.61, 2 2.54, 2 2.4, 2 2.33, 3 2.3, 2 2.28, 2 2.2, 2 2.11, 2 2.1, 2 2.09, 2 2.07, 2 1.96, 3 1.95, 2 1.95, 2 1.88, 2 1.85, 3 1.77, 3 1.59, 3 1.53, 3 1.51, 20 0.38, 2 -0.33, 
96% 
429 34.83, 6 7.82, 15 4.64, 6 4.13, 3 4.13, 7 4.1, 8 3.97, 3 3.76, 2 3.64, 2 3.5, 2 3.45, 2 3.01, 2 2.76, 2 2.69, 3 2.63, 2 2.62, 2 2.61, 2 2.61, 2 2.54, 2 2.4, 2 2.33, 3 2.3, 2 2.28, 2 2.2, 2 2.11, 2 2.1, 2 2.09, 2 2.07, 2 1.96, 3 1.95, 2 1.95, 2 1.88, 2 1.85, 3 1.77, 3 1.59, 3 1.53, 3 1.51, 20 0.38, 2 -0.33, 
97% 
436 34.99, 6 7.82, 15 4.64, 6 4.13, 7 4.1, 8 3.97, 3 3.76, 2 3.64, 2 3.5, 2 3.45, 2 3.01, 2 2.76, 2 2.69, 3 2.63, 2 2.62, 2 2.61, 2 2.61, 2 2.54, 2 2.4, 2 2.33, 3 2.3, 2 2.28, 2 2.2, 2 2.11, 2 2.1, 2 2.09, 2 2.07, 2 1.96, 3 1.95, 2 1.95, 2 1.88, 2 1.85, 3 1.77, 3 1.53, 3 1.51, 20 0.38, 2 -0.33, 
98% 
436 34.99, 6 7.82, 15 4.64, 6 4.13, 7 4.1, 8 3.97, 3 3.76, 2 3.64, 2 3.5, 2 3.45, 2 3.01, 2 2.76, 2 2.69, 3 2.63, 2 2.62, 2 2.61, 2 2.61, 2 2.54, 2 2.4, 2 2.33, 3 2.3, 2 2.28, 2 2.2, 2 2.11, 2 2.1, 2 2.09, 2 2.07, 2 1.96, 3 1.95, 2 1.95, 2 1.88, 2 1.85, 3 1.77, 3 1.53, 3 1.51, 20 0.38, 2 -0.33, 
99% 
432 35.18, 6 7.82, 15 4.64, 6 4.13, 7 4.1, 8 3.97, 3 3.76, 2 3.64, 2 3.5, 2 3.45, 2 3.01, 2 2.76, 2 2.69, 3 2.63, 2 2.62, 2 2.61, 2 2.61, 2 2.54, 2 2.4, 2 2.33, 3 2.3, 2 2.28, 2 2.2, 2 2.11, 2 2.1, 2 2.09, 2 2.07, 2 1.96, 3 1.95, 2 1.95, 2 1.88, 2 1.85, 3 1.77, 3 1.53, 3 1.51, 19 0.45, 2 -0.33, 
100%
429 35.4, 6 7.82, 15 4.64, 6 4.13, 7 4.1, 8 3.97, 3 3.76, 2 3.64, 2 3.5, 2 3.45, 2 3.01, 2 2.76, 2 2.69, 3 2.63, 2 2.62, 2 2.61, 2 2.61, 2 2.54, 2 2.4, 2 2.33, 3 2.3, 2 2.28, 2 2.2, 2 2.11, 2 2.1, 2 2.09, 2 2.07, 2 1.96, 3 1.95, 2 1.95, 2 1.88, 2 1.85, 3 1.77, 3 1.53, 3 1.51, 19 0.45, 2 -0.33, 
