-sif=/home/safia/anaconda3/lib/R/library/pathfindR/extdata/KEGG.sif
-sig=/home/safia/Documents/pathfindR_Results(2)/active_snw_searches/Iteration_2/active_snw_search/input_for_search.txt
-method=SA
-saTemp0=1
-saTemp1=0.01
-saIter=10000
-geneInitProb=0.0311111111111111
-gaPop=400
-gaIter=200
-gaThread=5
-gaMut=0
-grMaxDepth=1
-grSearchDepth=1
-grOverlap=0.5
-grSubNum=1000
2 2.13, 2 -0.34, 2 -0.34, 2 -0.34, 2 -0.34, 4 -0.5, 9 -0.73, 9 -0.73, 
Percentage of finished job, node number and score of modules that have more than one node are as follows:
0%
1% 
3 3.75, 2 2.69, 3 2.29, 2 2.28, 12 0.66, 2 -0.34, 2 -0.34, 2 -0.34, 2 -0.34, 4 -0.5, 9 -0.73, 
2% 
3 3.75, 2 2.69, 2 2.44, 3 2.29, 2 2.28, 12 0.66, 2 -0.34, 2 -0.34, 2 -0.34, 2 -0.34, 4 -0.5, 8 -0.68, 
3% 
3 3.75, 2 2.69, 2 2.44, 3 2.29, 2 2.28, 2 2.21, 2 1.85, 3 1.46, 12 0.66, 2 -0.34, 2 -0.34, 2 -0.34, 2 -0.34, 4 -0.5, 8 -0.68, 
4% 
3 3.75, 2 2.69, 2 2.6, 2 2.44, 3 2.29, 2 2.28, 2 2.21, 3 1.99, 2 1.85, 5 1.5, 3 1.46, 6 0.85, 12 0.66, 2 -0.34, 2 -0.34, 4 -0.5, 8 -0.68, 
5% 
3 4.68, 3 3.75, 2 2.69, 2 2.6, 8 2.45, 2 2.44, 2 2.28, 2 2.21, 2 2.13, 2 1.85, 4 1.79, 13 1.55, 3 1.46, 6 0.85, 2 -0.34, 2 -0.34, 4 -0.5, 8 -0.68, 
6% 
3 4.68, 3 3.75, 2 2.69, 28 2.61, 2 2.6, 8 2.45, 2 2.44, 2 2.28, 2 2.21, 2 2.13, 2 2.05, 2 2, 2 1.85, 4 1.79, 3 1.46, 2 -0.34, 2 -0.34, 8 -0.68, 
7% 
3 4.68, 3 4.11, 39 3.79, 3 3.75, 2 3.38, 2 2.6, 2 2.49, 2 2.44, 2 2.28, 2 2.21, 2 2.13, 2 2.05, 2 2, 2 1.85, 4 1.79, 3 1.46, 2 -0.34, 2 -0.34, 8 -0.68, 
8% 
4 4.79, 3 4.68, 41 4.24, 3 4.11, 2 3.38, 2 2.6, 2 2.49, 2 2.44, 2 2.28, 2 2.21, 2 2.13, 2 2.05, 2 2, 2 1.85, 4 1.79, 3 1.46, 9 0.84, 9 0.34, 2 -0.34, 2 -0.34, 8 -0.68, 
9% 
57 5.4, 3 4.68, 3 4.11, 2 3.38, 4 2.75, 2 2.63, 2 2.6, 2 2.53, 2 2.49, 2 2.44, 2 2.41, 2 2.28, 2 2.21, 2 2.13, 2 2.05, 2 1.85, 4 1.79, 3 1.46, 9 0.84, 9 0.38, 9 0.34, 2 -0.34, 
10% 
2 6.99, 54 6.19, 3 4.68, 2 4.16, 3 4.11, 2 3.38, 2 2.63, 2 2.6, 2 2.53, 2 2.49, 2 2.44, 2 2.41, 2 2.28, 2 2.21, 2 2.19, 2 2.13, 2 2.05, 2 1.85, 4 1.79, 9 1.76, 3 1.46, 4 1.18, 9 0.84, 9 0.38, 2 -0.34, 
11% 
88 7.2, 2 6.99, 3 4.68, 2 4.16, 3 4.11, 2 3.38, 2 2.64, 2 2.63, 2 2.6, 2 2.53, 2 2.49, 2 2.44, 2 2.28, 2 2.21, 2 2.19, 2 2.05, 9 1.76, 5 1.54, 3 1.46, 4 1.18, 9 0.38, 2 -0.34, 
12% 
85 7.53, 2 6.99, 3 4.68, 2 4.4, 2 4.16, 3 4.11, 3 4.11, 2 3.38, 4 2.79, 2 2.64, 2 2.63, 2 2.6, 2 2.53, 2 2.49, 2 2.44, 2 2.28, 2 2.21, 2 2.19, 2 2.05, 9 1.76, 5 1.54, 4 1.18, 9 0.38, 2 -0.34, 
13% 
85 7.53, 2 6.99, 3 4.68, 2 4.4, 2 4.16, 3 4.11, 3 4.11, 2 3.38, 2 2.88, 4 2.79, 2 2.64, 2 2.63, 2 2.6, 2 2.53, 2 2.49, 2 2.44, 2 2.29, 2 2.28, 2 2.21, 2 2.19, 2 2.05, 8 1.93, 5 1.54, 4 1.18, 5 1.05, 8 0.48, 2 -0.34, 
14% 
100 8.25, 2 6.99, 3 4.68, 2 4.4, 3 4.11, 3 4.11, 2 3.38, 2 2.88, 4 2.79, 2 2.64, 2 2.64, 2 2.63, 2 2.6, 2 2.53, 2 2.49, 2 2.44, 2 2.29, 2 2.28, 2 2.21, 2 2.19, 3 2.14, 2 2.05, 8 1.93, 4 1.84, 4 1.18, 5 1.05, 8 0.48, 10 0.3, 2 -0.34, 
15% 
114 9.45, 2 6.99, 3 4.68, 3 4.58, 2 4.4, 3 4.11, 3 4.11, 2 3.38, 2 2.88, 4 2.79, 2 2.64, 2 2.63, 2 2.6, 2 2.53, 2 2.49, 2 2.44, 2 2.29, 2 2.28, 2 2.21, 2 2.19, 3 2.14, 2 2.05, 8 1.93, 4 1.84, 4 1.29, 7 0.59, 10 0.3, 2 -0.34, 
16% 
115 9.75, 2 6.99, 3 4.68, 3 4.58, 2 4.4, 3 4.11, 3 4.11, 2 3.38, 2 2.88, 9 2.85, 4 2.79, 2 2.64, 2 2.63, 2 2.54, 2 2.53, 2 2.49, 2 2.44, 2 2.29, 2 2.28, 2 2.21, 2 2.19, 3 2.14, 2 2.05, 2 1.97, 4 1.84, 4 1.29, 7 0.59, 10 0.3, 2 -0.34, 
17% 
111 9.87, 2 6.99, 3 4.68, 3 4.58, 2 4.4, 3 4.11, 3 4.11, 2 3.38, 2 2.88, 9 2.85, 2 2.79, 4 2.79, 2 2.64, 2 2.64, 2 2.63, 2 2.54, 2 2.53, 2 2.49, 2 2.44, 2 2.29, 2 2.28, 2 2.21, 2 2.19, 2 2.05, 2 1.97, 4 1.84, 4 1.29, 7 0.59, 9 0.39, 2 -0.34, 
18% 
111 10.27, 2 6.99, 3 4.68, 3 4.58, 2 4.4, 3 4.11, 3 4.11, 2 3.38, 2 2.88, 9 2.85, 2 2.79, 4 2.79, 2 2.64, 2 2.64, 2 2.63, 2 2.54, 2 2.53, 2 2.49, 2 2.44, 3 2.33, 2 2.29, 2 2.28, 2 2.21, 2 2.19, 2 2.05, 2 1.97, 4 1.84, 4 1.29, 7 0.59, 9 0.39, 2 -0.34, 
19% 
122 11.4, 2 6.99, 3 4.68, 3 4.58, 2 4.4, 3 4.11, 2 3.38, 3 3.31, 6 2.92, 2 2.88, 9 2.85, 2 2.79, 2 2.64, 2 2.64, 2 2.63, 2 2.54, 2 2.53, 2 2.49, 2 2.44, 2 2.29, 2 2.28, 2 2.21, 2 2.19, 2 2.05, 2 1.97, 4 1.84, 3 1.49, 5 1.41, 7 0.59, 9 0.39, 2 -0.34, 
20% 
125 12.03, 2 6.99, 3 4.68, 3 4.58, 2 4.4, 3 4.11, 2 3.38, 3 3.31, 5 3.23, 6 2.92, 9 2.85, 2 2.79, 2 2.64, 2 2.64, 2 2.63, 2 2.54, 2 2.53, 2 2.49, 2 2.44, 2 2.29, 2 2.28, 2 2.21, 2 2.19, 2 2.05, 2 1.97, 3 1.49, 5 1.41, 4 1.11, 7 0.59, 9 0.39, 2 -0.34, 
21% 
126 12.03, 2 6.99, 3 4.68, 3 4.58, 2 4.4, 3 4.11, 2 3.38, 3 3.31, 5 3.23, 6 2.92, 9 2.85, 2 2.79, 2 2.64, 2 2.64, 2 2.63, 2 2.54, 2 2.53, 2 2.49, 2 2.44, 2 2.29, 2 2.28, 2 2.21, 2 2.19, 2 2.05, 2 1.97, 2 1.91, 3 1.49, 5 1.41, 6 1.26, 4 1.21, 4 1.11, 7 0.59, 9 0.39, 2 -0.34, 
22% 
133 12.58, 2 6.99, 3 4.68, 6 4.61, 3 4.58, 2 4.4, 6 4.14, 3 4.11, 2 3.38, 3 3.31, 2 3.04, 9 2.85, 2 2.79, 2 2.64, 2 2.63, 2 2.54, 2 2.53, 2 2.49, 2 2.44, 2 2.29, 2 2.28, 2 2.21, 2 2.19, 2 2.05, 2 1.97, 2 1.91, 3 1.49, 5 1.41, 6 1.26, 4 1.21, 4 1.11, 6 1.01, 7 0.59, 9 0.39, 2 -0.34, 
23% 
141 13.64, 3 4.68, 6 4.61, 3 4.58, 2 4.4, 6 4.14, 3 4.11, 2 3.38, 3 3.31, 2 3.04, 9 2.85, 2 2.79, 2 2.64, 2 2.63, 2 2.54, 2 2.53, 2 2.49, 2 2.44, 2 2.29, 2 2.28, 2 2.21, 2 2.19, 2 2.05, 2 1.97, 2 1.91, 4 1.79, 3 1.49, 5 1.41, 4 1.21, 4 1.11, 6 1.01, 7 0.59, 8 0.49, 2 -0.34, 
24% 
147 14.23, 7 5.59, 3 4.68, 3 4.58, 2 4.4, 3 4.11, 2 3.38, 3 3.31, 2 3.04, 9 2.85, 2 2.79, 2 2.64, 2 2.63, 2 2.54, 2 2.53, 2 2.49, 2 2.44, 2 2.29, 2 2.28, 2 2.21, 2 2.19, 2 2.05, 2 1.97, 2 1.91, 4 1.79, 3 1.49, 5 1.41, 3 1.4, 4 1.21, 6 1.01, 7 0.59, 8 0.49, 2 -0.34, 
25% 
149 14.38, 8 6.6, 3 4.68, 3 4.58, 2 4.4, 3 4.11, 2 3.38, 3 3.31, 8 3.06, 2 3.04, 2 2.79, 2 2.64, 2 2.63, 2 2.54, 2 2.53, 2 2.49, 2 2.44, 2 2.29, 2 2.28, 2 2.21, 2 2.05, 2 1.97, 2 1.91, 4 1.79, 3 1.78, 3 1.49, 5 1.41, 3 1.4, 4 1.21, 6 1.01, 7 0.59, 8 0.49, 2 -0.34, 
26% 
150 14.1, 8 6.6, 3 4.68, 3 4.58, 2 4.4, 3 4.11, 2 3.38, 3 3.31, 8 3.06, 2 3.04, 2 2.79, 2 2.64, 2 2.63, 2 2.54, 2 2.53, 2 2.49, 2 2.44, 2 2.29, 2 2.28, 2 2.21, 2 2.05, 2 1.97, 2 1.91, 4 1.79, 8 1.78, 3 1.78, 3 1.49, 5 1.41, 3 1.4, 4 1.21, 6 1.01, 8 0.49, 2 -0.34, 
27% 
157 14.39, 8 6.6, 3 4.68, 3 4.58, 2 4.4, 3 4.11, 2 3.38, 3 3.31, 8 3.06, 2 3.04, 2 2.79, 2 2.64, 2 2.63, 2 2.54, 2 2.53, 2 2.49, 2 2.44, 2 2.29, 2 2.28, 2 2.21, 2 2.05, 2 1.97, 2 1.91, 8 1.78, 3 1.78, 3 1.49, 5 1.41, 3 1.4, 4 1.21, 6 1.01, 8 0.49, 2 -0.34, 
28% 
158 14.62, 8 6.6, 3 4.68, 3 4.58, 2 4.4, 3 4.11, 2 3.38, 3 3.31, 8 3.06, 2 3.04, 2 2.79, 2 2.64, 2 2.63, 2 2.54, 2 2.53, 2 2.49, 2 2.44, 2 2.29, 2 2.28, 2 2.21, 3 2.13, 2 2.05, 2 1.97, 2 1.91, 8 1.78, 3 1.78, 3 1.49, 5 1.41, 3 1.4, 4 1.21, 6 1.01, 8 0.49, 2 -0.34, 
29% 
159 15.05, 8 6.6, 3 4.68, 3 4.58, 2 4.4, 3 4.11, 2 3.38, 3 3.31, 8 3.06, 2 3.04, 2 2.92, 2 2.79, 2 2.64, 2 2.63, 2 2.54, 2 2.53, 2 2.49, 2 2.44, 2 2.29, 2 2.28, 2 2.21, 3 2.13, 2 2.05, 2 1.97, 2 1.91, 8 1.78, 3 1.78, 3 1.49, 5 1.41, 3 1.4, 4 1.21, 6 1.01, 7 0.94, 8 0.49, 2 -0.34, 
30% 
161 15.31, 8 6.6, 3 4.68, 3 4.58, 2 4.4, 2 4.16, 2 4.16, 3 4.11, 2 3.38, 8 3.06, 2 3.04, 2 2.92, 2 2.79, 2 2.64, 2 2.63, 2 2.54, 2 2.53, 2 2.49, 2 2.44, 2 2.29, 2 2.28, 2 2.21, 3 2.13, 2 2.05, 2 1.97, 2 1.91, 8 1.78, 3 1.78, 3 1.49, 5 1.41, 3 1.4, 4 1.21, 6 1.01, 7 0.94, 8 0.49, 2 -0.34, 
31% 
164 15.45, 8 6.6, 3 4.68, 3 4.58, 2 4.4, 2 4.16, 2 4.16, 3 4.11, 2 3.38, 8 3.06, 2 3.04, 2 2.92, 2 2.79, 2 2.64, 2 2.63, 2 2.63, 2 2.54, 2 2.53, 2 2.49, 2 2.44, 2 2.29, 2 2.28, 2 2.21, 3 2.13, 2 2.05, 2 1.97, 2 1.91, 8 1.78, 3 1.78, 3 1.66, 3 1.49, 4 1.49, 5 1.41, 3 1.4, 4 1.29, 4 1.21, 7 0.94, 8 0.49, 2 -0.34, 
32% 
174 16.23, 8 6.6, 3 4.68, 3 4.58, 2 4.4, 2 4.16, 3 4.11, 2 3.38, 8 3.06, 2 3.04, 2 2.92, 2 2.79, 2 2.64, 2 2.63, 2 2.63, 2 2.54, 2 2.53, 2 2.49, 2 2.44, 2 2.29, 2 2.28, 2 2.21, 3 2.13, 2 2.05, 2 1.97, 2 1.91, 8 1.78, 3 1.78, 3 1.66, 3 1.49, 4 1.49, 5 1.41, 3 1.4, 4 1.29, 4 1.21, 7 0.94, 8 0.49, 2 -0.34, 
33% 
173 16.55, 8 6.6, 3 4.68, 3 4.58, 2 4.4, 2 4.16, 3 4.11, 2 3.38, 7 3.35, 2 3.04, 2 2.92, 2 2.79, 2 2.64, 2 2.63, 2 2.63, 2 2.54, 2 2.53, 2 2.49, 2 2.44, 2 2.29, 2 2.28, 2 2.21, 3 2.13, 2 2.05, 2 1.97, 2 1.91, 8 1.78, 3 1.78, 3 1.66, 3 1.49, 4 1.49, 5 1.41, 3 1.4, 4 1.29, 4 1.21, 7 0.94, 8 0.49, 2 -0.34, 
34% 
185 17.37, 8 6.6, 3 4.68, 3 4.58, 2 4.4, 2 4.16, 3 4.11, 5 3.81, 2 3.38, 7 3.35, 2 3.04, 2 2.92, 2 2.79, 2 2.64, 2 2.63, 2 2.63, 2 2.54, 2 2.53, 2 2.49, 2 2.44, 2 2.29, 2 2.28, 3 2.13, 2 2.05, 2 1.97, 2 1.91, 8 1.78, 3 1.78, 6 1.75, 4 1.7, 3 1.66, 3 1.49, 4 1.49, 3 1.4, 4 1.29, 4 1.21, 4 1.1, 7 0.94, 8 0.49, 2 -0.34, 
35% 
193 18.38, 3 4.68, 3 4.58, 2 4.4, 2 4.16, 3 4.11, 5 3.81, 2 3.38, 7 3.35, 2 3.04, 2 2.92, 2 2.79, 2 2.64, 2 2.63, 2 2.63, 2 2.54, 2 2.53, 2 2.49, 9 2.47, 2 2.47, 2 2.44, 2 2.29, 2 2.28, 3 2.13, 3 2.06, 2 2.05, 2 1.97, 2 1.91, 8 1.78, 3 1.78, 4 1.7, 3 1.66, 3 1.49, 4 1.49, 3 1.4, 4 1.29, 4 1.21, 6 1.13, 4 1.1, 6 0.77, 8 0.49, 2 -0.34, 
36% 
205 18.49, 4 5.14, 3 4.68, 3 4.58, 3 4.48, 2 4.4, 2 4.16, 5 3.81, 2 3.38, 7 3.35, 2 3.04, 2 2.92, 2 2.79, 2 2.64, 2 2.63, 2 2.63, 2 2.54, 2 2.53, 2 2.49, 2 2.47, 2 2.29, 2 2.28, 3 2.13, 3 2.06, 2 2.05, 2 1.97, 2 1.91, 8 1.78, 3 1.78, 4 1.7, 5 1.67, 3 1.66, 3 1.59, 3 1.49, 4 1.49, 3 1.4, 4 1.29, 4 1.21, 6 1.13, 4 1.1, 6 0.77, 8 0.49, 2 -0.34, 
37% 
203 18.53, 4 5.14, 3 4.68, 3 4.58, 3 4.48, 2 4.4, 2 4.16, 5 3.81, 2 3.38, 7 3.35, 2 3.04, 2 2.92, 2 2.79, 2 2.64, 2 2.63, 2 2.63, 2 2.54, 2 2.53, 2 2.49, 2 2.47, 2 2.29, 2 2.28, 3 2.13, 3 2.06, 2 2.05, 4 1.98, 2 1.97, 2 1.91, 8 1.78, 3 1.78, 4 1.7, 3 1.66, 3 1.59, 3 1.49, 4 1.49, 3 1.4, 4 1.29, 4 1.21, 6 1.13, 4 1.1, 5 0.96, 8 0.49, 2 -0.34, 
38% 
209 19.04, 4 5.14, 3 4.68, 3 4.58, 3 4.48, 2 4.4, 5 3.81, 2 3.38, 7 3.35, 2 3.04, 2 2.92, 2 2.79, 2 2.64, 2 2.63, 2 2.63, 2 2.54, 2 2.53, 2 2.49, 2 2.47, 2 2.29, 2 2.28, 3 2.13, 3 2.06, 2 2.05, 4 1.98, 2 1.97, 2 1.91, 8 1.78, 3 1.78, 4 1.7, 3 1.66, 3 1.59, 3 1.49, 4 1.49, 3 1.4, 4 1.29, 4 1.21, 6 1.13, 4 1.1, 5 0.96, 8 0.49, 2 -0.34, 
39% 
214 19.49, 4 5.14, 3 4.58, 3 4.48, 2 4.4, 5 3.81, 2 3.38, 7 3.35, 2 3.04, 2 2.92, 2 2.79, 2 2.64, 2 2.63, 2 2.63, 2 2.54, 2 2.53, 2 2.49, 2 2.47, 2 2.29, 2 2.28, 3 2.13, 3 2.06, 2 2.05, 4 1.98, 2 1.97, 2 1.91, 8 1.78, 3 1.78, 4 1.7, 3 1.66, 3 1.59, 3 1.49, 4 1.49, 3 1.4, 4 1.29, 4 1.21, 6 1.13, 4 1.1, 5 0.96, 7 0.61, 2 -0.34, 
40% 
214 19.76, 4 5.14, 3 4.58, 3 4.48, 2 4.4, 5 3.81, 2 3.38, 7 3.35, 2 3.04, 2 2.92, 2 2.79, 2 2.64, 2 2.63, 2 2.63, 2 2.54, 2 2.53, 2 2.49, 2 2.47, 2 2.29, 2 2.28, 3 2.13, 3 2.06, 2 2.05, 4 1.98, 2 1.97, 2 1.91, 8 1.78, 3 1.78, 4 1.7, 3 1.66, 3 1.59, 3 1.49, 4 1.49, 3 1.4, 4 1.29, 4 1.21, 6 1.13, 4 1.1, 5 0.96, 7 0.61, 2 -0.34, 
41% 
219 19.89, 4 5.14, 3 4.58, 3 4.48, 2 4.4, 5 3.81, 2 3.38, 7 3.35, 2 3.04, 2 2.92, 2 2.79, 2 2.64, 2 2.63, 2 2.63, 2 2.54, 2 2.53, 2 2.49, 2 2.47, 2 2.29, 2 2.28, 3 2.13, 3 2.06, 2 2.05, 4 1.98, 2 1.97, 2 1.91, 8 1.78, 3 1.78, 4 1.7, 3 1.66, 3 1.59, 3 1.49, 4 1.49, 3 1.4, 4 1.29, 4 1.21, 6 1.13, 4 1.1, 5 0.96, 7 0.61, 2 -0.34, 
42% 
221 20.02, 4 5.14, 3 4.58, 3 4.48, 2 4.4, 5 3.81, 2 3.38, 7 3.35, 2 3.04, 2 2.92, 2 2.79, 2 2.64, 2 2.63, 2 2.63, 2 2.54, 2 2.53, 2 2.49, 2 2.47, 2 2.35, 2 2.29, 2 2.28, 3 2.13, 3 2.06, 2 2.05, 4 1.98, 2 1.97, 2 1.91, 8 1.78, 4 1.7, 3 1.66, 3 1.59, 3 1.49, 4 1.49, 3 1.4, 4 1.29, 4 1.21, 6 1.13, 4 1.1, 5 0.96, 7 0.61, 2 -0.34, 
43% 
222 20.2, 5 6.58, 3 4.58, 3 4.48, 2 4.4, 5 3.81, 2 3.38, 7 3.35, 2 3.04, 2 2.92, 2 2.79, 2 2.64, 2 2.63, 2 2.63, 2 2.54, 2 2.53, 2 2.49, 2 2.47, 2 2.35, 2 2.29, 2 2.28, 3 2.13, 3 2.06, 2 2.05, 4 1.98, 2 1.97, 2 1.91, 8 1.78, 4 1.7, 3 1.66, 4 1.59, 3 1.59, 3 1.49, 4 1.49, 3 1.4, 4 1.29, 4 1.21, 6 1.13, 4 1.1, 5 0.96, 7 0.61, 2 -0.34, 
44% 
222 21.09, 5 6.58, 3 4.58, 3 4.48, 2 4.4, 5 3.81, 2 3.38, 7 3.35, 2 3.04, 2 2.92, 2 2.79, 2 2.7, 2 2.64, 2 2.63, 2 2.63, 2 2.54, 2 2.53, 2 2.49, 2 2.47, 2 2.35, 2 2.29, 2 2.28, 3 2.13, 3 2.07, 2 2.05, 4 1.98, 2 1.97, 2 1.91, 8 1.78, 3 1.66, 4 1.59, 3 1.59, 3 1.49, 4 1.49, 3 1.4, 4 1.29, 4 1.21, 6 1.13, 4 1.1, 5 0.96, 7 0.61, 2 -0.34, 
45% 
223 21.51, 5 6.58, 3 4.58, 3 4.48, 2 4.4, 5 3.81, 2 3.38, 7 3.35, 2 3.04, 2 2.79, 2 2.7, 2 2.64, 2 2.63, 2 2.63, 2 2.54, 2 2.53, 2 2.49, 2 2.47, 2 2.35, 2 2.29, 2 2.28, 3 2.13, 3 2.07, 2 2.05, 4 1.98, 2 1.97, 2 1.91, 8 1.78, 3 1.66, 4 1.59, 3 1.59, 3 1.49, 4 1.49, 3 1.4, 4 1.29, 4 1.21, 6 1.13, 4 1.1, 5 0.96, 7 0.61, 2 -0.34, 
46% 
225 21.62, 5 6.58, 3 4.58, 3 4.48, 2 4.4, 5 3.81, 2 3.38, 7 3.35, 2 3.04, 2 2.79, 2 2.7, 2 2.64, 2 2.63, 2 2.54, 2 2.53, 2 2.49, 2 2.47, 5 2.44, 2 2.35, 2 2.29, 2 2.28, 3 2.13, 3 2.07, 4 1.98, 2 1.97, 8 1.78, 3 1.66, 4 1.59, 3 1.59, 3 1.49, 4 1.49, 3 1.4, 4 1.29, 4 1.21, 6 1.13, 4 1.1, 5 0.96, 5 0.96, 2 -0.34, 
47% 
229 22.25, 5 6.58, 3 4.58, 3 4.48, 2 4.4, 5 3.81, 2 3.38, 7 3.35, 2 3.04, 2 2.79, 2 2.7, 2 2.64, 2 2.63, 2 2.54, 2 2.53, 2 2.49, 2 2.47, 5 2.44, 2 2.35, 2 2.29, 2 2.28, 3 2.13, 3 2.07, 4 1.98, 2 1.97, 8 1.78, 3 1.66, 4 1.59, 3 1.59, 3 1.49, 4 1.49, 3 1.4, 4 1.29, 4 1.21, 6 1.13, 4 1.1, 5 0.96, 5 0.96, 2 -0.34, 
48% 
235 22.62, 5 6.58, 3 4.58, 3 4.48, 2 4.4, 5 3.81, 2 3.38, 7 3.35, 2 3.04, 3 2.82, 2 2.79, 2 2.7, 2 2.64, 2 2.63, 2 2.54, 2 2.53, 2 2.49, 2 2.47, 5 2.44, 2 2.35, 2 2.29, 2 2.28, 3 2.13, 3 2.07, 2 2, 4 1.98, 2 1.97, 8 1.78, 3 1.66, 4 1.59, 3 1.59, 4 1.49, 3 1.4, 4 1.29, 4 1.21, 6 1.13, 4 1.1, 5 0.96, 5 0.96, 2 -0.34, 
49% 
235 22.62, 5 6.58, 3 4.58, 3 4.48, 2 4.4, 5 3.81, 6 3.77, 2 3.38, 7 3.25, 6 3.18, 2 3.04, 2 2.79, 2 2.7, 2 2.64, 2 2.63, 2 2.54, 2 2.53, 2 2.49, 2 2.47, 5 2.44, 2 2.35, 2 2.29, 2 2.28, 3 2.13, 3 2.07, 2 2, 4 1.98, 2 1.97, 8 1.78, 3 1.66, 4 1.59, 3 1.59, 4 1.49, 3 1.4, 5 1.36, 4 1.29, 4 1.21, 4 1.1, 5 0.96, 5 0.96, 8 0.88, 2 -0.34, 
50% 
237 23.56, 5 6.58, 3 4.58, 3 4.48, 2 4.4, 5 3.81, 6 3.77, 2 3.38, 7 3.25, 6 3.18, 2 3.04, 2 2.79, 2 2.7, 2 2.64, 2 2.63, 2 2.54, 2 2.53, 2 2.49, 2 2.47, 5 2.44, 2 2.35, 2 2.29, 2 2.28, 3 2.13, 3 2.07, 2 2.04, 2 2, 4 1.98, 2 1.97, 8 1.78, 3 1.66, 4 1.59, 3 1.59, 4 1.49, 3 1.4, 5 1.36, 4 1.29, 4 1.21, 4 1.1, 5 0.96, 5 0.96, 8 0.88, 2 -0.34, 
51% 
237 23.86, 6 7.66, 3 4.58, 3 4.48, 2 4.4, 3 3.83, 5 3.81, 6 3.77, 2 3.38, 7 3.25, 6 3.18, 2 3.04, 2 2.79, 2 2.7, 2 2.64, 2 2.63, 2 2.54, 2 2.53, 2 2.47, 5 2.44, 2 2.35, 2 2.29, 2 2.28, 3 2.13, 3 2.07, 2 2.04, 2 2, 4 1.98, 2 1.97, 8 1.78, 3 1.66, 3 1.64, 4 1.59, 3 1.59, 3 1.51, 4 1.49, 3 1.4, 5 1.36, 4 1.29, 4 1.1, 5 0.96, 5 0.96, 8 0.88, 2 -0.34, 
52% 
242 24.21, 6 7.66, 3 4.58, 3 4.48, 2 4.4, 5 3.81, 6 3.77, 2 3.38, 7 3.25, 6 3.18, 2 3.04, 2 2.79, 2 2.7, 2 2.64, 2 2.63, 2 2.54, 2 2.53, 2 2.47, 5 2.44, 2 2.35, 2 2.29, 2 2.28, 3 2.13, 3 2.07, 2 2.04, 2 2, 4 1.98, 2 1.97, 8 1.78, 3 1.66, 3 1.64, 4 1.59, 3 1.59, 3 1.51, 4 1.49, 3 1.4, 5 1.36, 4 1.29, 4 1.1, 5 0.96, 5 0.96, 8 0.88, 2 -0.34, 
53% 
244 24.68, 6 7.66, 3 4.76, 3 4.58, 3 4.48, 2 4.4, 5 3.81, 6 3.77, 5 3.62, 2 3.38, 7 3.25, 2 3.04, 2 2.79, 2 2.7, 2 2.64, 2 2.63, 2 2.54, 2 2.53, 2 2.47, 5 2.44, 2 2.35, 2 2.29, 9 2.14, 3 2.13, 3 2.07, 2 2.04, 2 2, 4 1.98, 2 1.97, 8 1.78, 3 1.66, 3 1.64, 4 1.59, 3 1.59, 3 1.51, 3 1.4, 5 1.36, 4 1.29, 4 1.1, 5 0.96, 5 0.96, 8 0.88, 2 -0.34, 
54% 
244 24.89, 6 7.66, 3 4.76, 3 4.58, 3 4.48, 2 4.4, 5 3.81, 6 3.77, 5 3.62, 2 3.38, 7 3.25, 2 3.04, 2 2.79, 2 2.7, 2 2.64, 2 2.63, 2 2.54, 2 2.53, 2 2.47, 5 2.44, 3 2.39, 2 2.35, 8 2.32, 2 2.29, 3 2.13, 3 2.07, 2 2.04, 2 2, 2 1.97, 8 1.78, 3 1.66, 3 1.64, 4 1.59, 3 1.59, 3 1.51, 3 1.4, 5 1.36, 4 1.29, 4 1.1, 5 0.96, 5 0.96, 8 0.88, 2 -0.34, 
55% 
237 25.29, 6 7.66, 3 4.76, 3 4.58, 3 4.48, 5 3.81, 6 3.77, 5 3.62, 2 3.53, 2 3.38, 7 3.25, 2 3.04, 2 2.79, 2 2.7, 2 2.64, 2 2.63, 7 2.56, 2 2.54, 2 2.53, 2 2.47, 5 2.44, 3 2.39, 2 2.35, 3 2.33, 2 2.29, 3 2.13, 3 2.07, 2 2.04, 2 2, 2 1.97, 3 1.95, 2 1.89, 8 1.78, 4 1.73, 3 1.66, 3 1.64, 3 1.59, 3 1.51, 5 1.36, 4 1.29, 4 1.19, 4 1.1, 5 0.96, 8 0.88, 2 -0.34, 
56% 
236 25.35, 6 7.66, 3 4.76, 3 4.58, 3 4.48, 5 3.81, 6 3.77, 5 3.62, 2 3.53, 2 3.38, 7 3.25, 2 3.04, 2 2.79, 2 2.7, 2 2.64, 2 2.63, 7 2.56, 2 2.54, 2 2.53, 2 2.47, 5 2.44, 3 2.39, 2 2.35, 3 2.33, 2 2.29, 3 2.13, 3 2.07, 2 2.04, 2 2, 2 1.97, 3 1.95, 2 1.89, 8 1.78, 4 1.73, 3 1.66, 3 1.64, 3 1.59, 3 1.51, 5 1.36, 4 1.29, 4 1.19, 4 1.1, 5 0.96, 8 0.88, 2 -0.34, 
57% 
233 25.23, 6 7.66, 3 4.76, 3 4.58, 3 4.48, 5 3.81, 6 3.77, 5 3.62, 2 3.53, 2 3.38, 7 3.25, 2 3.04, 2 2.79, 2 2.7, 2 2.64, 2 2.63, 7 2.56, 2 2.54, 2 2.53, 2 2.47, 5 2.44, 3 2.39, 2 2.35, 3 2.33, 2 2.29, 2 2.18, 3 2.13, 3 2.07, 2 2.04, 2 2, 2 1.97, 3 1.95, 2 1.89, 8 1.78, 4 1.73, 3 1.66, 3 1.59, 3 1.51, 3 1.49, 5 1.36, 4 1.29, 4 1.1, 5 0.96, 8 0.88, 2 -0.34, 
58% 
236 25.39, 6 7.66, 3 4.76, 3 4.58, 3 4.48, 5 3.81, 6 3.77, 5 3.62, 2 3.53, 2 3.38, 7 3.25, 2 3.04, 2 2.79, 2 2.7, 2 2.64, 2 2.63, 7 2.56, 2 2.54, 2 2.53, 2 2.47, 5 2.44, 3 2.39, 2 2.35, 2 2.29, 2 2.18, 3 2.13, 3 2.07, 2 2.04, 2 2, 2 1.97, 3 1.95, 2 1.89, 8 1.78, 4 1.73, 3 1.66, 3 1.59, 3 1.51, 3 1.49, 5 1.36, 4 1.29, 4 1.19, 4 1.1, 8 0.88, 2 -0.34, 
59% 
240 25.66, 6 7.66, 4 5.55, 3 4.58, 5 3.81, 6 3.77, 6 3.65, 5 3.62, 2 3.53, 2 3.38, 2 3.04, 2 2.79, 2 2.7, 2 2.64, 2 2.63, 7 2.56, 2 2.54, 2 2.53, 2 2.47, 5 2.44, 3 2.39, 2 2.35, 2 2.29, 2 2.18, 3 2.13, 3 2.07, 2 2.04, 3 2.01, 2 2, 2 1.97, 3 1.95, 2 1.89, 8 1.78, 4 1.73, 3 1.66, 3 1.59, 3 1.51, 3 1.49, 5 1.36, 4 1.29, 4 1.19, 4 1.1, 8 0.88, 2 -0.34, 
60% 
240 25.75, 6 7.66, 4 5.55, 3 4.58, 4 4.29, 5 3.81, 6 3.77, 6 3.65, 5 3.62, 2 3.53, 2 3.38, 3 3.31, 2 3.04, 2 2.79, 2 2.7, 2 2.64, 2 2.63, 2 2.54, 2 2.53, 2 2.47, 5 2.44, 3 2.39, 2 2.35, 2 2.29, 2 2.18, 3 2.13, 3 2.07, 2 2.04, 3 2.01, 2 2, 2 1.97, 3 1.95, 2 1.89, 8 1.78, 4 1.73, 3 1.66, 3 1.59, 3 1.51, 5 1.36, 4 1.29, 4 1.19, 4 1.1, 8 0.88, 2 -0.34, 
61% 
240 25.97, 6 7.66, 4 5.55, 3 4.58, 4 4.29, 5 4.27, 5 3.81, 6 3.65, 5 3.62, 2 3.53, 2 3.38, 3 3.31, 2 3.04, 2 2.79, 2 2.7, 2 2.64, 2 2.63, 2 2.54, 2 2.53, 2 2.47, 5 2.44, 3 2.39, 2 2.35, 2 2.29, 2 2.18, 3 2.13, 3 2.07, 2 2.04, 3 2.01, 2 2, 2 1.97, 3 1.95, 2 1.89, 8 1.78, 4 1.73, 3 1.66, 3 1.59, 3 1.51, 5 1.36, 4 1.29, 4 1.19, 4 1.1, 8 0.88, 2 -0.34, 
62% 
238 26.14, 6 7.66, 4 5.55, 4 4.77, 3 4.58, 4 4.29, 5 4.27, 5 3.81, 6 3.65, 5 3.62, 2 3.53, 2 3.38, 2 3.04, 5 2.82, 2 2.79, 2 2.7, 2 2.64, 2 2.63, 2 2.53, 2 2.47, 5 2.44, 3 2.39, 2 2.35, 2 2.29, 2 2.18, 3 2.13, 3 2.07, 2 2.04, 3 2.01, 2 1.97, 3 1.95, 2 1.89, 8 1.78, 4 1.73, 3 1.66, 3 1.59, 3 1.51, 5 1.36, 4 1.29, 4 1.19, 4 1.19, 4 1.1, 8 0.88, 2 -0.34, 
63% 
238 26.35, 6 7.66, 4 5.55, 4 4.77, 3 4.58, 4 4.29, 5 4.27, 3 4.13, 5 3.81, 6 3.65, 5 3.62, 2 3.53, 2 3.38, 2 3.04, 5 2.82, 2 2.79, 2 2.7, 2 2.64, 2 2.63, 2 2.53, 2 2.47, 5 2.44, 3 2.39, 2 2.35, 2 2.29, 2 2.18, 3 2.13, 3 2.07, 2 2.04, 3 2.01, 2 1.97, 3 1.95, 2 1.89, 8 1.78, 4 1.73, 3 1.66, 4 1.64, 3 1.59, 3 1.51, 4 1.29, 4 1.19, 4 1.19, 4 1.1, 8 0.88, 2 -0.34, 
64% 
236 26.49, 6 7.66, 4 5.55, 4 4.77, 3 4.58, 4 4.29, 5 4.27, 3 4.13, 5 3.81, 6 3.65, 5 3.62, 2 3.53, 2 3.38, 2 3.04, 5 2.82, 2 2.79, 2 2.7, 2 2.64, 2 2.63, 2 2.53, 2 2.47, 5 2.44, 3 2.39, 2 2.35, 2 2.29, 2 2.18, 3 2.13, 3 2.07, 2 2.04, 3 2.01, 2 1.97, 3 1.95, 2 1.89, 8 1.78, 4 1.73, 3 1.66, 4 1.64, 3 1.59, 3 1.51, 4 1.29, 4 1.19, 4 1.19, 4 1.1, 8 0.88, 
65% 
236 26.49, 6 7.66, 4 5.55, 4 4.77, 3 4.58, 4 4.29, 5 4.27, 3 4.13, 5 3.81, 6 3.65, 5 3.62, 2 3.53, 2 3.38, 2 3.04, 5 2.82, 2 2.79, 2 2.7, 2 2.64, 2 2.63, 2 2.6, 2 2.53, 2 2.47, 5 2.44, 3 2.39, 2 2.35, 2 2.29, 2 2.18, 3 2.13, 3 2.07, 2 2.04, 3 2.01, 2 1.97, 3 1.95, 2 1.89, 8 1.78, 4 1.73, 3 1.66, 4 1.64, 3 1.59, 3 1.51, 4 1.29, 4 1.19, 4 1.19, 4 1.1, 8 0.88, 
66% 
236 26.72, 6 7.66, 4 5.55, 4 4.77, 3 4.58, 4 4.29, 5 4.27, 3 4.13, 5 3.81, 6 3.65, 5 3.62, 2 3.53, 2 3.38, 2 3.04, 5 2.82, 2 2.79, 2 2.7, 2 2.64, 2 2.63, 2 2.6, 2 2.53, 2 2.47, 5 2.44, 3 2.39, 2 2.35, 2 2.29, 2 2.18, 3 2.13, 3 2.07, 2 2.04, 3 2.01, 2 1.97, 3 1.95, 2 1.89, 8 1.78, 4 1.73, 3 1.66, 4 1.64, 3 1.59, 3 1.51, 4 1.29, 4 1.19, 4 1.19, 4 1.1, 8 0.88, 
67% 
237 26.86, 6 7.66, 4 5.55, 2 5.21, 4 4.77, 3 4.58, 4 4.29, 5 4.27, 5 3.81, 6 3.65, 5 3.62, 2 3.53, 2 3.38, 2 3.04, 5 2.82, 2 2.79, 2 2.7, 2 2.64, 2 2.63, 2 2.6, 2 2.53, 2 2.47, 5 2.44, 3 2.39, 2 2.35, 2 2.29, 2 2.18, 3 2.13, 3 2.07, 2 2.04, 3 2.01, 2 1.97, 3 1.95, 2 1.89, 8 1.78, 4 1.73, 3 1.66, 4 1.64, 3 1.59, 3 1.51, 4 1.29, 4 1.19, 4 1.19, 4 1.1, 8 0.88, 
68% 
236 27.14, 6 7.66, 4 5.55, 2 5.21, 4 4.77, 3 4.58, 4 4.29, 5 4.27, 5 3.81, 6 3.65, 5 3.62, 2 3.53, 2 3.38, 2 3.04, 5 2.82, 2 2.79, 2 2.7, 2 2.64, 2 2.63, 2 2.6, 2 2.53, 2 2.47, 5 2.44, 3 2.39, 2 2.35, 2 2.29, 2 2.18, 3 2.13, 3 2.07, 2 2.04, 3 2.01, 2 1.97, 3 1.95, 2 1.89, 8 1.78, 4 1.73, 3 1.66, 4 1.64, 3 1.59, 3 1.51, 4 1.29, 4 1.19, 4 1.19, 4 1.1, 8 0.88, 
69% 
237 27.5, 6 7.66, 4 5.55, 2 5.21, 4 4.77, 3 4.58, 4 4.29, 5 4.27, 5 3.81, 6 3.65, 5 3.62, 2 3.53, 2 3.38, 2 3.04, 5 2.82, 2 2.79, 2 2.7, 2 2.64, 2 2.63, 2 2.6, 2 2.53, 2 2.47, 5 2.44, 3 2.39, 2 2.35, 2 2.29, 2 2.18, 3 2.13, 3 2.07, 2 2.04, 3 2.01, 2 1.97, 3 1.95, 2 1.89, 8 1.78, 4 1.73, 3 1.66, 4 1.64, 3 1.59, 3 1.51, 4 1.29, 4 1.19, 4 1.19, 4 1.1, 8 0.88, 
70% 
236 27.56, 6 7.66, 5 6.1, 4 5.55, 2 5.21, 4 4.77, 3 4.58, 5 4.27, 5 3.81, 6 3.65, 5 3.62, 2 3.53, 2 3.38, 2 3.04, 5 2.82, 2 2.79, 2 2.7, 2 2.64, 2 2.63, 2 2.6, 2 2.53, 2 2.47, 5 2.44, 3 2.39, 2 2.35, 2 2.29, 2 2.18, 3 2.13, 3 2.07, 2 2.04, 3 2.01, 2 1.97, 3 1.95, 2 1.89, 8 1.78, 4 1.73, 3 1.66, 4 1.64, 3 1.59, 3 1.51, 4 1.29, 4 1.19, 4 1.19, 4 1.1, 8 0.88, 
71% 
235 27.62, 6 7.66, 5 6.1, 4 5.55, 2 5.21, 4 4.77, 3 4.58, 5 4.27, 5 3.81, 6 3.65, 5 3.62, 2 3.53, 2 3.38, 2 3.04, 5 2.82, 2 2.79, 2 2.7, 2 2.64, 2 2.63, 2 2.63, 2 2.6, 2 2.53, 2 2.47, 5 2.44, 3 2.39, 2 2.35, 2 2.29, 6 2.27, 2 2.18, 3 2.13, 3 2.07, 2 2.04, 2 1.97, 3 1.95, 2 1.89, 4 1.73, 3 1.66, 4 1.64, 3 1.59, 3 1.51, 3 1.39, 4 1.29, 4 1.19, 4 1.19, 8 0.88, 
72% 
235 27.62, 6 7.66, 5 6.1, 4 5.55, 2 5.21, 4 4.77, 3 4.58, 5 4.27, 5 3.81, 6 3.65, 5 3.62, 2 3.53, 2 3.38, 2 3.04, 5 2.82, 2 2.79, 2 2.7, 2 2.64, 2 2.63, 2 2.63, 5 2.62, 2 2.6, 2 2.53, 2 2.47, 5 2.44, 3 2.39, 2 2.35, 2 2.29, 2 2.18, 3 2.13, 3 2.07, 2 2.04, 2 1.97, 3 1.95, 2 1.89, 4 1.73, 3 1.66, 4 1.64, 3 1.59, 3 1.51, 3 1.39, 4 1.29, 4 1.19, 4 1.19, 8 0.88, 
73% 
237 27.91, 6 7.66, 5 6.1, 4 5.55, 2 5.21, 4 4.77, 3 4.58, 5 4.27, 5 3.81, 6 3.65, 5 3.62, 2 3.53, 2 3.38, 2 3.04, 4 2.85, 5 2.82, 2 2.79, 2 2.7, 2 2.64, 2 2.63, 2 2.63, 5 2.62, 2 2.6, 2 2.53, 2 2.47, 3 2.39, 2 2.35, 2 2.29, 2 2.18, 3 2.13, 3 2.07, 2 2.04, 2 1.97, 3 1.95, 2 1.89, 4 1.73, 3 1.66, 4 1.64, 3 1.59, 3 1.51, 3 1.39, 4 1.29, 4 1.19, 4 1.19, 8 0.88, 
74% 
236 27.97, 6 7.66, 5 6.1, 4 5.55, 2 5.21, 4 4.77, 3 4.58, 5 4.27, 5 3.81, 6 3.65, 5 3.62, 2 3.53, 2 3.38, 2 3.04, 4 2.85, 5 2.82, 2 2.79, 2 2.7, 2 2.64, 2 2.63, 2 2.63, 5 2.62, 2 2.6, 2 2.53, 2 2.47, 3 2.39, 2 2.35, 2 2.29, 2 2.18, 3 2.13, 3 2.07, 2 2.04, 2 1.97, 3 1.95, 2 1.89, 4 1.73, 3 1.66, 4 1.64, 3 1.59, 3 1.51, 3 1.39, 4 1.29, 4 1.19, 4 1.19, 8 0.88, 
75% 
236 28.24, 6 7.66, 5 6.1, 4 5.55, 2 5.21, 4 4.77, 3 4.58, 5 4.27, 4 4.16, 5 3.81, 6 3.65, 2 3.53, 2 3.38, 2 3.04, 4 2.85, 5 2.82, 2 2.79, 2 2.7, 2 2.64, 2 2.63, 5 2.62, 2 2.6, 2 2.53, 2 2.47, 3 2.39, 2 2.35, 2 2.29, 2 2.18, 3 2.13, 3 2.07, 2 2.04, 2 1.97, 3 1.95, 2 1.89, 4 1.73, 3 1.66, 4 1.64, 3 1.59, 3 1.51, 3 1.39, 4 1.29, 4 1.19, 4 1.19, 7 1.02, 
76% 
236 28.53, 6 7.66, 5 6.1, 4 5.55, 2 5.21, 4 4.77, 3 4.58, 5 4.27, 4 4.16, 5 3.81, 6 3.65, 2 3.53, 2 3.38, 2 3.04, 4 2.85, 5 2.82, 2 2.79, 2 2.7, 2 2.64, 2 2.63, 5 2.62, 2 2.6, 2 2.53, 2 2.47, 3 2.39, 2 2.35, 2 2.29, 2 2.18, 3 2.13, 3 2.07, 2 2.04, 2 1.97, 3 1.95, 2 1.89, 4 1.73, 3 1.66, 4 1.64, 3 1.59, 3 1.51, 3 1.39, 4 1.29, 4 1.19, 4 1.19, 7 1.02, 
77% 
235 29.09, 6 7.66, 5 6.1, 4 5.55, 2 5.21, 4 4.77, 3 4.58, 5 4.27, 4 4.16, 5 3.81, 6 3.65, 2 3.53, 2 3.38, 2 3.04, 4 2.85, 5 2.82, 2 2.79, 2 2.78, 2 2.7, 2 2.64, 2 2.63, 5 2.62, 2 2.6, 2 2.53, 2 2.47, 3 2.39, 2 2.35, 2 2.29, 2 2.18, 3 2.07, 2 2.04, 2 1.97, 3 1.95, 2 1.89, 4 1.73, 3 1.66, 4 1.64, 3 1.59, 3 1.51, 3 1.39, 4 1.29, 4 1.19, 4 1.19, 7 1.02, 
78% 
235 29.09, 6 7.66, 5 6.1, 4 5.55, 2 5.21, 4 4.77, 3 4.58, 5 4.27, 4 4.16, 5 3.81, 6 3.65, 2 3.53, 2 3.38, 2 3.04, 4 2.85, 5 2.82, 2 2.79, 2 2.78, 2 2.7, 2 2.64, 2 2.63, 5 2.62, 2 2.6, 2 2.53, 2 2.47, 3 2.39, 2 2.35, 2 2.29, 2 2.18, 2 2.12, 3 2.07, 2 2.04, 2 1.97, 3 1.95, 2 1.89, 4 1.73, 3 1.66, 4 1.64, 3 1.51, 3 1.39, 4 1.29, 4 1.19, 4 1.19, 7 1.02, 
79% 
239 29.16, 6 7.66, 5 6.1, 4 5.55, 2 5.21, 4 4.77, 3 4.58, 5 4.27, 4 4.16, 5 3.81, 6 3.65, 2 3.53, 2 3.38, 2 3.04, 4 2.85, 5 2.82, 2 2.79, 2 2.78, 2 2.7, 2 2.64, 2 2.63, 5 2.62, 2 2.6, 2 2.53, 2 2.47, 3 2.39, 2 2.35, 2 2.29, 2 2.18, 2 2.12, 3 2.07, 2 2.04, 2 1.97, 3 1.95, 2 1.89, 4 1.73, 3 1.66, 4 1.64, 3 1.51, 3 1.39, 4 1.29, 4 1.19, 4 1.19, 7 1.02, 
80% 
239 29.16, 6 7.66, 5 6.1, 4 5.55, 2 5.21, 4 4.77, 3 4.58, 4 4.38, 5 4.27, 4 4.16, 6 3.65, 2 3.53, 2 3.38, 2 3.04, 4 2.85, 5 2.82, 2 2.79, 2 2.78, 2 2.73, 2 2.7, 2 2.64, 2 2.63, 5 2.62, 2 2.6, 2 2.53, 2 2.47, 3 2.39, 2 2.35, 2 2.29, 2 2.18, 2 2.12, 3 2.07, 2 2.04, 2 1.97, 3 1.95, 2 1.89, 4 1.73, 3 1.66, 4 1.64, 3 1.51, 3 1.39, 4 1.29, 4 1.19, 4 1.19, 7 1.02, 
81% 
236 29.86, 6 7.66, 5 6.1, 2 5.21, 4 4.77, 3 4.58, 4 4.38, 5 4.27, 4 4.16, 6 3.65, 2 3.53, 2 3.38, 2 3.04, 4 2.85, 5 2.82, 2 2.79, 2 2.78, 2 2.73, 2 2.7, 2 2.64, 2 2.63, 5 2.62, 2 2.6, 2 2.53, 2 2.47, 2 2.42, 3 2.39, 2 2.35, 3 2.33, 2 2.3, 2 2.29, 2 2.18, 2 2.12, 3 2.07, 2 2.04, 3 2.01, 2 1.97, 3 1.95, 2 1.89, 2 1.88, 4 1.73, 3 1.66, 3 1.51, 4 1.29, 4 1.19, 4 1.19, 7 1.02, 
82% 
237 30.01, 6 7.66, 5 6.1, 2 5.21, 3 4.88, 4 4.77, 3 4.58, 4 4.38, 5 4.27, 6 3.65, 2 3.53, 2 3.38, 2 3.04, 4 2.85, 5 2.82, 2 2.79, 2 2.78, 2 2.73, 2 2.7, 2 2.64, 2 2.63, 5 2.62, 2 2.6, 2 2.53, 2 2.47, 2 2.42, 3 2.39, 2 2.35, 3 2.33, 2 2.3, 2 2.29, 2 2.18, 2 2.12, 3 2.07, 2 2.04, 3 2.01, 2 1.97, 3 1.95, 2 1.89, 2 1.88, 2 1.85, 4 1.73, 3 1.66, 3 1.51, 4 1.29, 4 1.19, 4 1.19, 7 1.02, 
83% 
236 30.07, 6 7.66, 5 6.1, 2 5.21, 3 4.88, 4 4.77, 3 4.58, 4 4.38, 5 4.27, 6 3.65, 2 3.53, 2 3.38, 2 3.04, 4 2.85, 5 2.82, 2 2.79, 2 2.78, 2 2.73, 2 2.7, 2 2.64, 2 2.63, 5 2.62, 2 2.6, 2 2.53, 2 2.47, 2 2.42, 3 2.39, 2 2.35, 3 2.33, 2 2.3, 2 2.29, 2 2.21, 2 2.18, 2 2.12, 3 2.07, 2 2.04, 3 2.01, 2 1.97, 3 1.95, 2 1.89, 2 1.88, 2 1.85, 4 1.73, 3 1.51, 4 1.29, 4 1.19, 4 1.19, 7 1.02, 
84% 
237 30.3, 6 7.66, 4 6.93, 2 5.21, 3 4.88, 4 4.77, 3 4.58, 4 4.38, 5 4.27, 6 3.65, 2 3.53, 2 3.38, 2 3.04, 4 2.85, 5 2.82, 2 2.79, 2 2.78, 2 2.73, 2 2.7, 2 2.64, 2 2.63, 5 2.62, 2 2.6, 2 2.53, 2 2.47, 2 2.42, 3 2.39, 2 2.35, 3 2.33, 2 2.3, 2 2.29, 2 2.21, 2 2.18, 2 2.12, 3 2.07, 2 2.04, 3 2.01, 2 1.97, 3 1.95, 2 1.89, 2 1.88, 2 1.85, 4 1.73, 3 1.51, 4 1.29, 4 1.19, 4 1.19, 7 1.02, 
85% 
241 30.53, 6 7.66, 4 6.93, 2 5.21, 4 4.77, 3 4.58, 4 4.38, 5 4.27, 6 3.65, 2 3.53, 2 3.38, 2 3.04, 4 2.85, 5 2.82, 2 2.79, 2 2.78, 2 2.73, 2 2.7, 2 2.64, 2 2.63, 5 2.62, 2 2.6, 2 2.53, 2 2.47, 2 2.42, 3 2.39, 2 2.35, 3 2.33, 2 2.3, 2 2.29, 2 2.21, 2 2.18, 2 2.12, 3 2.07, 2 2.04, 3 2.01, 2 1.97, 3 1.95, 2 1.89, 2 1.88, 2 1.85, 4 1.73, 3 1.51, 4 1.29, 4 1.19, 4 1.19, 7 1.02, 
86% 
242 30.66, 6 7.66, 4 6.93, 2 5.21, 4 4.77, 3 4.58, 4 4.38, 5 4.27, 6 3.65, 2 3.53, 2 3.38, 2 3.04, 4 2.85, 5 2.82, 2 2.79, 2 2.78, 2 2.73, 2 2.7, 2 2.64, 2 2.63, 5 2.62, 2 2.6, 2 2.56, 2 2.53, 2 2.47, 2 2.45, 2 2.42, 3 2.39, 2 2.35, 3 2.33, 2 2.3, 2 2.29, 2 2.21, 2 2.18, 2 2.12, 3 2.07, 2 2.04, 3 2.01, 2 1.97, 3 1.95, 2 1.89, 2 1.88, 2 1.85, 4 1.73, 3 1.51, 4 1.29, 4 1.19, 4 1.19, 7 1.02, 
87% 
242 30.66, 6 7.66, 4 6.93, 2 5.21, 4 4.77, 3 4.58, 4 4.38, 5 4.27, 6 3.65, 2 3.53, 2 3.38, 2 3.04, 4 2.85, 5 2.82, 2 2.79, 2 2.78, 2 2.73, 2 2.71, 2 2.7, 2 2.64, 2 2.63, 5 2.62, 2 2.6, 2 2.56, 2 2.53, 2 2.47, 2 2.45, 2 2.42, 3 2.39, 2 2.35, 3 2.33, 2 2.3, 2 2.29, 2 2.21, 2 2.18, 2 2.12, 2 2.04, 3 2.01, 2 1.97, 3 1.95, 2 1.89, 2 1.88, 2 1.85, 4 1.73, 3 1.51, 3 1.49, 4 1.29, 4 1.19, 7 1.02, 
88% 
239 30.92, 6 7.66, 4 6.93, 2 5.21, 4 4.77, 3 4.58, 4 4.38, 5 4.27, 6 3.65, 2 3.53, 2 3.38, 2 3.04, 4 2.85, 5 2.82, 2 2.79, 2 2.78, 2 2.73, 2 2.71, 2 2.7, 2 2.64, 2 2.63, 2 2.63, 5 2.62, 2 2.6, 2 2.56, 2 2.53, 2 2.47, 2 2.45, 2 2.42, 3 2.39, 2 2.35, 3 2.33, 2 2.3, 2 2.29, 2 2.21, 2 2.18, 2 2.12, 2 2.04, 3 2.01, 2 1.97, 3 1.95, 2 1.89, 2 1.88, 2 1.85, 4 1.73, 3 1.51, 3 1.49, 4 1.29, 4 1.19, 7 1.02, 
89% 
237 31.15, 6 7.66, 4 6.93, 6 5.35, 2 5.21, 3 4.58, 4 4.38, 5 4.27, 6 3.65, 2 3.53, 2 3.38, 2 3.04, 4 2.85, 5 2.82, 2 2.79, 2 2.78, 2 2.73, 2 2.71, 2 2.7, 2 2.64, 2 2.63, 2 2.63, 5 2.62, 2 2.6, 2 2.56, 2 2.53, 2 2.47, 2 2.45, 2 2.42, 3 2.39, 2 2.35, 3 2.33, 2 2.3, 2 2.29, 2 2.21, 2 2.18, 2 2.12, 2 2.09, 2 2.04, 3 2.01, 2 1.97, 3 1.95, 2 1.89, 2 1.88, 2 1.85, 4 1.73, 3 1.51, 3 1.49, 4 1.29, 4 1.19, 7 1.02, 
90% 
236 31.21, 6 7.66, 4 6.93, 6 5.35, 2 5.21, 3 4.58, 4 4.38, 5 4.27, 6 3.65, 2 3.53, 2 3.38, 2 3.04, 4 2.85, 5 2.82, 2 2.79, 2 2.78, 2 2.73, 2 2.71, 2 2.7, 2 2.64, 2 2.63, 2 2.63, 5 2.62, 2 2.6, 2 2.56, 2 2.53, 2 2.47, 2 2.45, 2 2.42, 3 2.39, 2 2.35, 3 2.33, 2 2.3, 2 2.29, 2 2.21, 2 2.18, 2 2.12, 2 2.09, 2 2.04, 3 2.01, 2 1.97, 3 1.95, 2 1.89, 2 1.88, 2 1.85, 4 1.73, 3 1.51, 3 1.49, 4 1.29, 4 1.19, 7 1.02, 
91% 
235 31.27, 6 7.66, 4 6.93, 6 5.35, 2 5.21, 3 4.58, 4 4.38, 5 4.27, 6 3.65, 2 3.53, 2 3.38, 2 3.04, 4 2.85, 5 2.82, 2 2.79, 2 2.78, 2 2.73, 2 2.71, 2 2.7, 2 2.64, 2 2.63, 2 2.63, 5 2.62, 2 2.6, 2 2.56, 2 2.53, 2 2.47, 2 2.45, 2 2.42, 3 2.39, 2 2.35, 3 2.33, 2 2.3, 2 2.29, 2 2.21, 2 2.18, 2 2.12, 2 2.09, 2 2.04, 3 2.01, 2 1.97, 3 1.95, 2 1.89, 2 1.88, 2 1.85, 4 1.73, 3 1.51, 3 1.49, 4 1.29, 4 1.19, 7 1.02, 
92% 
235 31.56, 6 7.66, 4 6.93, 6 5.35, 2 5.21, 3 4.58, 4 4.38, 5 4.27, 6 3.65, 2 3.53, 2 3.38, 2 3.1, 2 3.04, 4 2.85, 5 2.82, 2 2.79, 2 2.78, 2 2.73, 2 2.71, 2 2.7, 2 2.64, 2 2.63, 2 2.63, 5 2.62, 2 2.6, 2 2.56, 2 2.53, 2 2.47, 2 2.45, 2 2.42, 2 2.35, 3 2.33, 2 2.3, 2 2.29, 2 2.21, 2 2.18, 2 2.12, 2 2.09, 2 2.04, 3 2.01, 2 1.97, 3 1.95, 2 1.89, 2 1.88, 2 1.85, 4 1.73, 3 1.51, 3 1.49, 4 1.29, 4 1.19, 7 1.02, 
93% 
235 31.56, 6 7.66, 4 6.93, 6 5.35, 2 5.21, 3 4.58, 4 4.38, 5 4.27, 6 3.65, 2 3.53, 2 3.38, 2 3.1, 2 3.04, 4 2.85, 5 2.82, 2 2.79, 2 2.78, 2 2.73, 2 2.71, 2 2.7, 2 2.64, 2 2.63, 2 2.63, 5 2.62, 2 2.6, 2 2.56, 2 2.53, 2 2.47, 2 2.45, 2 2.42, 2 2.35, 3 2.33, 2 2.3, 2 2.29, 2 2.21, 2 2.18, 2 2.12, 2 2.09, 2 2.04, 3 2.01, 2 1.97, 3 1.95, 2 1.89, 2 1.88, 2 1.85, 4 1.73, 3 1.61, 3 1.51, 3 1.49, 4 1.19, 7 1.02, 
94% 
235 31.56, 6 7.66, 4 6.93, 6 5.35, 2 5.21, 3 5.12, 3 4.58, 5 4.27, 6 3.65, 2 3.53, 2 3.38, 2 3.1, 2 3.04, 4 2.85, 5 2.82, 2 2.79, 2 2.78, 2 2.73, 2 2.71, 2 2.7, 2 2.64, 2 2.63, 2 2.63, 5 2.62, 2 2.6, 2 2.56, 2 2.53, 2 2.47, 2 2.45, 2 2.42, 2 2.35, 3 2.33, 2 2.3, 2 2.29, 2 2.21, 2 2.18, 2 2.12, 2 2.09, 2 2.04, 3 2.01, 2 1.97, 3 1.95, 2 1.89, 2 1.88, 2 1.85, 4 1.73, 3 1.61, 3 1.51, 3 1.49, 4 1.19, 7 1.02, 
95% 
237 31.88, 6 7.66, 4 6.93, 6 5.35, 2 5.21, 3 5.12, 3 4.58, 5 4.27, 6 3.65, 2 3.53, 2 3.38, 2 3.1, 2 3.04, 4 2.85, 5 2.82, 2 2.79, 2 2.78, 2 2.73, 2 2.71, 2 2.7, 2 2.64, 2 2.63, 2 2.63, 5 2.62, 2 2.6, 2 2.56, 2 2.53, 2 2.47, 2 2.45, 2 2.42, 2 2.35, 3 2.33, 2 2.3, 2 2.29, 2 2.21, 2 2.18, 2 2.12, 2 2.09, 2 2.04, 3 2.01, 2 1.97, 3 1.95, 2 1.89, 2 1.88, 2 1.85, 4 1.73, 3 1.61, 3 1.51, 3 1.49, 4 1.19, 7 1.02, 
96% 
236 31.94, 6 7.66, 4 6.93, 6 5.35, 2 5.21, 3 5.12, 3 4.58, 5 4.27, 6 3.65, 2 3.53, 2 3.38, 2 3.1, 2 3.04, 4 2.85, 5 2.82, 2 2.79, 2 2.78, 2 2.73, 2 2.71, 2 2.7, 2 2.64, 2 2.63, 2 2.63, 5 2.62, 2 2.6, 2 2.56, 2 2.53, 2 2.47, 2 2.45, 2 2.42, 2 2.35, 3 2.33, 2 2.3, 2 2.29, 2 2.21, 2 2.18, 2 2.12, 2 2.09, 2 2.04, 3 2.01, 2 1.97, 3 1.95, 2 1.89, 2 1.88, 2 1.85, 4 1.73, 3 1.61, 3 1.51, 3 1.49, 4 1.19, 7 1.02, 
97% 
236 32.15, 5 8.56, 4 6.93, 6 5.35, 2 5.21, 3 5.12, 3 4.58, 5 4.27, 6 3.65, 2 3.53, 2 3.38, 2 3.1, 2 3.04, 7 3.03, 5 2.82, 2 2.79, 2 2.78, 2 2.73, 2 2.71, 2 2.7, 2 2.64, 2 2.63, 2 2.63, 5 2.62, 2 2.6, 2 2.56, 2 2.53, 2 2.47, 2 2.45, 2 2.42, 2 2.35, 3 2.33, 2 2.3, 2 2.29, 2 2.21, 2 2.18, 2 2.12, 2 2.09, 2 2.04, 3 2.01, 2 1.97, 3 1.95, 2 1.88, 2 1.85, 4 1.73, 3 1.61, 3 1.51, 3 1.49, 4 1.19, 7 1.02, 
98% 
239 32.38, 5 8.56, 4 6.93, 6 5.35, 2 5.21, 3 5.12, 3 4.58, 5 4.27, 6 3.65, 2 3.53, 2 3.38, 2 3.1, 2 3.04, 7 3.03, 5 2.82, 2 2.79, 2 2.78, 2 2.73, 2 2.71, 2 2.7, 2 2.64, 2 2.63, 2 2.63, 5 2.62, 2 2.6, 2 2.56, 2 2.53, 2 2.47, 2 2.45, 2 2.42, 2 2.35, 3 2.33, 2 2.3, 2 2.29, 2 2.21, 2 2.18, 2 2.12, 2 2.09, 2 2.04, 3 2.01, 2 1.97, 2 1.88, 2 1.85, 4 1.73, 3 1.61, 3 1.51, 3 1.49, 4 1.19, 7 1.02, 
99% 
239 32.38, 5 8.56, 4 6.93, 6 5.35, 2 5.21, 3 5.12, 3 4.58, 5 4.27, 6 3.65, 2 3.53, 2 3.38, 2 3.1, 2 3.04, 7 3.03, 5 2.82, 2 2.79, 2 2.78, 2 2.73, 2 2.71, 2 2.7, 2 2.64, 2 2.63, 2 2.63, 5 2.62, 2 2.6, 2 2.56, 2 2.53, 2 2.47, 2 2.45, 2 2.42, 2 2.35, 3 2.33, 2 2.3, 2 2.29, 2 2.21, 2 2.18, 2 2.12, 2 2.09, 2 2.04, 3 2.01, 2 1.97, 2 1.88, 2 1.85, 4 1.73, 3 1.61, 3 1.51, 3 1.49, 4 1.19, 7 1.02, 
100%
237 32.62, 5 8.56, 4 6.93, 6 5.35, 2 5.21, 3 5.12, 3 4.58, 5 4.27, 6 3.65, 2 3.53, 2 3.38, 2 3.1, 4 3.04, 2 3.04, 7 3.03, 5 2.82, 2 2.79, 2 2.78, 2 2.73, 2 2.71, 2 2.7, 2 2.64, 2 2.63, 2 2.63, 2 2.6, 2 2.56, 2 2.53, 2 2.47, 2 2.45, 2 2.42, 2 2.35, 3 2.33, 2 2.3, 2 2.29, 2 2.21, 2 2.18, 2 2.12, 2 2.09, 2 2.04, 3 2.01, 2 1.97, 2 1.88, 2 1.85, 4 1.73, 3 1.61, 3 1.51, 3 1.49, 4 1.19, 7 1.02, 
