-sif=/home/safia/anaconda3/lib/R/library/pathfindR/extdata/KEGG.sif
-sig=/home/safia/Documents/pathfindR_Results(3)/active_snw_searches/Iteration_5/active_snw_search/input_for_search.txt
-method=SA
-saTemp0=1
-saTemp1=0.01
-saIter=10000
-geneInitProb=0.0944444444444444
-gaPop=400
-gaIter=200
-gaThread=5
-gaMut=0
-grMaxDepth=1
-grSearchDepth=1
-grOverlap=0.5
-grSubNum=1000
2 9.54, 7 3.32, 2 -0.09, 2 -0.09, 2 -0.09, 2 -0.09, 2 -0.09, 2 -0.09, 2 -0.09, 2 -0.09, 2 -0.09, 2 -0.09, 2 -0.09, 2 -0.09, 2 -0.09, 2 -0.09, 2 -0.09, 2 -0.09, 2 -0.09, 2 -0.09, 3 -0.13, 3 -0.13, 3 -0.13, 3 -0.13, 3 -0.13, 3 -0.13, 3 -0.13, 3 -0.13, 3 -0.13, 3 -0.13, 4 -0.16, 4 -0.16, 4 -0.16, 5 -0.18, 5 -0.18, 6 -0.2, 12 -0.28, 168 -1.03, 
Percentage of finished job, node number and score of modules that have more than one node are as follows:
0%
1% 
2 9.54, 5 4.28, 7 3.32, 2 -0.09, 2 -0.09, 2 -0.09, 2 -0.09, 2 -0.09, 2 -0.09, 2 -0.09, 2 -0.09, 2 -0.09, 2 -0.09, 2 -0.09, 2 -0.09, 2 -0.09, 2 -0.09, 2 -0.09, 2 -0.09, 2 -0.09, 3 -0.13, 3 -0.13, 3 -0.13, 3 -0.13, 3 -0.13, 3 -0.13, 3 -0.13, 3 -0.13, 3 -0.13, 3 -0.13, 4 -0.16, 4 -0.16, 4 -0.16, 5 -0.18, 6 -0.2, 11 -0.27, 162 -1.01, 
2% 
2 9.54, 5 4.28, 7 3.32, 2 -0.09, 2 -0.09, 2 -0.09, 2 -0.09, 2 -0.09, 2 -0.09, 2 -0.09, 2 -0.09, 2 -0.09, 2 -0.09, 2 -0.09, 2 -0.09, 2 -0.09, 2 -0.09, 2 -0.09, 2 -0.09, 2 -0.09, 3 -0.13, 3 -0.13, 3 -0.13, 3 -0.13, 3 -0.13, 3 -0.13, 3 -0.13, 3 -0.13, 3 -0.13, 3 -0.13, 4 -0.16, 4 -0.16, 4 -0.16, 4 -0.16, 5 -0.18, 10 -0.25, 162 -1.01, 
3% 
2 9.54, 5 4.28, 7 3.32, 2 -0.09, 2 -0.09, 2 -0.09, 2 -0.09, 2 -0.09, 2 -0.09, 2 -0.09, 2 -0.09, 2 -0.09, 2 -0.09, 2 -0.09, 2 -0.09, 2 -0.09, 2 -0.09, 2 -0.09, 2 -0.09, 3 -0.13, 3 -0.13, 3 -0.13, 3 -0.13, 3 -0.13, 3 -0.13, 3 -0.13, 3 -0.13, 3 -0.13, 4 -0.16, 4 -0.16, 4 -0.16, 4 -0.16, 5 -0.18, 10 -0.25, 162 -1.01, 
4% 
2 9.54, 5 4.28, 7 3.32, 2 -0.09, 2 -0.09, 2 -0.09, 2 -0.09, 2 -0.09, 2 -0.09, 2 -0.09, 2 -0.09, 2 -0.09, 2 -0.09, 2 -0.09, 2 -0.09, 2 -0.09, 2 -0.09, 2 -0.09, 2 -0.09, 3 -0.13, 3 -0.13, 3 -0.13, 3 -0.13, 3 -0.13, 3 -0.13, 3 -0.13, 3 -0.13, 3 -0.13, 4 -0.16, 4 -0.16, 4 -0.16, 4 -0.16, 5 -0.18, 10 -0.25, 49 -0.55, 112 -0.83, 
5% 
2 11.63, 2 9.54, 5 4.28, 6 3.6, 2 -0.09, 2 -0.09, 2 -0.09, 2 -0.09, 2 -0.09, 2 -0.09, 2 -0.09, 2 -0.09, 2 -0.09, 2 -0.09, 2 -0.09, 2 -0.09, 2 -0.09, 2 -0.09, 2 -0.09, 2 -0.09, 2 -0.09, 2 -0.09, 3 -0.13, 3 -0.13, 3 -0.13, 3 -0.13, 3 -0.13, 3 -0.13, 4 -0.16, 4 -0.16, 4 -0.16, 4 -0.16, 5 -0.18, 10 -0.25, 45 -0.53, 108 -0.82, 
6% 
2 11.63, 2 9.54, 5 4.28, 6 3.6, 2 -0.09, 2 -0.09, 2 -0.09, 2 -0.09, 2 -0.09, 2 -0.09, 2 -0.09, 2 -0.09, 2 -0.09, 2 -0.09, 2 -0.09, 2 -0.09, 2 -0.09, 2 -0.09, 2 -0.09, 2 -0.09, 2 -0.09, 2 -0.09, 3 -0.13, 3 -0.13, 3 -0.13, 3 -0.13, 3 -0.13, 3 -0.13, 4 -0.16, 4 -0.16, 4 -0.16, 4 -0.16, 5 -0.18, 10 -0.25, 45 -0.53, 105 -0.81, 
7% 
2 11.63, 2 9.54, 3 6.92, 5 4.28, 6 3.6, 2 -0.09, 2 -0.09, 2 -0.09, 2 -0.09, 2 -0.09, 2 -0.09, 2 -0.09, 2 -0.09, 2 -0.09, 2 -0.09, 2 -0.09, 2 -0.09, 2 -0.09, 2 -0.09, 2 -0.09, 2 -0.09, 2 -0.09, 2 -0.09, 3 -0.13, 3 -0.13, 3 -0.13, 3 -0.13, 3 -0.13, 3 -0.13, 4 -0.16, 4 -0.16, 4 -0.16, 4 -0.16, 5 -0.18, 10 -0.25, 45 -0.53, 104 -0.8, 
8% 
2 11.63, 2 9.54, 3 6.92, 5 4.28, 6 3.6, 2 -0.09, 2 -0.09, 2 -0.09, 2 -0.09, 2 -0.09, 2 -0.09, 2 -0.09, 2 -0.09, 2 -0.09, 2 -0.09, 2 -0.09, 2 -0.09, 2 -0.09, 2 -0.09, 2 -0.09, 2 -0.09, 2 -0.09, 2 -0.09, 2 -0.09, 3 -0.13, 3 -0.13, 3 -0.13, 3 -0.13, 3 -0.13, 4 -0.16, 4 -0.16, 4 -0.16, 4 -0.16, 5 -0.18, 10 -0.25, 44 -0.53, 97 -0.78, 
9% 
2 11.63, 2 9.54, 3 6.92, 5 4.28, 6 3.6, 2 -0.09, 2 -0.09, 2 -0.09, 2 -0.09, 2 -0.09, 2 -0.09, 2 -0.09, 2 -0.09, 2 -0.09, 2 -0.09, 2 -0.09, 2 -0.09, 2 -0.09, 2 -0.09, 2 -0.09, 2 -0.09, 2 -0.09, 2 -0.09, 3 -0.13, 3 -0.13, 3 -0.13, 3 -0.13, 3 -0.13, 3 -0.13, 4 -0.16, 4 -0.16, 4 -0.16, 5 -0.18, 10 -0.25, 44 -0.53, 97 -0.78, 
10% 
2 11.63, 2 9.54, 3 6.92, 5 4.28, 6 3.6, 2 -0.09, 2 -0.09, 2 -0.09, 2 -0.09, 2 -0.09, 2 -0.09, 2 -0.09, 2 -0.09, 2 -0.09, 2 -0.09, 2 -0.09, 2 -0.09, 2 -0.09, 2 -0.09, 2 -0.09, 2 -0.09, 2 -0.09, 3 -0.13, 3 -0.13, 3 -0.13, 3 -0.13, 3 -0.13, 3 -0.13, 3 -0.13, 4 -0.16, 4 -0.16, 4 -0.16, 4 -0.16, 9 -0.24, 11 -0.27, 29 -0.43, 96 -0.77, 
11% 
2 11.63, 2 9.54, 3 6.92, 5 4.28, 6 3.6, 2 -0.09, 2 -0.09, 2 -0.09, 2 -0.09, 2 -0.09, 2 -0.09, 2 -0.09, 2 -0.09, 2 -0.09, 2 -0.09, 2 -0.09, 2 -0.09, 2 -0.09, 2 -0.09, 2 -0.09, 2 -0.09, 2 -0.09, 3 -0.13, 3 -0.13, 3 -0.13, 3 -0.13, 3 -0.13, 3 -0.13, 3 -0.13, 4 -0.16, 4 -0.16, 4 -0.16, 4 -0.16, 9 -0.24, 11 -0.27, 29 -0.43, 94 -0.77, 
12% 
2 11.63, 2 9.54, 3 6.92, 5 4.28, 6 3.6, 2 -0.09, 2 -0.09, 2 -0.09, 2 -0.09, 2 -0.09, 2 -0.09, 2 -0.09, 2 -0.09, 2 -0.09, 2 -0.09, 2 -0.09, 2 -0.09, 2 -0.09, 2 -0.09, 2 -0.09, 2 -0.09, 3 -0.13, 3 -0.13, 3 -0.13, 3 -0.13, 3 -0.13, 3 -0.13, 3 -0.13, 4 -0.16, 4 -0.16, 4 -0.16, 9 -0.24, 11 -0.27, 27 -0.42, 94 -0.77, 
13% 
2 11.63, 2 9.54, 3 6.92, 5 4.28, 5 3.87, 108 2.18, 2 -0.09, 2 -0.09, 2 -0.09, 2 -0.09, 2 -0.09, 2 -0.09, 2 -0.09, 2 -0.09, 2 -0.09, 2 -0.09, 2 -0.09, 2 -0.09, 2 -0.09, 2 -0.09, 2 -0.09, 2 -0.09, 3 -0.13, 3 -0.13, 3 -0.13, 3 -0.13, 3 -0.13, 3 -0.13, 4 -0.16, 4 -0.16, 4 -0.16, 8 -0.23, 10 -0.25, 27 -0.42, 
14% 
2 11.63, 2 9.54, 3 6.92, 5 4.28, 5 3.87, 108 3.04, 2 -0.09, 2 -0.09, 2 -0.09, 2 -0.09, 2 -0.09, 2 -0.09, 2 -0.09, 2 -0.09, 2 -0.09, 2 -0.09, 2 -0.09, 2 -0.09, 2 -0.09, 2 -0.09, 2 -0.09, 2 -0.09, 3 -0.13, 3 -0.13, 3 -0.13, 3 -0.13, 3 -0.13, 3 -0.13, 4 -0.16, 4 -0.16, 4 -0.16, 4 -0.16, 5 -0.18, 8 -0.23, 9 -0.24, 16 -0.32, 
15% 
2 11.63, 2 9.54, 3 6.92, 5 4.28, 5 3.87, 106 3.08, 2 -0.09, 2 -0.09, 2 -0.09, 2 -0.09, 2 -0.09, 2 -0.09, 2 -0.09, 2 -0.09, 2 -0.09, 2 -0.09, 2 -0.09, 2 -0.09, 2 -0.09, 2 -0.09, 3 -0.13, 3 -0.13, 3 -0.13, 3 -0.13, 3 -0.13, 3 -0.13, 4 -0.16, 4 -0.16, 4 -0.16, 4 -0.16, 5 -0.18, 8 -0.23, 9 -0.24, 16 -0.32, 
16% 
2 11.63, 2 9.54, 3 6.92, 4 4.38, 5 4.28, 104 3.13, 2 -0.09, 2 -0.09, 2 -0.09, 2 -0.09, 2 -0.09, 2 -0.09, 2 -0.09, 2 -0.09, 2 -0.09, 2 -0.09, 2 -0.09, 2 -0.09, 3 -0.13, 3 -0.13, 3 -0.13, 3 -0.13, 3 -0.13, 3 -0.13, 3 -0.13, 4 -0.16, 4 -0.16, 4 -0.16, 5 -0.18, 8 -0.23, 9 -0.24, 16 -0.32, 
17% 
2 11.63, 2 9.54, 3 6.92, 4 4.38, 5 4.28, 103 3.14, 2 -0.09, 2 -0.09, 2 -0.09, 2 -0.09, 2 -0.09, 2 -0.09, 2 -0.09, 2 -0.09, 2 -0.09, 2 -0.09, 2 -0.09, 2 -0.09, 3 -0.13, 3 -0.13, 3 -0.13, 3 -0.13, 3 -0.13, 3 -0.13, 3 -0.13, 4 -0.16, 4 -0.16, 4 -0.16, 5 -0.18, 8 -0.23, 9 -0.24, 16 -0.32, 
18% 
2 11.63, 2 9.54, 3 6.92, 129 4.82, 4 4.38, 5 4.28, 2 -0.09, 2 -0.09, 2 -0.09, 2 -0.09, 2 -0.09, 2 -0.09, 2 -0.09, 2 -0.09, 2 -0.09, 2 -0.09, 2 -0.09, 3 -0.13, 3 -0.13, 3 -0.13, 3 -0.13, 3 -0.13, 3 -0.13, 3 -0.13, 4 -0.16, 4 -0.16, 4 -0.16, 5 -0.18, 8 -0.23, 16 -0.32, 
19% 
2 11.63, 2 9.54, 3 6.92, 128 4.83, 4 4.38, 5 4.28, 2 -0.09, 2 -0.09, 2 -0.09, 2 -0.09, 2 -0.09, 2 -0.09, 2 -0.09, 2 -0.09, 2 -0.09, 3 -0.13, 3 -0.13, 3 -0.13, 3 -0.13, 3 -0.13, 3 -0.13, 3 -0.13, 4 -0.16, 4 -0.16, 4 -0.16, 5 -0.18, 8 -0.23, 15 -0.32, 
20% 
2 11.63, 2 9.54, 3 6.92, 137 5.5, 4 4.38, 2 -0.09, 2 -0.09, 2 -0.09, 2 -0.09, 2 -0.09, 2 -0.09, 2 -0.09, 2 -0.09, 2 -0.09, 3 -0.13, 3 -0.13, 3 -0.13, 3 -0.13, 3 -0.13, 3 -0.13, 3 -0.13, 4 -0.16, 4 -0.16, 4 -0.16, 5 -0.18, 8 -0.23, 15 -0.32, 
21% 
2 13.6, 2 11.63, 2 9.54, 3 6.92, 134 5.58, 4 4.38, 2 -0.09, 2 -0.09, 2 -0.09, 2 -0.09, 2 -0.09, 2 -0.09, 2 -0.09, 2 -0.09, 3 -0.13, 3 -0.13, 3 -0.13, 3 -0.13, 3 -0.13, 3 -0.13, 3 -0.13, 3 -0.13, 4 -0.16, 4 -0.16, 5 -0.18, 6 -0.2, 15 -0.32, 
22% 
2 13.6, 2 11.63, 2 9.54, 3 6.92, 133 5.6, 4 4.38, 2 -0.09, 2 -0.09, 2 -0.09, 2 -0.09, 2 -0.09, 2 -0.09, 2 -0.09, 2 -0.09, 3 -0.13, 3 -0.13, 3 -0.13, 3 -0.13, 3 -0.13, 3 -0.13, 3 -0.13, 3 -0.13, 4 -0.16, 4 -0.16, 5 -0.18, 6 -0.2, 15 -0.32, 
23% 
2 13.6, 2 11.63, 2 9.54, 3 6.92, 132 5.62, 4 4.38, 2 -0.09, 2 -0.09, 2 -0.09, 2 -0.09, 2 -0.09, 2 -0.09, 2 -0.09, 2 -0.09, 3 -0.13, 3 -0.13, 3 -0.13, 3 -0.13, 3 -0.13, 3 -0.13, 4 -0.16, 4 -0.16, 5 -0.18, 6 -0.2, 15 -0.32, 
24% 
2 13.6, 2 11.63, 2 9.54, 3 6.92, 130 5.66, 4 4.38, 2 -0.09, 2 -0.09, 2 -0.09, 2 -0.09, 2 -0.09, 2 -0.09, 2 -0.09, 3 -0.13, 3 -0.13, 3 -0.13, 3 -0.13, 3 -0.13, 3 -0.13, 4 -0.16, 4 -0.16, 5 -0.18, 6 -0.2, 15 -0.32, 
25% 
2 13.6, 2 11.63, 2 9.54, 3 6.92, 130 5.66, 4 4.38, 2 -0.09, 2 -0.09, 2 -0.09, 2 -0.09, 2 -0.09, 2 -0.09, 2 -0.09, 3 -0.13, 3 -0.13, 3 -0.13, 3 -0.13, 3 -0.13, 3 -0.13, 4 -0.16, 4 -0.16, 5 -0.18, 6 -0.2, 15 -0.32, 
26% 
2 13.6, 2 11.63, 2 9.54, 3 6.92, 130 5.66, 4 4.38, 5 4.13, 2 -0.09, 2 -0.09, 2 -0.09, 2 -0.09, 2 -0.09, 2 -0.09, 2 -0.09, 3 -0.13, 3 -0.13, 3 -0.13, 3 -0.13, 3 -0.13, 3 -0.13, 4 -0.16, 4 -0.16, 4 -0.16, 6 -0.2, 15 -0.32, 
27% 
2 13.6, 2 11.63, 2 9.54, 2 9.54, 156 5.85, 7 4.71, 4 4.38, 2 -0.09, 2 -0.09, 2 -0.09, 2 -0.09, 2 -0.09, 2 -0.09, 3 -0.13, 3 -0.13, 3 -0.13, 3 -0.13, 3 -0.13, 3 -0.13, 4 -0.16, 4 -0.16, 4 -0.16, 15 -0.32, 
28% 
2 13.6, 2 11.63, 2 9.54, 2 9.54, 208 6.98, 2 -0.09, 2 -0.09, 2 -0.09, 2 -0.09, 2 -0.09, 2 -0.09, 3 -0.13, 3 -0.13, 3 -0.13, 3 -0.13, 3 -0.13, 4 -0.16, 15 -0.32, 
29% 
2 13.6, 2 11.63, 2 9.54, 2 9.54, 202 7.18, 2 -0.09, 2 -0.09, 2 -0.09, 2 -0.09, 2 -0.09, 2 -0.09, 3 -0.13, 3 -0.13, 3 -0.13, 3 -0.13, 3 -0.13, 4 -0.16, 14 -0.3, 
30% 
2 13.6, 2 11.63, 2 9.54, 2 9.54, 199 7.26, 2 -0.09, 2 -0.09, 2 -0.09, 2 -0.09, 2 -0.09, 2 -0.09, 3 -0.13, 3 -0.13, 3 -0.13, 3 -0.13, 3 -0.13, 4 -0.16, 10 -0.25, 
31% 
2 13.6, 2 11.63, 2 9.54, 2 9.54, 197 8.53, 2 -0.09, 2 -0.09, 2 -0.09, 2 -0.09, 2 -0.09, 2 -0.09, 3 -0.13, 3 -0.13, 3 -0.13, 3 -0.13, 3 -0.13, 4 -0.16, 10 -0.25, 
32% 
2 13.6, 2 11.63, 2 9.54, 2 9.54, 193 8.63, 2 -0.09, 2 -0.09, 2 -0.09, 2 -0.09, 2 -0.09, 2 -0.09, 3 -0.13, 3 -0.13, 3 -0.13, 3 -0.13, 3 -0.13, 4 -0.16, 10 -0.25, 
33% 
2 13.6, 2 11.63, 2 9.54, 2 9.54, 193 8.63, 2 -0.09, 2 -0.09, 2 -0.09, 2 -0.09, 2 -0.09, 3 -0.13, 3 -0.13, 3 -0.13, 3 -0.13, 4 -0.16, 10 -0.25, 
34% 
2 13.6, 2 11.63, 2 9.54, 2 9.54, 193 8.63, 2 -0.09, 2 -0.09, 2 -0.09, 2 -0.09, 2 -0.09, 3 -0.13, 3 -0.13, 3 -0.13, 3 -0.13, 4 -0.16, 10 -0.25, 
35% 
2 13.6, 2 11.63, 2 9.54, 2 9.54, 193 8.63, 2 -0.09, 2 -0.09, 2 -0.09, 2 -0.09, 2 -0.09, 3 -0.13, 3 -0.13, 3 -0.13, 3 -0.13, 4 -0.16, 10 -0.25, 
36% 
2 13.6, 2 11.63, 2 9.54, 2 9.54, 187 8.74, 2 -0.09, 2 -0.09, 2 -0.09, 2 -0.09, 2 -0.09, 3 -0.13, 3 -0.13, 3 -0.13, 3 -0.13, 4 -0.16, 10 -0.25, 
37% 
2 13.6, 2 11.63, 2 9.54, 2 9.54, 185 8.77, 2 -0.09, 2 -0.09, 2 -0.09, 2 -0.09, 2 -0.09, 3 -0.13, 3 -0.13, 3 -0.13, 3 -0.13, 4 -0.16, 8 -0.23, 
38% 
2 13.6, 2 11.63, 2 9.54, 2 9.54, 185 8.77, 2 -0.09, 2 -0.09, 2 -0.09, 2 -0.09, 2 -0.09, 3 -0.13, 3 -0.13, 3 -0.13, 3 -0.13, 4 -0.16, 8 -0.23, 
39% 
2 13.6, 2 11.63, 182 9.55, 2 9.54, 2 9.54, 2 -0.09, 2 -0.09, 2 -0.09, 2 -0.09, 3 -0.13, 3 -0.13, 3 -0.13, 3 -0.13, 4 -0.16, 8 -0.23, 
40% 
2 13.6, 2 11.63, 178 9.67, 2 9.54, 2 9.54, 2 -0.09, 2 -0.09, 2 -0.09, 2 -0.09, 3 -0.13, 3 -0.13, 3 -0.13, 3 -0.13, 4 -0.16, 8 -0.23, 
41% 
2 13.6, 2 11.63, 177 10.44, 2 9.77, 2 9.54, 2 9.54, 2 -0.09, 2 -0.09, 2 -0.09, 2 -0.09, 3 -0.13, 3 -0.13, 3 -0.13, 3 -0.13, 4 -0.16, 8 -0.23, 
42% 
2 13.6, 2 11.63, 172 10.69, 2 9.77, 2 9.54, 2 9.54, 2 -0.09, 2 -0.09, 2 -0.09, 2 -0.09, 3 -0.13, 3 -0.13, 3 -0.13, 3 -0.13, 4 -0.16, 8 -0.23, 
43% 
2 13.6, 2 11.63, 170 10.74, 2 9.77, 2 9.54, 2 9.54, 2 -0.09, 2 -0.09, 2 -0.09, 2 -0.09, 3 -0.13, 3 -0.13, 3 -0.13, 3 -0.13, 4 -0.16, 8 -0.23, 
44% 
2 13.6, 2 11.63, 167 10.83, 2 9.77, 2 9.54, 2 9.54, 3 5.96, 2 -0.09, 2 -0.09, 2 -0.09, 2 -0.09, 3 -0.13, 3 -0.13, 3 -0.13, 3 -0.13, 4 -0.16, 8 -0.23, 
45% 
2 13.6, 2 11.63, 165 10.93, 2 9.77, 2 9.54, 2 9.54, 3 5.96, 2 -0.09, 2 -0.09, 2 -0.09, 2 -0.09, 3 -0.13, 3 -0.13, 3 -0.13, 3 -0.13, 4 -0.16, 8 -0.23, 
46% 
2 13.6, 2 11.63, 164 11, 2 9.77, 2 9.54, 2 9.54, 3 5.96, 2 -0.09, 2 -0.09, 2 -0.09, 2 -0.09, 3 -0.13, 3 -0.13, 3 -0.13, 3 -0.13, 4 -0.16, 6 -0.2, 
47% 
2 13.6, 2 11.63, 163 11.03, 2 10.18, 2 9.77, 2 9.54, 2 9.54, 3 5.96, 2 -0.09, 2 -0.09, 2 -0.09, 2 -0.09, 2 -0.09, 3 -0.13, 3 -0.13, 3 -0.13, 4 -0.16, 6 -0.2, 
48% 
2 13.6, 2 11.63, 158 10.42, 2 10.18, 2 9.77, 2 9.54, 2 9.54, 2 8.23, 3 5.96, 2 -0.09, 2 -0.09, 2 -0.09, 2 -0.09, 2 -0.09, 2 -0.09, 3 -0.13, 3 -0.13, 4 -0.16, 6 -0.2, 
49% 
2 13.6, 2 11.63, 159 11.47, 2 10.18, 2 9.77, 2 9.54, 2 9.54, 2 8.23, 3 5.96, 2 -0.09, 2 -0.09, 2 -0.09, 2 -0.09, 2 -0.09, 3 -0.13, 3 -0.13, 4 -0.16, 6 -0.2, 
50% 
2 13.6, 160 12.23, 2 11.63, 2 10.18, 2 9.77, 2 9.54, 2 9.54, 3 5.96, 7 5.94, 2 -0.09, 2 -0.09, 2 -0.09, 2 -0.09, 2 -0.09, 3 -0.13, 3 -0.13, 3 -0.13, 
51% 
2 13.6, 162 12.85, 2 11.63, 2 10.18, 2 9.77, 2 9.54, 2 9.54, 11 7.68, 3 5.96, 2 -0.09, 2 -0.09, 2 -0.09, 2 -0.09, 2 -0.09, 3 -0.13, 3 -0.13, 3 -0.13, 
52% 
2 13.6, 154 13.26, 2 12.3, 2 11.63, 2 10.18, 2 9.77, 2 9.54, 2 9.54, 10 8.23, 3 5.96, 2 -0.09, 2 -0.09, 2 -0.09, 2 -0.09, 2 -0.09, 2 -0.09, 3 -0.13, 3 -0.13, 3 -0.13, 3 -0.13, 
53% 
148 13.6, 2 13.6, 2 12.3, 2 11.63, 2 10.18, 2 9.77, 2 9.54, 2 9.54, 10 8.23, 3 5.96, 2 -0.09, 2 -0.09, 2 -0.09, 2 -0.09, 2 -0.09, 2 -0.09, 3 -0.13, 3 -0.13, 3 -0.13, 3 -0.13, 
54% 
148 13.6, 2 13.6, 2 12.3, 2 11.63, 2 10.18, 2 9.77, 2 9.54, 2 9.54, 10 8.23, 3 5.96, 2 -0.09, 2 -0.09, 2 -0.09, 2 -0.09, 2 -0.09, 2 -0.09, 3 -0.13, 3 -0.13, 3 -0.13, 3 -0.13, 
55% 
163 16.01, 2 13.6, 2 11.63, 2 10.18, 2 9.77, 2 9.54, 2 9.54, 3 5.96, 2 -0.09, 2 -0.09, 2 -0.09, 2 -0.09, 2 -0.09, 2 -0.09, 3 -0.13, 3 -0.13, 3 -0.13, 3 -0.13, 
56% 
159 16.23, 2 13.6, 2 11.63, 2 10.18, 2 9.77, 2 9.54, 2 9.54, 3 5.96, 2 -0.09, 2 -0.09, 2 -0.09, 2 -0.09, 2 -0.09, 2 -0.09, 3 -0.13, 3 -0.13, 3 -0.13, 3 -0.13, 
57% 
158 16.29, 2 13.6, 2 11.63, 2 10.18, 2 9.77, 2 9.54, 2 9.54, 3 5.96, 2 -0.09, 2 -0.09, 2 -0.09, 2 -0.09, 2 -0.09, 2 -0.09, 3 -0.13, 3 -0.13, 3 -0.13, 3 -0.13, 
58% 
155 16.51, 2 13.6, 2 11.63, 2 10.18, 2 9.77, 2 9.54, 2 9.54, 3 5.96, 2 -0.09, 2 -0.09, 2 -0.09, 2 -0.09, 2 -0.09, 2 -0.09, 3 -0.13, 3 -0.13, 3 -0.13, 3 -0.13, 
59% 
153 16.57, 2 13.6, 2 11.63, 2 10.18, 2 9.77, 2 9.54, 2 9.54, 3 5.96, 2 -0.09, 2 -0.09, 2 -0.09, 2 -0.09, 2 -0.09, 2 -0.09, 3 -0.13, 3 -0.13, 3 -0.13, 3 -0.13, 
60% 
156 17.24, 2 13.6, 2 11.63, 2 10.18, 2 9.77, 2 9.54, 2 9.54, 2 8.23, 2 -0.09, 2 -0.09, 2 -0.09, 2 -0.09, 2 -0.09, 2 -0.09, 2 -0.09, 3 -0.13, 3 -0.13, 3 -0.13, 
61% 
163 17.72, 2 13.6, 2 11.63, 2 10.18, 2 9.77, 2 9.54, 2 8.23, 2 -0.09, 2 -0.09, 2 -0.09, 2 -0.09, 2 -0.09, 2 -0.09, 3 -0.13, 3 -0.13, 3 -0.13, 
62% 
185 18.32, 2 11.63, 2 10.18, 2 9.77, 2 9.54, 2 8.23, 2 -0.09, 2 -0.09, 2 -0.09, 2 -0.09, 2 -0.09, 2 -0.09, 3 -0.13, 3 -0.13, 3 -0.13, 
63% 
185 18.32, 2 11.63, 2 10.18, 2 9.77, 2 9.54, 2 8.23, 2 -0.09, 2 -0.09, 2 -0.09, 2 -0.09, 2 -0.09, 2 -0.09, 3 -0.13, 3 -0.13, 3 -0.13, 
64% 
185 19.18, 2 11.63, 2 10.18, 2 9.77, 2 8.23, 2 -0.09, 2 -0.09, 2 -0.09, 2 -0.09, 2 -0.09, 2 -0.09, 3 -0.13, 3 -0.13, 3 -0.13, 
65% 
180 19.41, 2 11.63, 2 10.18, 2 9.77, 2 8.23, 2 -0.09, 2 -0.09, 2 -0.09, 2 -0.09, 2 -0.09, 2 -0.09, 2 -0.09, 3 -0.13, 3 -0.13, 3 -0.13, 
66% 
178 19.52, 2 11.63, 2 10.18, 2 9.77, 2 8.23, 2 -0.09, 2 -0.09, 2 -0.09, 2 -0.09, 2 -0.09, 2 -0.09, 2 -0.09, 3 -0.13, 3 -0.13, 3 -0.13, 
67% 
176 19.68, 2 11.63, 2 10.18, 2 9.77, 2 8.23, 2 -0.09, 2 -0.09, 2 -0.09, 2 -0.09, 2 -0.09, 2 -0.09, 2 -0.09, 3 -0.13, 3 -0.13, 3 -0.13, 
68% 
174 19.86, 2 11.63, 2 10.18, 2 9.77, 2 8.23, 2 -0.09, 2 -0.09, 2 -0.09, 2 -0.09, 2 -0.09, 2 -0.09, 2 -0.09, 3 -0.13, 3 -0.13, 3 -0.13, 
69% 
168 20.18, 2 11.63, 2 10.18, 2 9.77, 2 8.23, 2 -0.09, 2 -0.09, 2 -0.09, 2 -0.09, 2 -0.09, 2 -0.09, 2 -0.09, 2 -0.09, 3 -0.13, 3 -0.13, 3 -0.13, 
70% 
161 20.77, 2 11.63, 2 10.18, 2 9.77, 2 8.23, 2 -0.09, 2 -0.09, 2 -0.09, 2 -0.09, 2 -0.09, 2 -0.09, 2 -0.09, 2 -0.09, 2 -0.09, 3 -0.13, 3 -0.13, 3 -0.13, 
71% 
159 22.41, 2 11.63, 2 10.18, 2 9.77, 2 8.23, 2 -0.09, 2 -0.09, 2 -0.09, 2 -0.09, 2 -0.09, 2 -0.09, 2 -0.09, 2 -0.09, 3 -0.13, 3 -0.13, 3 -0.13, 
72% 
158 22.49, 2 11.63, 2 10.18, 2 9.77, 2 8.23, 2 -0.09, 2 -0.09, 2 -0.09, 2 -0.09, 2 -0.09, 2 -0.09, 2 -0.09, 2 -0.09, 3 -0.13, 3 -0.13, 3 -0.13, 
73% 
134 23.61, 2 11.63, 2 10.18, 2 9.77, 2 8.23, 4 4.66, 2 -0.09, 2 -0.09, 2 -0.09, 2 -0.09, 2 -0.09, 2 -0.09, 2 -0.09, 3 -0.13, 3 -0.13, 3 -0.13, 
74% 
134 23.61, 2 11.63, 2 10.18, 2 9.77, 2 8.23, 4 4.66, 2 -0.09, 2 -0.09, 2 -0.09, 2 -0.09, 2 -0.09, 2 -0.09, 2 -0.09, 3 -0.13, 3 -0.13, 3 -0.13, 
75% 
132 23.76, 2 11.63, 2 10.18, 2 9.77, 2 8.23, 4 4.66, 2 -0.09, 2 -0.09, 2 -0.09, 2 -0.09, 2 -0.09, 2 -0.09, 2 -0.09, 3 -0.13, 3 -0.13, 3 -0.13, 
76% 
131 23.81, 2 11.63, 2 10.18, 2 9.77, 2 8.23, 4 4.66, 2 -0.09, 2 -0.09, 2 -0.09, 2 -0.09, 2 -0.09, 2 -0.09, 2 -0.09, 3 -0.13, 3 -0.13, 3 -0.13, 
77% 
131 23.81, 2 11.63, 2 10.18, 2 9.77, 2 8.23, 4 4.66, 2 -0.09, 2 -0.09, 2 -0.09, 2 -0.09, 2 -0.09, 2 -0.09, 3 -0.13, 3 -0.13, 3 -0.13, 
78% 
129 24.02, 2 11.63, 2 10.18, 2 9.77, 2 8.23, 3 8.15, 4 4.66, 2 -0.09, 2 -0.09, 2 -0.09, 2 -0.09, 2 -0.09, 3 -0.13, 3 -0.13, 3 -0.13, 
79% 
128 24.08, 2 11.63, 2 10.18, 2 9.77, 2 8.23, 3 8.15, 4 4.66, 2 -0.09, 2 -0.09, 2 -0.09, 2 -0.09, 3 -0.13, 3 -0.13, 3 -0.13, 
80% 
126 24.28, 2 11.63, 2 10.18, 2 9.77, 2 8.23, 3 8.15, 4 4.66, 2 -0.09, 2 -0.09, 2 -0.09, 2 -0.09, 3 -0.13, 3 -0.13, 3 -0.13, 
81% 
125 25.13, 2 11.63, 2 10.18, 2 9.77, 2 8.23, 3 8.15, 4 4.66, 2 -0.09, 2 -0.09, 2 -0.09, 2 -0.09, 3 -0.13, 3 -0.13, 3 -0.13, 
82% 
128 25.72, 2 11.63, 2 10.18, 2 9.77, 3 8.15, 4 4.66, 2 -0.09, 2 -0.09, 2 -0.09, 2 -0.09, 3 -0.13, 3 -0.13, 3 -0.13, 
83% 
126 25.93, 2 11.63, 2 10.18, 2 9.77, 3 8.15, 4 4.66, 2 -0.09, 2 -0.09, 2 -0.09, 2 -0.09, 2 -0.09, 3 -0.13, 3 -0.13, 
84% 
125 26.03, 2 11.63, 2 10.18, 2 9.77, 3 8.15, 4 4.66, 2 -0.09, 2 -0.09, 2 -0.09, 2 -0.09, 2 -0.09, 3 -0.13, 3 -0.13, 
85% 
136 26.51, 2 11.63, 2 10.18, 2 9.77, 3 8.15, 2 -0.09, 2 -0.09, 2 -0.09, 2 -0.09, 2 -0.09, 3 -0.13, 3 -0.13, 
86% 
135 26.68, 2 11.63, 2 10.18, 2 9.77, 3 8.15, 2 -0.09, 2 -0.09, 2 -0.09, 2 -0.09, 2 -0.09, 3 -0.13, 3 -0.13, 
87% 
133 26.89, 2 11.63, 2 10.18, 2 9.77, 3 8.15, 2 -0.09, 2 -0.09, 2 -0.09, 2 -0.09, 2 -0.09, 3 -0.13, 3 -0.13, 
88% 
131 27.03, 2 11.63, 2 10.18, 2 9.77, 3 8.15, 2 -0.09, 2 -0.09, 2 -0.09, 2 -0.09, 2 -0.09, 3 -0.13, 3 -0.13, 
89% 
130 27.12, 2 11.63, 2 10.18, 2 9.77, 3 8.15, 2 -0.09, 2 -0.09, 2 -0.09, 2 -0.09, 2 -0.09, 3 -0.13, 3 -0.13, 
90% 
134 28.14, 2 11.63, 2 10.18, 2 9.77, 3 8.15, 2 -0.09, 2 -0.09, 2 -0.09, 2 -0.09, 3 -0.13, 3 -0.13, 
91% 
134 28.14, 2 11.63, 2 10.18, 2 9.77, 3 8.15, 2 -0.09, 2 -0.09, 2 -0.09, 2 -0.09, 3 -0.13, 3 -0.13, 
92% 
132 28.32, 2 11.63, 2 10.18, 2 9.77, 3 8.15, 2 -0.09, 2 -0.09, 2 -0.09, 2 -0.09, 3 -0.13, 3 -0.13, 
93% 
128 28.69, 2 11.63, 2 10.18, 2 9.77, 3 8.15, 2 -0.09, 2 -0.09, 2 -0.09, 2 -0.09, 3 -0.13, 3 -0.13, 
94% 
126 28.93, 2 11.63, 2 10.18, 2 9.77, 3 8.15, 2 -0.09, 2 -0.09, 2 -0.09, 2 -0.09, 3 -0.13, 3 -0.13, 
95% 
121 29.77, 2 11.63, 2 10.18, 2 9.77, 3 8.15, 2 -0.09, 2 -0.09, 2 -0.09, 2 -0.09, 3 -0.13, 3 -0.13, 
96% 
120 30.06, 2 11.63, 2 10.18, 2 9.77, 3 8.15, 2 -0.09, 2 -0.09, 2 -0.09, 2 -0.09, 3 -0.13, 3 -0.13, 
97% 
120 30.06, 2 11.63, 2 10.18, 2 9.77, 3 8.15, 2 -0.09, 2 -0.09, 2 -0.09, 2 -0.09, 3 -0.13, 3 -0.13, 
98% 
120 30.06, 2 11.63, 2 11.22, 2 10.18, 2 9.77, 2 -0.09, 2 -0.09, 2 -0.09, 2 -0.09, 3 -0.13, 3 -0.13, 
99% 
120 30.06, 2 11.63, 2 11.22, 2 10.18, 2 9.77, 2 -0.09, 2 -0.09, 2 -0.09, 2 -0.09, 2 -0.09, 3 -0.13, 
100%
120 30.06, 2 11.63, 2 11.22, 2 10.18, 2 9.77, 2 -0.09, 2 -0.09, 2 -0.09, 2 -0.09, 2 -0.09, 3 -0.13, 
