-sif=/home/safia/anaconda3/lib/R/library/pathfindR/extdata/KEGG.sif
-sig=/home/safia/Documents/pathfindR_Results(3)/active_snw_searches/Iteration_10/active_snw_search/input_for_search.txt
-method=SA
-saTemp0=1
-saTemp1=0.01
-saIter=10000
-geneInitProb=0.2
-gaPop=400
-gaIter=200
-gaThread=5
-gaMut=0
-grMaxDepth=1
-grSearchDepth=1
-grOverlap=0.5
-grSubNum=1000
5 6.3, 677 2.59, 2 -0.11, 2 -0.11, 2 -0.11, 2 -0.11, 2 -0.11, 2 -0.11, 2 -0.11, 2 -0.11, 2 -0.11, 2 -0.11, 2 -0.11, 2 -0.11, 2 -0.11, 2 -0.11, 2 -0.11, 2 -0.11, 2 -0.11, 2 -0.11, 3 -0.14, 3 -0.14, 3 -0.14, 3 -0.14, 3 -0.14, 3 -0.14, 3 -0.14, 3 -0.14, 3 -0.14, 3 -0.14, 4 -0.17, 4 -0.17, 4 -0.17, 4 -0.17, 4 -0.17, 5 -0.18, 5 -0.18, 6 -0.2, 7 -0.21, 9 -0.24, 10 -0.26, 
Percentage of finished job, node number and score of modules that have more than one node are as follows:
0%
1% 
5 6.3, 666 2.64, 2 -0.11, 2 -0.11, 2 -0.11, 2 -0.11, 2 -0.11, 2 -0.11, 2 -0.11, 2 -0.11, 2 -0.11, 2 -0.11, 2 -0.11, 2 -0.11, 2 -0.11, 2 -0.11, 2 -0.11, 2 -0.11, 2 -0.11, 2 -0.11, 3 -0.14, 3 -0.14, 3 -0.14, 3 -0.14, 3 -0.14, 3 -0.14, 3 -0.14, 3 -0.14, 3 -0.14, 4 -0.17, 4 -0.17, 4 -0.17, 4 -0.17, 5 -0.18, 5 -0.18, 6 -0.2, 7 -0.21, 9 -0.24, 10 -0.26, 
2% 
5 6.3, 640 3.43, 2 -0.11, 2 -0.11, 2 -0.11, 2 -0.11, 2 -0.11, 2 -0.11, 2 -0.11, 2 -0.11, 2 -0.11, 2 -0.11, 2 -0.11, 2 -0.11, 2 -0.11, 2 -0.11, 2 -0.11, 2 -0.11, 2 -0.11, 2 -0.11, 2 -0.11, 2 -0.11, 3 -0.14, 3 -0.14, 3 -0.14, 3 -0.14, 3 -0.14, 3 -0.14, 3 -0.14, 3 -0.14, 3 -0.14, 4 -0.17, 4 -0.17, 4 -0.17, 4 -0.17, 5 -0.18, 5 -0.18, 6 -0.2, 9 -0.24, 10 -0.26, 12 -0.28, 
3% 
2 8.75, 5 6.3, 629 3.53, 2 -0.11, 2 -0.11, 2 -0.11, 2 -0.11, 2 -0.11, 2 -0.11, 2 -0.11, 2 -0.11, 2 -0.11, 2 -0.11, 2 -0.11, 2 -0.11, 2 -0.11, 2 -0.11, 2 -0.11, 2 -0.11, 2 -0.11, 2 -0.11, 2 -0.11, 3 -0.14, 3 -0.14, 3 -0.14, 3 -0.14, 3 -0.14, 3 -0.14, 3 -0.14, 3 -0.14, 3 -0.14, 4 -0.17, 4 -0.17, 4 -0.17, 4 -0.17, 5 -0.18, 5 -0.18, 6 -0.2, 9 -0.24, 10 -0.26, 12 -0.28, 
4% 
2 8.75, 5 6.3, 603 3.69, 2 -0.11, 2 -0.11, 2 -0.11, 2 -0.11, 2 -0.11, 2 -0.11, 2 -0.11, 2 -0.11, 2 -0.11, 2 -0.11, 2 -0.11, 2 -0.11, 2 -0.11, 2 -0.11, 2 -0.11, 2 -0.11, 2 -0.11, 2 -0.11, 2 -0.11, 3 -0.14, 3 -0.14, 3 -0.14, 3 -0.14, 3 -0.14, 3 -0.14, 3 -0.14, 3 -0.14, 3 -0.14, 4 -0.17, 4 -0.17, 4 -0.17, 4 -0.17, 4 -0.17, 5 -0.18, 5 -0.18, 6 -0.2, 9 -0.24, 10 -0.26, 11 -0.27, 
5% 
2 8.75, 5 6.3, 594 3.73, 2 -0.11, 2 -0.11, 2 -0.11, 2 -0.11, 2 -0.11, 2 -0.11, 2 -0.11, 2 -0.11, 2 -0.11, 2 -0.11, 2 -0.11, 2 -0.11, 2 -0.11, 2 -0.11, 2 -0.11, 2 -0.11, 2 -0.11, 2 -0.11, 3 -0.14, 3 -0.14, 3 -0.14, 3 -0.14, 3 -0.14, 3 -0.14, 3 -0.14, 3 -0.14, 4 -0.17, 4 -0.17, 4 -0.17, 4 -0.17, 4 -0.17, 5 -0.18, 5 -0.18, 6 -0.2, 9 -0.24, 9 -0.24, 11 -0.27, 
6% 
2 8.75, 5 6.3, 585 3.79, 2 -0.11, 2 -0.11, 2 -0.11, 2 -0.11, 2 -0.11, 2 -0.11, 2 -0.11, 2 -0.11, 2 -0.11, 2 -0.11, 2 -0.11, 2 -0.11, 2 -0.11, 2 -0.11, 2 -0.11, 2 -0.11, 2 -0.11, 2 -0.11, 3 -0.14, 3 -0.14, 3 -0.14, 3 -0.14, 3 -0.14, 3 -0.14, 3 -0.14, 3 -0.14, 4 -0.17, 4 -0.17, 4 -0.17, 4 -0.17, 4 -0.17, 4 -0.17, 5 -0.18, 6 -0.2, 9 -0.24, 9 -0.24, 11 -0.27, 
7% 
2 11.02, 2 8.75, 570 3.89, 2 -0.11, 2 -0.11, 2 -0.11, 2 -0.11, 2 -0.11, 2 -0.11, 2 -0.11, 2 -0.11, 2 -0.11, 2 -0.11, 2 -0.11, 2 -0.11, 2 -0.11, 2 -0.11, 2 -0.11, 2 -0.11, 2 -0.11, 2 -0.11, 3 -0.14, 3 -0.14, 3 -0.14, 3 -0.14, 3 -0.14, 3 -0.14, 3 -0.14, 3 -0.14, 3 -0.14, 4 -0.17, 4 -0.17, 4 -0.17, 4 -0.17, 4 -0.17, 4 -0.17, 5 -0.18, 6 -0.2, 9 -0.24, 9 -0.24, 11 -0.27, 
8% 
2 11.02, 2 8.75, 562 4.74, 2 -0.11, 2 -0.11, 2 -0.11, 2 -0.11, 2 -0.11, 2 -0.11, 2 -0.11, 2 -0.11, 2 -0.11, 2 -0.11, 2 -0.11, 2 -0.11, 2 -0.11, 2 -0.11, 2 -0.11, 2 -0.11, 2 -0.11, 2 -0.11, 2 -0.11, 3 -0.14, 3 -0.14, 3 -0.14, 3 -0.14, 3 -0.14, 3 -0.14, 3 -0.14, 3 -0.14, 4 -0.17, 4 -0.17, 4 -0.17, 4 -0.17, 4 -0.17, 4 -0.17, 4 -0.17, 5 -0.18, 5 -0.18, 6 -0.2, 9 -0.24, 9 -0.24, 10 -0.26, 
9% 
2 11.02, 2 8.75, 569 5.72, 2 -0.11, 2 -0.11, 2 -0.11, 2 -0.11, 2 -0.11, 2 -0.11, 2 -0.11, 2 -0.11, 2 -0.11, 2 -0.11, 2 -0.11, 2 -0.11, 2 -0.11, 2 -0.11, 2 -0.11, 2 -0.11, 2 -0.11, 2 -0.11, 2 -0.11, 2 -0.11, 3 -0.14, 3 -0.14, 3 -0.14, 3 -0.14, 3 -0.14, 3 -0.14, 3 -0.14, 4 -0.17, 4 -0.17, 4 -0.17, 4 -0.17, 4 -0.17, 4 -0.17, 4 -0.17, 5 -0.18, 5 -0.18, 5 -0.18, 9 -0.24, 9 -0.24, 10 -0.26, 
10% 
2 11.02, 2 8.75, 562 5.76, 2 -0.11, 2 -0.11, 2 -0.11, 2 -0.11, 2 -0.11, 2 -0.11, 2 -0.11, 2 -0.11, 2 -0.11, 2 -0.11, 2 -0.11, 2 -0.11, 2 -0.11, 2 -0.11, 2 -0.11, 2 -0.11, 2 -0.11, 2 -0.11, 2 -0.11, 3 -0.14, 3 -0.14, 3 -0.14, 3 -0.14, 3 -0.14, 3 -0.14, 3 -0.14, 4 -0.17, 4 -0.17, 4 -0.17, 4 -0.17, 4 -0.17, 4 -0.17, 4 -0.17, 4 -0.17, 4 -0.17, 5 -0.18, 9 -0.24, 9 -0.24, 9 -0.24, 
11% 
2 11.02, 2 8.75, 549 6.28, 2 -0.11, 2 -0.11, 2 -0.11, 2 -0.11, 2 -0.11, 2 -0.11, 2 -0.11, 2 -0.11, 2 -0.11, 2 -0.11, 2 -0.11, 2 -0.11, 2 -0.11, 2 -0.11, 2 -0.11, 2 -0.11, 2 -0.11, 2 -0.11, 3 -0.14, 3 -0.14, 3 -0.14, 3 -0.14, 3 -0.14, 3 -0.14, 3 -0.14, 4 -0.17, 4 -0.17, 4 -0.17, 4 -0.17, 4 -0.17, 4 -0.17, 4 -0.17, 4 -0.17, 4 -0.17, 5 -0.18, 9 -0.24, 9 -0.24, 9 -0.24, 
12% 
2 11.02, 2 8.75, 542 6.38, 2 -0.11, 2 -0.11, 2 -0.11, 2 -0.11, 2 -0.11, 2 -0.11, 2 -0.11, 2 -0.11, 2 -0.11, 2 -0.11, 2 -0.11, 2 -0.11, 2 -0.11, 2 -0.11, 2 -0.11, 2 -0.11, 2 -0.11, 2 -0.11, 3 -0.14, 3 -0.14, 3 -0.14, 3 -0.14, 3 -0.14, 3 -0.14, 3 -0.14, 4 -0.17, 4 -0.17, 4 -0.17, 4 -0.17, 4 -0.17, 4 -0.17, 4 -0.17, 4 -0.17, 4 -0.17, 4 -0.17, 8 -0.23, 9 -0.24, 9 -0.24, 
13% 
2 11.02, 2 8.75, 2 7.36, 535 5.97, 2 -0.11, 2 -0.11, 2 -0.11, 2 -0.11, 2 -0.11, 2 -0.11, 2 -0.11, 2 -0.11, 2 -0.11, 2 -0.11, 2 -0.11, 2 -0.11, 2 -0.11, 2 -0.11, 2 -0.11, 2 -0.11, 2 -0.11, 2 -0.11, 3 -0.14, 3 -0.14, 3 -0.14, 3 -0.14, 3 -0.14, 3 -0.14, 4 -0.17, 4 -0.17, 4 -0.17, 4 -0.17, 4 -0.17, 4 -0.17, 4 -0.17, 4 -0.17, 4 -0.17, 4 -0.17, 8 -0.23, 9 -0.24, 9 -0.24, 
14% 
2 11.02, 2 8.75, 2 7.36, 528 6.01, 2 -0.11, 2 -0.11, 2 -0.11, 2 -0.11, 2 -0.11, 2 -0.11, 2 -0.11, 2 -0.11, 2 -0.11, 2 -0.11, 2 -0.11, 2 -0.11, 2 -0.11, 2 -0.11, 2 -0.11, 2 -0.11, 2 -0.11, 2 -0.11, 3 -0.14, 3 -0.14, 3 -0.14, 3 -0.14, 3 -0.14, 3 -0.14, 4 -0.17, 4 -0.17, 4 -0.17, 4 -0.17, 4 -0.17, 4 -0.17, 4 -0.17, 4 -0.17, 4 -0.17, 4 -0.17, 8 -0.23, 9 -0.24, 9 -0.24, 
15% 
2 11.02, 2 8.75, 2 7.36, 519 6.1, 2 -0.11, 2 -0.11, 2 -0.11, 2 -0.11, 2 -0.11, 2 -0.11, 2 -0.11, 2 -0.11, 2 -0.11, 2 -0.11, 2 -0.11, 2 -0.11, 2 -0.11, 2 -0.11, 2 -0.11, 2 -0.11, 2 -0.11, 2 -0.11, 3 -0.14, 3 -0.14, 3 -0.14, 3 -0.14, 3 -0.14, 3 -0.14, 3 -0.14, 3 -0.14, 4 -0.17, 4 -0.17, 4 -0.17, 4 -0.17, 4 -0.17, 4 -0.17, 4 -0.17, 4 -0.17, 8 -0.23, 9 -0.24, 9 -0.24, 
16% 
2 11.02, 2 8.75, 2 7.36, 500 6.23, 2 -0.11, 2 -0.11, 2 -0.11, 2 -0.11, 2 -0.11, 2 -0.11, 2 -0.11, 2 -0.11, 2 -0.11, 2 -0.11, 2 -0.11, 2 -0.11, 2 -0.11, 2 -0.11, 2 -0.11, 2 -0.11, 2 -0.11, 2 -0.11, 2 -0.11, 3 -0.14, 3 -0.14, 3 -0.14, 3 -0.14, 3 -0.14, 3 -0.14, 3 -0.14, 3 -0.14, 3 -0.14, 4 -0.17, 4 -0.17, 4 -0.17, 4 -0.17, 4 -0.17, 4 -0.17, 4 -0.17, 8 -0.23, 9 -0.24, 9 -0.24, 
17% 
2 11.02, 2 8.75, 2 7.36, 492 6.3, 2 -0.11, 2 -0.11, 2 -0.11, 2 -0.11, 2 -0.11, 2 -0.11, 2 -0.11, 2 -0.11, 2 -0.11, 2 -0.11, 2 -0.11, 2 -0.11, 2 -0.11, 2 -0.11, 2 -0.11, 2 -0.11, 2 -0.11, 2 -0.11, 2 -0.11, 3 -0.14, 3 -0.14, 3 -0.14, 3 -0.14, 3 -0.14, 3 -0.14, 3 -0.14, 3 -0.14, 3 -0.14, 4 -0.17, 4 -0.17, 4 -0.17, 4 -0.17, 4 -0.17, 4 -0.17, 4 -0.17, 8 -0.23, 9 -0.24, 9 -0.24, 
18% 
2 11.02, 2 8.75, 2 7.36, 488 6.33, 2 -0.11, 2 -0.11, 2 -0.11, 2 -0.11, 2 -0.11, 2 -0.11, 2 -0.11, 2 -0.11, 2 -0.11, 2 -0.11, 2 -0.11, 2 -0.11, 2 -0.11, 2 -0.11, 2 -0.11, 2 -0.11, 2 -0.11, 3 -0.14, 3 -0.14, 3 -0.14, 3 -0.14, 3 -0.14, 3 -0.14, 3 -0.14, 3 -0.14, 3 -0.14, 4 -0.17, 4 -0.17, 4 -0.17, 4 -0.17, 4 -0.17, 4 -0.17, 4 -0.17, 8 -0.23, 9 -0.24, 9 -0.24, 
19% 
2 11.02, 2 8.75, 2 7.36, 486 6.34, 2 -0.11, 2 -0.11, 2 -0.11, 2 -0.11, 2 -0.11, 2 -0.11, 2 -0.11, 2 -0.11, 2 -0.11, 2 -0.11, 2 -0.11, 2 -0.11, 2 -0.11, 2 -0.11, 2 -0.11, 2 -0.11, 3 -0.14, 3 -0.14, 3 -0.14, 3 -0.14, 3 -0.14, 3 -0.14, 3 -0.14, 3 -0.14, 3 -0.14, 4 -0.17, 4 -0.17, 4 -0.17, 4 -0.17, 4 -0.17, 4 -0.17, 4 -0.17, 8 -0.23, 9 -0.24, 9 -0.24, 
20% 
2 11.02, 2 8.75, 2 7.36, 475 6.47, 2 -0.11, 2 -0.11, 2 -0.11, 2 -0.11, 2 -0.11, 2 -0.11, 2 -0.11, 2 -0.11, 2 -0.11, 2 -0.11, 2 -0.11, 2 -0.11, 2 -0.11, 2 -0.11, 2 -0.11, 2 -0.11, 3 -0.14, 3 -0.14, 3 -0.14, 3 -0.14, 3 -0.14, 3 -0.14, 3 -0.14, 3 -0.14, 3 -0.14, 3 -0.14, 4 -0.17, 4 -0.17, 4 -0.17, 4 -0.17, 4 -0.17, 4 -0.17, 8 -0.23, 9 -0.24, 9 -0.24, 
21% 
2 11.02, 2 8.75, 2 7.36, 470 6.53, 2 -0.11, 2 -0.11, 2 -0.11, 2 -0.11, 2 -0.11, 2 -0.11, 2 -0.11, 2 -0.11, 2 -0.11, 2 -0.11, 2 -0.11, 2 -0.11, 2 -0.11, 2 -0.11, 2 -0.11, 2 -0.11, 2 -0.11, 3 -0.14, 3 -0.14, 3 -0.14, 3 -0.14, 3 -0.14, 3 -0.14, 3 -0.14, 3 -0.14, 3 -0.14, 3 -0.14, 3 -0.14, 3 -0.14, 4 -0.17, 4 -0.17, 4 -0.17, 4 -0.17, 4 -0.17, 4 -0.17, 8 -0.23, 9 -0.24, 
22% 
2 11.02, 2 8.75, 2 7.36, 460 7.26, 2 -0.11, 2 -0.11, 2 -0.11, 2 -0.11, 2 -0.11, 2 -0.11, 2 -0.11, 2 -0.11, 2 -0.11, 2 -0.11, 2 -0.11, 2 -0.11, 2 -0.11, 2 -0.11, 2 -0.11, 2 -0.11, 2 -0.11, 2 -0.11, 3 -0.14, 3 -0.14, 3 -0.14, 3 -0.14, 3 -0.14, 3 -0.14, 3 -0.14, 3 -0.14, 3 -0.14, 3 -0.14, 3 -0.14, 3 -0.14, 4 -0.17, 4 -0.17, 4 -0.17, 4 -0.17, 4 -0.17, 8 -0.23, 9 -0.24, 
23% 
2 11.02, 2 8.75, 2 7.36, 454 7.3, 2 -0.11, 2 -0.11, 2 -0.11, 2 -0.11, 2 -0.11, 2 -0.11, 2 -0.11, 2 -0.11, 2 -0.11, 2 -0.11, 2 -0.11, 2 -0.11, 2 -0.11, 2 -0.11, 2 -0.11, 2 -0.11, 2 -0.11, 2 -0.11, 2 -0.11, 3 -0.14, 3 -0.14, 3 -0.14, 3 -0.14, 3 -0.14, 3 -0.14, 3 -0.14, 3 -0.14, 3 -0.14, 3 -0.14, 3 -0.14, 4 -0.17, 4 -0.17, 4 -0.17, 4 -0.17, 8 -0.23, 9 -0.24, 
24% 
2 11.02, 2 8.75, 440 7.92, 2 7.36, 2 -0.11, 2 -0.11, 2 -0.11, 2 -0.11, 2 -0.11, 2 -0.11, 2 -0.11, 2 -0.11, 2 -0.11, 2 -0.11, 2 -0.11, 2 -0.11, 2 -0.11, 2 -0.11, 2 -0.11, 2 -0.11, 2 -0.11, 2 -0.11, 2 -0.11, 2 -0.11, 2 -0.11, 3 -0.14, 3 -0.14, 3 -0.14, 3 -0.14, 3 -0.14, 3 -0.14, 3 -0.14, 3 -0.14, 3 -0.14, 3 -0.14, 4 -0.17, 4 -0.17, 4 -0.17, 4 -0.17, 8 -0.23, 9 -0.24, 
25% 
2 11.02, 2 8.75, 431 8.01, 2 7.36, 2 -0.11, 2 -0.11, 2 -0.11, 2 -0.11, 2 -0.11, 2 -0.11, 2 -0.11, 2 -0.11, 2 -0.11, 2 -0.11, 2 -0.11, 2 -0.11, 2 -0.11, 2 -0.11, 2 -0.11, 2 -0.11, 2 -0.11, 2 -0.11, 2 -0.11, 2 -0.11, 2 -0.11, 2 -0.11, 2 -0.11, 3 -0.14, 3 -0.14, 3 -0.14, 3 -0.14, 3 -0.14, 3 -0.14, 3 -0.14, 3 -0.14, 4 -0.17, 4 -0.17, 4 -0.17, 4 -0.17, 8 -0.23, 9 -0.24, 
26% 
2 11.02, 2 8.75, 403 8.46, 2 7.36, 2 -0.11, 2 -0.11, 2 -0.11, 2 -0.11, 2 -0.11, 2 -0.11, 2 -0.11, 2 -0.11, 2 -0.11, 2 -0.11, 2 -0.11, 2 -0.11, 2 -0.11, 2 -0.11, 2 -0.11, 2 -0.11, 2 -0.11, 2 -0.11, 2 -0.11, 2 -0.11, 2 -0.11, 3 -0.14, 3 -0.14, 3 -0.14, 3 -0.14, 3 -0.14, 3 -0.14, 3 -0.14, 3 -0.14, 4 -0.17, 4 -0.17, 4 -0.17, 4 -0.17, 5 -0.18, 8 -0.23, 9 -0.24, 11 -0.27, 
27% 
2 11.02, 2 8.75, 397 8.6, 2 7.36, 2 -0.11, 2 -0.11, 2 -0.11, 2 -0.11, 2 -0.11, 2 -0.11, 2 -0.11, 2 -0.11, 2 -0.11, 2 -0.11, 2 -0.11, 2 -0.11, 2 -0.11, 2 -0.11, 2 -0.11, 2 -0.11, 2 -0.11, 2 -0.11, 2 -0.11, 2 -0.11, 3 -0.14, 3 -0.14, 3 -0.14, 3 -0.14, 3 -0.14, 3 -0.14, 3 -0.14, 3 -0.14, 4 -0.17, 4 -0.17, 4 -0.17, 4 -0.17, 5 -0.18, 8 -0.23, 9 -0.24, 11 -0.27, 
28% 
2 11.02, 397 9.04, 2 8.75, 2 7.36, 2 -0.11, 2 -0.11, 2 -0.11, 2 -0.11, 2 -0.11, 2 -0.11, 2 -0.11, 2 -0.11, 2 -0.11, 2 -0.11, 2 -0.11, 2 -0.11, 2 -0.11, 2 -0.11, 2 -0.11, 2 -0.11, 2 -0.11, 2 -0.11, 2 -0.11, 3 -0.14, 3 -0.14, 3 -0.14, 3 -0.14, 3 -0.14, 3 -0.14, 3 -0.14, 3 -0.14, 4 -0.17, 4 -0.17, 4 -0.17, 4 -0.17, 5 -0.18, 8 -0.23, 9 -0.24, 11 -0.27, 
29% 
2 11.02, 388 9.15, 2 8.75, 2 7.36, 2 -0.11, 2 -0.11, 2 -0.11, 2 -0.11, 2 -0.11, 2 -0.11, 2 -0.11, 2 -0.11, 2 -0.11, 2 -0.11, 2 -0.11, 2 -0.11, 2 -0.11, 2 -0.11, 2 -0.11, 2 -0.11, 2 -0.11, 2 -0.11, 2 -0.11, 3 -0.14, 3 -0.14, 3 -0.14, 3 -0.14, 3 -0.14, 3 -0.14, 3 -0.14, 3 -0.14, 4 -0.17, 4 -0.17, 4 -0.17, 4 -0.17, 5 -0.18, 5 -0.18, 8 -0.23, 9 -0.24, 11 -0.27, 
30% 
2 11.02, 2 8.75, 377 8.45, 2 7.36, 5 6.98, 2 -0.11, 2 -0.11, 2 -0.11, 2 -0.11, 2 -0.11, 2 -0.11, 2 -0.11, 2 -0.11, 2 -0.11, 2 -0.11, 2 -0.11, 2 -0.11, 2 -0.11, 2 -0.11, 2 -0.11, 2 -0.11, 2 -0.11, 2 -0.11, 3 -0.14, 3 -0.14, 3 -0.14, 3 -0.14, 3 -0.14, 3 -0.14, 3 -0.14, 4 -0.17, 4 -0.17, 4 -0.17, 4 -0.17, 5 -0.18, 5 -0.18, 8 -0.23, 9 -0.24, 11 -0.27, 
31% 
2 11.02, 384 9.64, 2 8.75, 2 7.36, 5 6.98, 2 -0.11, 2 -0.11, 2 -0.11, 2 -0.11, 2 -0.11, 2 -0.11, 2 -0.11, 2 -0.11, 2 -0.11, 2 -0.11, 2 -0.11, 2 -0.11, 2 -0.11, 2 -0.11, 2 -0.11, 2 -0.11, 2 -0.11, 2 -0.11, 3 -0.14, 3 -0.14, 3 -0.14, 3 -0.14, 3 -0.14, 3 -0.14, 4 -0.17, 4 -0.17, 4 -0.17, 4 -0.17, 5 -0.18, 5 -0.18, 7 -0.21, 9 -0.24, 11 -0.27, 
32% 
2 11.02, 378 9.72, 2 8.75, 2 7.36, 5 6.98, 2 -0.11, 2 -0.11, 2 -0.11, 2 -0.11, 2 -0.11, 2 -0.11, 2 -0.11, 2 -0.11, 2 -0.11, 2 -0.11, 2 -0.11, 2 -0.11, 2 -0.11, 2 -0.11, 2 -0.11, 2 -0.11, 2 -0.11, 3 -0.14, 3 -0.14, 3 -0.14, 3 -0.14, 3 -0.14, 3 -0.14, 4 -0.17, 4 -0.17, 4 -0.17, 4 -0.17, 5 -0.18, 5 -0.18, 7 -0.21, 9 -0.24, 11 -0.27, 
33% 
378 12.41, 2 8.75, 2 7.36, 2 -0.11, 2 -0.11, 2 -0.11, 2 -0.11, 2 -0.11, 2 -0.11, 2 -0.11, 2 -0.11, 2 -0.11, 2 -0.11, 2 -0.11, 2 -0.11, 2 -0.11, 2 -0.11, 2 -0.11, 2 -0.11, 3 -0.14, 3 -0.14, 3 -0.14, 3 -0.14, 3 -0.14, 4 -0.17, 4 -0.17, 4 -0.17, 4 -0.17, 5 -0.18, 5 -0.18, 7 -0.21, 9 -0.24, 11 -0.27, 
34% 
401 13.29, 2 8.75, 2 -0.11, 2 -0.11, 2 -0.11, 2 -0.11, 2 -0.11, 2 -0.11, 2 -0.11, 2 -0.11, 2 -0.11, 2 -0.11, 2 -0.11, 2 -0.11, 2 -0.11, 2 -0.11, 3 -0.14, 3 -0.14, 3 -0.14, 3 -0.14, 3 -0.14, 4 -0.17, 4 -0.17, 4 -0.17, 4 -0.17, 5 -0.18, 5 -0.18, 7 -0.21, 9 -0.24, 
35% 
403 13.66, 2 8.75, 2 -0.11, 2 -0.11, 2 -0.11, 2 -0.11, 2 -0.11, 2 -0.11, 2 -0.11, 2 -0.11, 2 -0.11, 2 -0.11, 2 -0.11, 3 -0.14, 3 -0.14, 3 -0.14, 3 -0.14, 3 -0.14, 4 -0.17, 4 -0.17, 4 -0.17, 4 -0.17, 5 -0.18, 5 -0.18, 7 -0.21, 9 -0.24, 
36% 
396 13.9, 2 8.75, 5 5.95, 2 -0.11, 2 -0.11, 2 -0.11, 2 -0.11, 2 -0.11, 2 -0.11, 2 -0.11, 2 -0.11, 2 -0.11, 2 -0.11, 3 -0.14, 3 -0.14, 3 -0.14, 3 -0.14, 3 -0.14, 4 -0.17, 4 -0.17, 4 -0.17, 5 -0.18, 5 -0.18, 7 -0.21, 9 -0.24, 
37% 
396 13.9, 2 8.75, 5 5.95, 2 -0.11, 2 -0.11, 2 -0.11, 2 -0.11, 2 -0.11, 2 -0.11, 2 -0.11, 2 -0.11, 2 -0.11, 2 -0.11, 3 -0.14, 3 -0.14, 3 -0.14, 3 -0.14, 3 -0.14, 3 -0.14, 4 -0.17, 4 -0.17, 5 -0.18, 5 -0.18, 7 -0.21, 9 -0.24, 
38% 
394 13.92, 2 8.75, 3 8.38, 2 -0.11, 2 -0.11, 2 -0.11, 2 -0.11, 2 -0.11, 2 -0.11, 2 -0.11, 2 -0.11, 2 -0.11, 3 -0.14, 3 -0.14, 3 -0.14, 3 -0.14, 3 -0.14, 3 -0.14, 4 -0.17, 4 -0.17, 5 -0.18, 5 -0.18, 7 -0.21, 9 -0.24, 
39% 
394 13.92, 2 8.75, 3 8.38, 2 -0.11, 2 -0.11, 2 -0.11, 2 -0.11, 2 -0.11, 2 -0.11, 2 -0.11, 2 -0.11, 2 -0.11, 3 -0.14, 3 -0.14, 3 -0.14, 3 -0.14, 3 -0.14, 3 -0.14, 4 -0.17, 4 -0.17, 5 -0.18, 5 -0.18, 7 -0.21, 9 -0.24, 
40% 
394 13.92, 2 8.75, 3 8.38, 2 -0.11, 2 -0.11, 2 -0.11, 2 -0.11, 2 -0.11, 2 -0.11, 2 -0.11, 2 -0.11, 2 -0.11, 3 -0.14, 3 -0.14, 3 -0.14, 3 -0.14, 3 -0.14, 3 -0.14, 4 -0.17, 4 -0.17, 4 -0.17, 5 -0.18, 7 -0.21, 9 -0.24, 
41% 
394 13.92, 2 8.75, 3 8.38, 2 -0.11, 2 -0.11, 2 -0.11, 2 -0.11, 2 -0.11, 2 -0.11, 2 -0.11, 2 -0.11, 2 -0.11, 2 -0.11, 3 -0.14, 3 -0.14, 3 -0.14, 3 -0.14, 3 -0.14, 4 -0.17, 4 -0.17, 4 -0.17, 5 -0.18, 7 -0.21, 9 -0.24, 
42% 
383 14.2, 2 8.75, 3 8.38, 2 -0.11, 2 -0.11, 2 -0.11, 2 -0.11, 2 -0.11, 2 -0.11, 2 -0.11, 2 -0.11, 2 -0.11, 3 -0.14, 3 -0.14, 3 -0.14, 3 -0.14, 3 -0.14, 4 -0.17, 4 -0.17, 4 -0.17, 5 -0.18, 7 -0.21, 
43% 
378 14.26, 2 8.75, 3 8.38, 2 -0.11, 2 -0.11, 2 -0.11, 2 -0.11, 2 -0.11, 2 -0.11, 2 -0.11, 2 -0.11, 3 -0.14, 3 -0.14, 3 -0.14, 3 -0.14, 3 -0.14, 4 -0.17, 4 -0.17, 4 -0.17, 5 -0.18, 7 -0.21, 
44% 
375 14.32, 2 8.75, 3 8.38, 2 -0.11, 2 -0.11, 2 -0.11, 2 -0.11, 2 -0.11, 2 -0.11, 2 -0.11, 2 -0.11, 3 -0.14, 3 -0.14, 3 -0.14, 3 -0.14, 3 -0.14, 4 -0.17, 4 -0.17, 4 -0.17, 5 -0.18, 7 -0.21, 
45% 
362 14.66, 2 8.75, 3 8.38, 2 -0.11, 2 -0.11, 2 -0.11, 2 -0.11, 2 -0.11, 2 -0.11, 2 -0.11, 2 -0.11, 3 -0.14, 3 -0.14, 3 -0.14, 3 -0.14, 3 -0.14, 4 -0.17, 4 -0.17, 4 -0.17, 5 -0.18, 6 -0.2, 7 -0.21, 
46% 
355 15.44, 2 8.75, 3 8.38, 2 -0.11, 2 -0.11, 2 -0.11, 2 -0.11, 2 -0.11, 2 -0.11, 2 -0.11, 2 -0.11, 3 -0.14, 3 -0.14, 3 -0.14, 3 -0.14, 3 -0.14, 4 -0.17, 4 -0.17, 4 -0.17, 5 -0.18, 6 -0.2, 7 -0.21, 
47% 
353 15.46, 2 8.75, 3 8.38, 2 -0.11, 2 -0.11, 2 -0.11, 2 -0.11, 2 -0.11, 2 -0.11, 2 -0.11, 2 -0.11, 3 -0.14, 3 -0.14, 3 -0.14, 3 -0.14, 3 -0.14, 4 -0.17, 4 -0.17, 4 -0.17, 5 -0.18, 6 -0.2, 6 -0.2, 
48% 
348 15.62, 2 8.75, 3 8.38, 2 -0.11, 2 -0.11, 2 -0.11, 2 -0.11, 2 -0.11, 2 -0.11, 2 -0.11, 2 -0.11, 3 -0.14, 3 -0.14, 3 -0.14, 3 -0.14, 3 -0.14, 4 -0.17, 4 -0.17, 4 -0.17, 5 -0.18, 6 -0.2, 6 -0.2, 
49% 
346 15.67, 2 8.75, 3 8.38, 2 -0.11, 2 -0.11, 2 -0.11, 2 -0.11, 2 -0.11, 2 -0.11, 2 -0.11, 2 -0.11, 3 -0.14, 3 -0.14, 3 -0.14, 3 -0.14, 4 -0.17, 4 -0.17, 4 -0.17, 5 -0.18, 5 -0.18, 6 -0.2, 
50% 
344 15.68, 2 8.75, 3 8.38, 2 7.36, 2 -0.11, 2 -0.11, 2 -0.11, 2 -0.11, 2 -0.11, 2 -0.11, 2 -0.11, 2 -0.11, 3 -0.14, 3 -0.14, 3 -0.14, 3 -0.14, 3 -0.14, 4 -0.17, 4 -0.17, 5 -0.18, 5 -0.18, 6 -0.2, 
51% 
344 16.16, 2 8.75, 3 8.38, 2 7.36, 2 -0.11, 2 -0.11, 2 -0.11, 2 -0.11, 2 -0.11, 2 -0.11, 2 -0.11, 2 -0.11, 3 -0.14, 3 -0.14, 3 -0.14, 3 -0.14, 4 -0.17, 4 -0.17, 5 -0.18, 5 -0.18, 6 -0.2, 
52% 
342 16.74, 2 8.75, 3 8.38, 2 7.36, 2 -0.11, 2 -0.11, 2 -0.11, 2 -0.11, 2 -0.11, 2 -0.11, 2 -0.11, 2 -0.11, 2 -0.11, 3 -0.14, 3 -0.14, 3 -0.14, 3 -0.14, 4 -0.17, 4 -0.17, 5 -0.18, 5 -0.18, 6 -0.2, 
53% 
337 16.87, 2 8.75, 3 8.38, 2 7.36, 2 -0.11, 2 -0.11, 2 -0.11, 2 -0.11, 2 -0.11, 2 -0.11, 2 -0.11, 2 -0.11, 2 -0.11, 3 -0.14, 3 -0.14, 3 -0.14, 3 -0.14, 4 -0.17, 4 -0.17, 5 -0.18, 5 -0.18, 6 -0.2, 
54% 
335 16.88, 2 8.75, 3 8.38, 2 7.36, 2 -0.11, 2 -0.11, 2 -0.11, 2 -0.11, 2 -0.11, 2 -0.11, 2 -0.11, 2 -0.11, 2 -0.11, 3 -0.14, 3 -0.14, 3 -0.14, 3 -0.14, 4 -0.17, 4 -0.17, 5 -0.18, 5 -0.18, 6 -0.2, 
55% 
333 16.89, 2 8.75, 3 8.38, 2 7.36, 2 -0.11, 2 -0.11, 2 -0.11, 2 -0.11, 2 -0.11, 2 -0.11, 2 -0.11, 2 -0.11, 2 -0.11, 3 -0.14, 3 -0.14, 3 -0.14, 3 -0.14, 4 -0.17, 4 -0.17, 5 -0.18, 5 -0.18, 6 -0.2, 
56% 
327 16.99, 2 8.75, 3 8.38, 2 7.36, 2 -0.11, 2 -0.11, 2 -0.11, 2 -0.11, 2 -0.11, 2 -0.11, 2 -0.11, 2 -0.11, 2 -0.11, 3 -0.14, 3 -0.14, 3 -0.14, 3 -0.14, 4 -0.17, 4 -0.17, 5 -0.18, 5 -0.18, 6 -0.2, 
57% 
321 17.16, 2 8.75, 3 8.38, 2 7.36, 2 -0.11, 2 -0.11, 2 -0.11, 2 -0.11, 2 -0.11, 2 -0.11, 2 -0.11, 2 -0.11, 2 -0.11, 3 -0.14, 3 -0.14, 3 -0.14, 3 -0.14, 4 -0.17, 4 -0.17, 5 -0.18, 5 -0.18, 6 -0.2, 
58% 
311 17.42, 2 8.75, 3 8.38, 2 7.36, 2 -0.11, 2 -0.11, 2 -0.11, 2 -0.11, 2 -0.11, 2 -0.11, 2 -0.11, 2 -0.11, 2 -0.11, 2 -0.11, 3 -0.14, 3 -0.14, 3 -0.14, 4 -0.17, 4 -0.17, 5 -0.18, 5 -0.18, 5 -0.18, 6 -0.2, 
59% 
305 17.68, 2 8.75, 3 8.38, 2 7.36, 2 -0.11, 2 -0.11, 2 -0.11, 2 -0.11, 2 -0.11, 2 -0.11, 2 -0.11, 2 -0.11, 2 -0.11, 2 -0.11, 3 -0.14, 3 -0.14, 3 -0.14, 4 -0.17, 4 -0.17, 4 -0.17, 5 -0.18, 5 -0.18, 6 -0.2, 
60% 
297 17.95, 2 8.75, 3 8.38, 2 7.36, 2 -0.11, 2 -0.11, 2 -0.11, 2 -0.11, 2 -0.11, 2 -0.11, 2 -0.11, 2 -0.11, 2 -0.11, 2 -0.11, 3 -0.14, 3 -0.14, 3 -0.14, 4 -0.17, 4 -0.17, 4 -0.17, 5 -0.18, 5 -0.18, 6 -0.2, 
61% 
297 17.95, 2 8.75, 3 8.38, 2 7.36, 2 -0.11, 2 -0.11, 2 -0.11, 2 -0.11, 2 -0.11, 2 -0.11, 2 -0.11, 2 -0.11, 2 -0.11, 3 -0.14, 3 -0.14, 4 -0.17, 4 -0.17, 4 -0.17, 5 -0.18, 5 -0.18, 6 -0.2, 
62% 
297 17.95, 2 8.75, 3 8.38, 2 7.36, 2 -0.11, 2 -0.11, 2 -0.11, 2 -0.11, 2 -0.11, 2 -0.11, 2 -0.11, 2 -0.11, 2 -0.11, 2 -0.11, 3 -0.14, 3 -0.14, 4 -0.17, 4 -0.17, 4 -0.17, 5 -0.18, 6 -0.2, 
63% 
297 17.95, 2 8.75, 3 8.38, 2 7.36, 2 -0.11, 2 -0.11, 2 -0.11, 2 -0.11, 2 -0.11, 2 -0.11, 2 -0.11, 2 -0.11, 2 -0.11, 3 -0.14, 3 -0.14, 4 -0.17, 4 -0.17, 4 -0.17, 5 -0.18, 6 -0.2, 
64% 
297 17.95, 2 8.75, 3 8.38, 2 7.36, 2 -0.11, 2 -0.11, 2 -0.11, 2 -0.11, 2 -0.11, 2 -0.11, 2 -0.11, 2 -0.11, 2 -0.11, 3 -0.14, 3 -0.14, 4 -0.17, 4 -0.17, 4 -0.17, 5 -0.18, 6 -0.2, 
65% 
294 17.97, 2 8.75, 3 8.38, 2 7.36, 2 -0.11, 2 -0.11, 2 -0.11, 2 -0.11, 2 -0.11, 2 -0.11, 2 -0.11, 2 -0.11, 2 -0.11, 3 -0.14, 3 -0.14, 4 -0.17, 4 -0.17, 4 -0.17, 5 -0.18, 6 -0.2, 
66% 
294 17.97, 2 8.75, 3 8.38, 2 7.36, 2 -0.11, 2 -0.11, 2 -0.11, 2 -0.11, 2 -0.11, 2 -0.11, 2 -0.11, 2 -0.11, 2 -0.11, 3 -0.14, 3 -0.14, 4 -0.17, 4 -0.17, 4 -0.17, 5 -0.18, 6 -0.2, 
67% 
294 17.97, 2 8.75, 3 8.38, 2 7.36, 2 -0.11, 2 -0.11, 2 -0.11, 2 -0.11, 2 -0.11, 2 -0.11, 2 -0.11, 2 -0.11, 2 -0.11, 3 -0.14, 3 -0.14, 4 -0.17, 4 -0.17, 4 -0.17, 5 -0.18, 5 -0.18, 
68% 
290 18.16, 2 8.75, 3 8.38, 2 7.36, 2 -0.11, 2 -0.11, 2 -0.11, 2 -0.11, 2 -0.11, 2 -0.11, 2 -0.11, 2 -0.11, 2 -0.11, 3 -0.14, 3 -0.14, 4 -0.17, 4 -0.17, 4 -0.17, 5 -0.18, 5 -0.18, 
69% 
288 18.26, 2 8.75, 3 8.38, 2 7.36, 2 -0.11, 2 -0.11, 2 -0.11, 2 -0.11, 2 -0.11, 2 -0.11, 2 -0.11, 2 -0.11, 2 -0.11, 3 -0.14, 4 -0.17, 4 -0.17, 4 -0.17, 5 -0.18, 
70% 
288 18.86, 2 8.75, 3 8.38, 2 -0.11, 2 -0.11, 2 -0.11, 2 -0.11, 2 -0.11, 2 -0.11, 2 -0.11, 2 -0.11, 3 -0.14, 4 -0.17, 4 -0.17, 4 -0.17, 5 -0.18, 
71% 
282 19.02, 2 8.75, 3 8.38, 2 -0.11, 2 -0.11, 2 -0.11, 2 -0.11, 2 -0.11, 2 -0.11, 2 -0.11, 2 -0.11, 3 -0.14, 4 -0.17, 4 -0.17, 4 -0.17, 5 -0.18, 
72% 
279 19.13, 2 8.75, 3 8.38, 2 -0.11, 2 -0.11, 2 -0.11, 2 -0.11, 2 -0.11, 2 -0.11, 2 -0.11, 3 -0.14, 4 -0.17, 4 -0.17, 4 -0.17, 5 -0.18, 
73% 
272 19.44, 2 8.75, 3 8.38, 2 -0.11, 2 -0.11, 2 -0.11, 2 -0.11, 2 -0.11, 2 -0.11, 2 -0.11, 3 -0.14, 4 -0.17, 4 -0.17, 4 -0.17, 5 -0.18, 
74% 
268 19.57, 2 8.75, 3 8.38, 2 -0.11, 2 -0.11, 2 -0.11, 2 -0.11, 2 -0.11, 2 -0.11, 3 -0.14, 4 -0.17, 4 -0.17, 4 -0.17, 5 -0.18, 
75% 
234 20.98, 2 8.75, 3 8.38, 2 -0.11, 2 -0.11, 2 -0.11, 2 -0.11, 2 -0.11, 2 -0.11, 3 -0.14, 4 -0.17, 4 -0.17, 4 -0.17, 5 -0.18, 
76% 
234 20.98, 2 8.75, 3 8.38, 2 -0.11, 2 -0.11, 2 -0.11, 2 -0.11, 2 -0.11, 2 -0.11, 2 -0.11, 3 -0.14, 4 -0.17, 4 -0.17, 5 -0.18, 
77% 
232 21.05, 2 8.75, 3 8.38, 2 -0.11, 2 -0.11, 2 -0.11, 2 -0.11, 2 -0.11, 2 -0.11, 2 -0.11, 2 -0.11, 3 -0.14, 4 -0.17, 4 -0.17, 5 -0.18, 
78% 
226 21.32, 2 8.75, 3 8.38, 2 -0.11, 2 -0.11, 2 -0.11, 2 -0.11, 2 -0.11, 2 -0.11, 2 -0.11, 2 -0.11, 3 -0.14, 4 -0.17, 4 -0.17, 5 -0.18, 
79% 
226 21.32, 2 8.75, 3 8.38, 2 -0.11, 2 -0.11, 2 -0.11, 2 -0.11, 2 -0.11, 2 -0.11, 2 -0.11, 2 -0.11, 3 -0.14, 4 -0.17, 4 -0.17, 5 -0.18, 
80% 
226 21.32, 2 8.75, 3 8.38, 2 -0.11, 2 -0.11, 2 -0.11, 2 -0.11, 2 -0.11, 2 -0.11, 2 -0.11, 2 -0.11, 3 -0.14, 4 -0.17, 4 -0.17, 5 -0.18, 
81% 
222 21.47, 2 8.75, 3 8.38, 2 -0.11, 2 -0.11, 2 -0.11, 2 -0.11, 2 -0.11, 2 -0.11, 2 -0.11, 3 -0.14, 3 -0.14, 4 -0.17, 5 -0.18, 
82% 
217 21.68, 2 8.75, 3 8.38, 2 -0.11, 2 -0.11, 2 -0.11, 2 -0.11, 2 -0.11, 2 -0.11, 2 -0.11, 3 -0.14, 3 -0.14, 4 -0.17, 5 -0.18, 
83% 
213 21.79, 2 8.75, 3 8.38, 2 -0.11, 2 -0.11, 2 -0.11, 2 -0.11, 2 -0.11, 2 -0.11, 2 -0.11, 3 -0.14, 3 -0.14, 3 -0.14, 5 -0.18, 
84% 
211 21.86, 2 9.11, 2 8.75, 3 8.38, 2 -0.11, 2 -0.11, 2 -0.11, 2 -0.11, 2 -0.11, 2 -0.11, 2 -0.11, 3 -0.14, 3 -0.14, 3 -0.14, 5 -0.18, 
85% 
203 22.2, 2 9.11, 2 8.75, 3 8.38, 2 -0.11, 2 -0.11, 2 -0.11, 2 -0.11, 2 -0.11, 2 -0.11, 2 -0.11, 3 -0.14, 3 -0.14, 5 -0.18, 
86% 
200 22.4, 2 9.11, 2 8.75, 3 8.38, 2 -0.11, 2 -0.11, 2 -0.11, 2 -0.11, 2 -0.11, 3 -0.14, 3 -0.14, 5 -0.18, 
87% 
196 22.67, 2 9.11, 2 8.75, 3 8.38, 2 -0.11, 2 -0.11, 2 -0.11, 2 -0.11, 2 -0.11, 3 -0.14, 3 -0.14, 5 -0.18, 
88% 
193 22.77, 2 9.11, 2 8.75, 3 8.38, 2 -0.11, 2 -0.11, 2 -0.11, 2 -0.11, 2 -0.11, 3 -0.14, 5 -0.18, 
89% 
189 22.91, 2 9.11, 2 8.75, 3 8.38, 2 -0.11, 2 -0.11, 2 -0.11, 2 -0.11, 2 -0.11, 3 -0.14, 5 -0.18, 
90% 
169 24.41, 2 9.11, 2 8.75, 3 8.38, 2 -0.11, 2 -0.11, 2 -0.11, 2 -0.11, 2 -0.11, 3 -0.14, 5 -0.18, 14 -0.31, 
91% 
166 24.57, 2 9.11, 2 8.75, 3 8.38, 22 2.1, 2 -0.11, 2 -0.11, 2 -0.11, 2 -0.11, 2 -0.11, 3 -0.14, 5 -0.18, 
92% 
165 24.6, 2 9.11, 2 8.75, 3 8.38, 21 2.19, 2 -0.11, 2 -0.11, 2 -0.11, 2 -0.11, 2 -0.11, 3 -0.14, 5 -0.18, 
93% 
161 24.97, 2 9.11, 2 8.75, 3 8.38, 21 2.19, 2 -0.11, 2 -0.11, 2 -0.11, 2 -0.11, 2 -0.11, 3 -0.14, 5 -0.18, 
94% 
159 25.16, 2 9.11, 2 8.75, 3 8.38, 21 2.19, 2 -0.11, 2 -0.11, 2 -0.11, 2 -0.11, 2 -0.11, 3 -0.14, 5 -0.18, 
95% 
158 25.27, 2 9.11, 2 8.75, 3 8.38, 21 2.19, 2 -0.11, 2 -0.11, 2 -0.11, 2 -0.11, 2 -0.11, 3 -0.14, 5 -0.18, 
96% 
157 25.33, 2 9.11, 2 8.75, 3 8.38, 18 2.37, 2 -0.11, 2 -0.11, 2 -0.11, 2 -0.11, 2 -0.11, 2 -0.11, 5 -0.18, 
97% 
155 25.52, 2 9.11, 2 8.75, 3 8.38, 18 2.37, 2 -0.11, 2 -0.11, 2 -0.11, 2 -0.11, 2 -0.11, 2 -0.11, 5 -0.18, 
98% 
152 25.8, 2 9.11, 2 8.75, 3 8.38, 18 2.37, 2 -0.11, 2 -0.11, 2 -0.11, 2 -0.11, 2 -0.11, 2 -0.11, 5 -0.18, 
99% 
150 25.95, 2 9.11, 2 8.75, 3 8.38, 18 2.37, 2 -0.11, 2 -0.11, 2 -0.11, 2 -0.11, 2 -0.11, 2 -0.11, 5 -0.18, 
100%
148 26.06, 2 9.11, 2 8.75, 3 8.38, 18 2.37, 2 -0.11, 2 -0.11, 2 -0.11, 2 -0.11, 2 -0.11, 2 -0.11, 5 -0.18, 
