-sif=/home/safia/anaconda3/lib/R/library/pathfindR/extdata/KEGG.sif
-sig=/home/safia/Documents/pathfindR_Results(1)/active_snw_searches/Iteration_1/active_snw_search/input_for_search.txt
-method=SA
-saTemp0=1
-saTemp1=0.01
-saIter=10000
-geneInitProb=0.01
-gaPop=400
-gaIter=200
-gaThread=5
-gaMut=0
-grMaxDepth=1
-grSearchDepth=1
-grOverlap=0.5
-grSubNum=1000
2 6.56, 2 -0.11, 2 -0.11, 5 -0.18, 
Percentage of finished job, node number and score of modules that have more than one node are as follows:
0%
1% 
2 6.56, 2 -0.11, 2 -0.11, 5 -0.18, 
2% 
2 6.56, 2 -0.11, 2 -0.11, 5 -0.18, 
3% 
2 6.56, 3 6.54, 2 -0.11, 2 -0.11, 5 -0.18, 
4% 
2 6.56, 3 6.54, 6 6.17, 2 -0.11, 
5% 
2 6.56, 3 6.54, 6 6.17, 2 -0.11, 
6% 
2 6.56, 3 6.54, 6 6.17, 2 -0.11, 
7% 
6 8.63, 6 6.17, 2 -0.11, 
8% 
6 8.63, 6 6.17, 2 -0.11, 
9% 
6 8.63, 6 6.17, 2 -0.11, 
10% 
6 8.63, 6 6.17, 2 -0.11, 
11% 
6 8.63, 6 6.17, 2 -0.11, 
12% 
2 11.43, 6 8.63, 6 6.17, 3 4.74, 2 -0.11, 
13% 
2 11.43, 6 8.63, 5 6.93, 3 4.74, 2 -0.11, 
14% 
2 11.43, 6 8.63, 5 6.93, 3 4.74, 2 -0.11, 
15% 
2 11.43, 6 8.63, 5 6.93, 3 4.74, 2 -0.11, 
16% 
2 11.43, 6 8.63, 5 6.93, 3 4.74, 6 3.67, 2 -0.11, 
17% 
2 11.43, 6 8.63, 5 6.93, 3 4.74, 6 3.67, 2 -0.11, 
18% 
2 11.43, 6 8.63, 5 6.93, 3 4.74, 6 3.67, 2 -0.11, 
19% 
2 11.43, 6 8.63, 5 6.93, 3 4.74, 6 3.67, 2 -0.11, 
20% 
2 11.43, 15 9.41, 12 5.23, 3 4.74, 6 3.67, 
21% 
2 11.43, 15 9.41, 2 8, 12 5.23, 3 4.74, 6 3.67, 
22% 
2 11.43, 15 9.41, 2 8, 12 5.23, 3 4.74, 6 3.67, 
23% 
18 12.18, 2 8, 3 5.55, 12 5.23, 3 4.74, 6 3.67, 7 3.61, 
24% 
25 13.83, 2 8, 12 5.23, 6 3.67, 7 3.61, 
25% 
25 13.83, 2 8, 12 5.23, 6 3.67, 7 3.61, 
26% 
25 13.83, 2 8, 12 5.23, 6 3.67, 7 3.61, 
27% 
25 13.83, 2 8, 12 5.23, 6 3.67, 7 3.61, 
28% 
25 13.83, 2 8, 12 5.23, 6 3.67, 7 3.61, 
29% 
23 14.76, 2 8, 12 5.23, 6 3.67, 7 3.61, 
30% 
23 14.76, 2 8, 12 5.23, 5 4.13, 7 3.61, 
31% 
23 14.76, 2 8, 12 5.23, 5 4.13, 7 3.61, 
32% 
23 14.76, 2 8, 12 5.23, 5 4.13, 7 3.61, 
33% 
23 14.76, 2 8, 12 5.23, 5 4.13, 7 3.61, 
34% 
23 14.76, 2 8, 12 5.23, 5 4.13, 7 3.61, 
35% 
23 14.76, 2 8, 12 5.23, 5 4.13, 7 3.61, 
36% 
23 14.76, 2 8, 12 5.23, 5 4.13, 7 3.61, 
37% 
23 14.76, 2 8, 12 5.23, 5 4.13, 7 3.61, 
38% 
24 16.14, 2 8, 12 5.23, 5 4.13, 7 3.61, 
39% 
24 16.14, 2 8, 12 5.23, 5 4.13, 7 3.61, 
40% 
24 16.14, 2 8, 12 5.23, 5 4.13, 7 3.61, 
41% 
24 16.14, 2 8, 12 5.23, 5 4.13, 7 3.61, 
42% 
24 16.14, 2 8, 12 5.23, 5 4.13, 7 3.61, 
43% 
24 16.14, 2 8, 12 5.23, 5 4.13, 7 3.61, 
44% 
24 16.14, 2 8, 12 5.23, 5 4.13, 7 3.61, 
45% 
24 16.14, 2 8, 12 5.23, 5 4.13, 7 3.61, 
46% 
24 16.14, 2 8, 12 5.23, 5 4.13, 7 3.61, 
47% 
24 16.14, 2 8, 12 5.23, 5 4.13, 7 3.61, 
48% 
24 16.14, 2 8, 12 5.23, 5 4.13, 7 3.61, 
49% 
24 16.14, 2 9.4, 2 8.55, 2 8, 11 5.45, 5 4.13, 7 3.61, 
50% 
24 16.14, 2 9.4, 2 8.55, 2 8, 11 5.45, 5 4.13, 7 3.61, 
51% 
24 16.14, 2 9.4, 2 8.55, 2 8, 11 5.45, 5 4.13, 7 3.61, 
52% 
24 16.14, 2 9.4, 2 8.55, 2 8, 11 5.45, 5 4.13, 7 3.61, 
53% 
24 16.14, 2 9.4, 2 8.55, 2 8, 11 5.45, 5 4.13, 7 3.61, 
54% 
24 16.14, 2 9.4, 2 8.55, 2 8, 10 5.63, 5 4.13, 7 3.61, 
55% 
24 16.14, 2 9.4, 2 8.55, 2 8, 9 5.91, 5 4.13, 7 3.61, 
56% 
24 16.14, 2 9.4, 2 8.55, 2 8, 9 5.91, 5 4.13, 6 3.96, 
57% 
28 19.14, 2 9.4, 2 8.55, 2 8, 8 6.42, 5 4.13, 6 3.96, 
58% 
27 19.5, 2 9.4, 2 8.55, 2 8, 8 6.42, 5 4.13, 6 3.96, 
59% 
27 19.5, 2 9.4, 2 8.55, 2 8, 8 6.42, 4 4.81, 5 4.13, 6 3.96, 
60% 
27 19.5, 2 9.4, 2 8.55, 2 8, 8 6.42, 4 4.81, 5 4.13, 6 3.96, 
61% 
27 19.5, 2 9.4, 2 8.55, 2 8, 8 6.42, 4 4.81, 5 4.46, 5 4.13, 
62% 
26 19.94, 2 9.4, 2 8.55, 2 8, 8 6.42, 4 4.81, 5 4.46, 5 4.13, 
63% 
35 20.06, 2 9.4, 2 8.55, 2 8, 4 4.81, 5 4.46, 5 4.13, 
64% 
45 20.53, 2 9.4, 2 8.55, 2 8, 5 4.46, 
65% 
44 20.68, 2 9.4, 2 8.55, 2 8, 5 4.46, 
66% 
44 20.68, 2 9.4, 2 8.55, 2 8, 3 7.59, 5 4.46, 
67% 
44 20.68, 2 9.4, 2 8.55, 2 8, 3 7.59, 3 5.55, 
68% 
44 20.68, 2 9.4, 2 8.55, 2 8, 3 7.59, 3 5.55, 
69% 
44 20.68, 2 9.4, 2 8.55, 2 8, 3 7.59, 3 5.55, 
70% 
44 20.68, 2 9.4, 2 8.55, 2 8, 3 7.59, 3 5.55, 
71% 
44 20.68, 2 9.4, 2 8.55, 2 8, 3 7.59, 3 5.55, 
72% 
42 21.13, 2 9.4, 2 8.55, 2 8, 3 7.59, 3 5.55, 
73% 
42 21.13, 2 9.43, 2 9.4, 2 8.55, 2 8, 3 5.55, 15 1.97, 
74% 
42 21.13, 2 9.43, 2 9.4, 2 8.55, 2 8, 3 5.55, 15 1.97, 
75% 
41 21.5, 2 9.43, 2 9.4, 2 8.55, 2 8, 3 5.55, 13 2.12, 
76% 
41 21.5, 2 9.43, 2 9.4, 2 8.55, 2 8, 3 5.55, 13 2.12, 
77% 
41 21.5, 2 9.43, 2 9.4, 2 8.55, 2 8, 3 5.55, 13 2.12, 
78% 
41 21.5, 2 9.43, 2 9.4, 2 8.55, 2 8, 3 5.55, 13 2.12, 
79% 
41 21.5, 2 9.43, 2 9.4, 2 8.55, 2 8, 3 5.55, 12 2.29, 
80% 
41 21.5, 2 9.43, 2 9.4, 2 8.55, 2 8, 3 5.55, 11 2.4, 
81% 
40 21.8, 2 9.43, 2 9.4, 2 8.55, 2 8, 3 5.55, 11 2.4, 
82% 
40 21.8, 2 9.43, 2 9.4, 2 8.55, 2 8, 3 5.55, 11 2.4, 
83% 
40 21.8, 2 9.43, 2 9.4, 2 8.55, 2 8, 3 5.55, 11 2.4, 
84% 
38 22.3, 2 9.43, 2 9.4, 2 8.55, 2 8, 3 5.55, 11 2.4, 
85% 
38 22.3, 2 9.43, 2 9.4, 2 8.55, 2 8, 3 5.55, 11 2.4, 
86% 
38 22.3, 2 9.43, 2 9.4, 2 8.55, 2 8, 3 5.55, 11 2.4, 
87% 
37 22.54, 2 9.43, 2 9.4, 2 8.55, 2 8, 3 5.55, 11 2.4, 
88% 
37 22.54, 2 9.43, 2 9.4, 2 8.55, 2 8, 3 5.55, 10 2.49, 
89% 
36 22.71, 2 9.43, 2 9.4, 2 8.55, 2 8, 3 5.55, 10 2.49, 
90% 
42 23.17, 2 9.43, 2 8.55, 2 8, 3 5.55, 10 2.49, 
91% 
42 23.17, 2 9.43, 2 8.55, 2 8, 3 5.55, 10 2.49, 
92% 
42 23.17, 2 9.43, 2 8.55, 2 8, 3 5.55, 10 2.49, 
93% 
41 23.57, 2 9.43, 2 8.55, 2 8, 3 5.55, 10 2.49, 
94% 
41 23.57, 2 9.43, 2 8.55, 2 8, 3 5.55, 10 2.49, 
95% 
41 23.57, 2 9.43, 2 8.55, 2 8, 3 5.55, 10 2.49, 
96% 
41 23.57, 2 9.43, 2 8.55, 2 8, 3 5.55, 9 2.62, 
97% 
40 23.9, 2 9.43, 2 8.55, 2 8, 3 5.55, 8 2.87, 
98% 
40 23.9, 2 9.43, 2 8.55, 2 8, 3 5.55, 8 2.87, 
99% 
40 23.9, 2 9.43, 2 8.55, 2 8, 3 5.55, 8 2.87, 
100%
39 24.21, 2 9.43, 2 8.55, 2 8, 3 5.55, 8 2.87, 
