-sif=/home/safia/anaconda3/lib/R/library/pathfindR/extdata/KEGG.sif
-sig=/home/safia/Documents/pathfindR_Results(3)/active_snw_searches/Iteration_4/active_snw_search/input_for_search.txt
-method=SA
-saTemp0=1
-saTemp1=0.01
-saIter=10000
-geneInitProb=0.0733333333333333
-gaPop=400
-gaIter=200
-gaThread=5
-gaMut=0
-grMaxDepth=1
-grSearchDepth=1
-grOverlap=0.5
-grSubNum=1000
144 1.22, 2 -0.12, 2 -0.12, 2 -0.12, 2 -0.12, 2 -0.12, 2 -0.12, 2 -0.12, 2 -0.12, 2 -0.12, 2 -0.12, 2 -0.12, 2 -0.12, 2 -0.12, 2 -0.12, 2 -0.12, 2 -0.12, 2 -0.12, 2 -0.12, 2 -0.12, 2 -0.12, 2 -0.12, 2 -0.12, 3 -0.14, 3 -0.14, 3 -0.14, 3 -0.14, 3 -0.14, 3 -0.14, 3 -0.14, 4 -0.16, 4 -0.16, 4 -0.16, 5 -0.18, 5 -0.18, 6 -0.19, 
Percentage of finished job, node number and score of modules that have more than one node are as follows:
0%
1% 
136 1.32, 2 -0.12, 2 -0.12, 2 -0.12, 2 -0.12, 2 -0.12, 2 -0.12, 2 -0.12, 2 -0.12, 2 -0.12, 2 -0.12, 2 -0.12, 2 -0.12, 2 -0.12, 2 -0.12, 2 -0.12, 2 -0.12, 2 -0.12, 2 -0.12, 2 -0.12, 2 -0.12, 2 -0.12, 3 -0.14, 3 -0.14, 3 -0.14, 3 -0.14, 3 -0.14, 3 -0.14, 3 -0.14, 4 -0.16, 4 -0.16, 4 -0.16, 5 -0.18, 5 -0.18, 6 -0.19, 
2% 
135 1.33, 2 -0.12, 2 -0.12, 2 -0.12, 2 -0.12, 2 -0.12, 2 -0.12, 2 -0.12, 2 -0.12, 2 -0.12, 2 -0.12, 2 -0.12, 2 -0.12, 2 -0.12, 2 -0.12, 2 -0.12, 2 -0.12, 2 -0.12, 2 -0.12, 2 -0.12, 2 -0.12, 2 -0.12, 3 -0.14, 3 -0.14, 3 -0.14, 3 -0.14, 3 -0.14, 3 -0.14, 3 -0.14, 3 -0.14, 4 -0.16, 4 -0.16, 5 -0.18, 5 -0.18, 6 -0.19, 
3% 
134 1.34, 2 -0.12, 2 -0.12, 2 -0.12, 2 -0.12, 2 -0.12, 2 -0.12, 2 -0.12, 2 -0.12, 2 -0.12, 2 -0.12, 2 -0.12, 2 -0.12, 2 -0.12, 2 -0.12, 2 -0.12, 2 -0.12, 2 -0.12, 2 -0.12, 2 -0.12, 2 -0.12, 2 -0.12, 3 -0.14, 3 -0.14, 3 -0.14, 3 -0.14, 3 -0.14, 4 -0.16, 4 -0.16, 4 -0.16, 4 -0.16, 6 -0.19, 
4% 
135 2.11, 2 -0.12, 2 -0.12, 2 -0.12, 2 -0.12, 2 -0.12, 2 -0.12, 2 -0.12, 2 -0.12, 2 -0.12, 2 -0.12, 2 -0.12, 2 -0.12, 2 -0.12, 2 -0.12, 2 -0.12, 2 -0.12, 2 -0.12, 2 -0.12, 2 -0.12, 2 -0.12, 2 -0.12, 3 -0.14, 3 -0.14, 3 -0.14, 3 -0.14, 3 -0.14, 4 -0.16, 4 -0.16, 4 -0.16, 4 -0.16, 6 -0.19, 
5% 
134 2.13, 2 -0.12, 2 -0.12, 2 -0.12, 2 -0.12, 2 -0.12, 2 -0.12, 2 -0.12, 2 -0.12, 2 -0.12, 2 -0.12, 2 -0.12, 2 -0.12, 2 -0.12, 2 -0.12, 2 -0.12, 2 -0.12, 2 -0.12, 2 -0.12, 2 -0.12, 2 -0.12, 3 -0.14, 3 -0.14, 3 -0.14, 3 -0.14, 3 -0.14, 4 -0.16, 4 -0.16, 4 -0.16, 4 -0.16, 6 -0.19, 
6% 
133 2.15, 2 -0.12, 2 -0.12, 2 -0.12, 2 -0.12, 2 -0.12, 2 -0.12, 2 -0.12, 2 -0.12, 2 -0.12, 2 -0.12, 2 -0.12, 2 -0.12, 2 -0.12, 2 -0.12, 2 -0.12, 2 -0.12, 2 -0.12, 2 -0.12, 2 -0.12, 2 -0.12, 3 -0.14, 3 -0.14, 3 -0.14, 3 -0.14, 4 -0.16, 4 -0.16, 4 -0.16, 4 -0.16, 6 -0.19, 
7% 
129 2.21, 2 -0.12, 2 -0.12, 2 -0.12, 2 -0.12, 2 -0.12, 2 -0.12, 2 -0.12, 2 -0.12, 2 -0.12, 2 -0.12, 2 -0.12, 2 -0.12, 2 -0.12, 2 -0.12, 2 -0.12, 2 -0.12, 2 -0.12, 2 -0.12, 2 -0.12, 3 -0.14, 3 -0.14, 3 -0.14, 3 -0.14, 4 -0.16, 4 -0.16, 4 -0.16, 4 -0.16, 6 -0.19, 
8% 
3 7.8, 127 2.24, 2 -0.12, 2 -0.12, 2 -0.12, 2 -0.12, 2 -0.12, 2 -0.12, 2 -0.12, 2 -0.12, 2 -0.12, 2 -0.12, 2 -0.12, 2 -0.12, 2 -0.12, 2 -0.12, 2 -0.12, 2 -0.12, 2 -0.12, 2 -0.12, 2 -0.12, 3 -0.14, 3 -0.14, 3 -0.14, 4 -0.16, 4 -0.16, 4 -0.16, 4 -0.16, 6 -0.19, 
9% 
3 7.8, 121 2.3, 2 -0.12, 2 -0.12, 2 -0.12, 2 -0.12, 2 -0.12, 2 -0.12, 2 -0.12, 2 -0.12, 2 -0.12, 2 -0.12, 2 -0.12, 2 -0.12, 2 -0.12, 2 -0.12, 2 -0.12, 2 -0.12, 2 -0.12, 3 -0.14, 3 -0.14, 3 -0.14, 3 -0.14, 4 -0.16, 4 -0.16, 4 -0.16, 6 -0.19, 
10% 
2 7.89, 3 7.8, 5 4.19, 121 2.3, 2 -0.12, 2 -0.12, 2 -0.12, 2 -0.12, 2 -0.12, 2 -0.12, 2 -0.12, 2 -0.12, 2 -0.12, 2 -0.12, 2 -0.12, 2 -0.12, 2 -0.12, 2 -0.12, 2 -0.12, 3 -0.14, 3 -0.14, 3 -0.14, 3 -0.14, 4 -0.16, 4 -0.16, 6 -0.19, 
11% 
2 7.89, 3 7.8, 5 4.19, 118 2.35, 2 -0.12, 2 -0.12, 2 -0.12, 2 -0.12, 2 -0.12, 2 -0.12, 2 -0.12, 2 -0.12, 2 -0.12, 2 -0.12, 2 -0.12, 2 -0.12, 2 -0.12, 2 -0.12, 2 -0.12, 2 -0.12, 2 -0.12, 3 -0.14, 3 -0.14, 3 -0.14, 4 -0.16, 4 -0.16, 6 -0.19, 
12% 
2 7.89, 3 7.8, 5 4.19, 112 2.43, 2 -0.12, 2 -0.12, 2 -0.12, 2 -0.12, 2 -0.12, 2 -0.12, 2 -0.12, 2 -0.12, 2 -0.12, 2 -0.12, 2 -0.12, 2 -0.12, 2 -0.12, 2 -0.12, 2 -0.12, 3 -0.14, 3 -0.14, 3 -0.14, 4 -0.16, 4 -0.16, 4 -0.16, 6 -0.19, 
13% 
2 7.89, 3 7.8, 5 4.19, 119 3.23, 2 -0.12, 2 -0.12, 2 -0.12, 2 -0.12, 2 -0.12, 2 -0.12, 2 -0.12, 2 -0.12, 2 -0.12, 2 -0.12, 2 -0.12, 2 -0.12, 2 -0.12, 2 -0.12, 2 -0.12, 3 -0.14, 3 -0.14, 3 -0.14, 4 -0.16, 4 -0.16, 4 -0.16, 6 -0.19, 
14% 
2 7.89, 3 7.8, 5 4.19, 117 3.26, 2 -0.12, 2 -0.12, 2 -0.12, 2 -0.12, 2 -0.12, 2 -0.12, 2 -0.12, 2 -0.12, 2 -0.12, 2 -0.12, 2 -0.12, 2 -0.12, 2 -0.12, 2 -0.12, 2 -0.12, 3 -0.14, 3 -0.14, 3 -0.14, 3 -0.14, 4 -0.16, 4 -0.16, 6 -0.19, 
15% 
2 7.89, 3 7.8, 5 4.19, 114 3.33, 2 -0.12, 2 -0.12, 2 -0.12, 2 -0.12, 2 -0.12, 2 -0.12, 2 -0.12, 2 -0.12, 2 -0.12, 2 -0.12, 2 -0.12, 2 -0.12, 2 -0.12, 2 -0.12, 2 -0.12, 3 -0.14, 3 -0.14, 3 -0.14, 3 -0.14, 4 -0.16, 4 -0.16, 6 -0.19, 
16% 
2 7.89, 3 7.8, 3 6.02, 5 4.19, 112 4.19, 2 -0.12, 2 -0.12, 2 -0.12, 2 -0.12, 2 -0.12, 2 -0.12, 2 -0.12, 2 -0.12, 2 -0.12, 2 -0.12, 2 -0.12, 2 -0.12, 2 -0.12, 2 -0.12, 3 -0.14, 3 -0.14, 3 -0.14, 3 -0.14, 4 -0.16, 4 -0.16, 6 -0.19, 
17% 
2 7.89, 3 7.8, 2 7.7, 143 4.45, 5 4.19, 2 -0.12, 2 -0.12, 2 -0.12, 2 -0.12, 2 -0.12, 2 -0.12, 2 -0.12, 2 -0.12, 2 -0.12, 2 -0.12, 2 -0.12, 2 -0.12, 2 -0.12, 2 -0.12, 3 -0.14, 3 -0.14, 3 -0.14, 3 -0.14, 4 -0.16, 4 -0.16, 6 -0.19, 
18% 
2 7.89, 3 7.8, 2 7.7, 136 4.64, 5 4.19, 2 -0.12, 2 -0.12, 2 -0.12, 2 -0.12, 2 -0.12, 2 -0.12, 2 -0.12, 2 -0.12, 2 -0.12, 2 -0.12, 2 -0.12, 2 -0.12, 2 -0.12, 2 -0.12, 3 -0.14, 3 -0.14, 3 -0.14, 3 -0.14, 4 -0.16, 4 -0.16, 6 -0.19, 
19% 
2 7.89, 3 7.8, 2 7.7, 132 4.74, 5 4.19, 2 -0.12, 2 -0.12, 2 -0.12, 2 -0.12, 2 -0.12, 2 -0.12, 2 -0.12, 2 -0.12, 2 -0.12, 2 -0.12, 2 -0.12, 2 -0.12, 2 -0.12, 2 -0.12, 3 -0.14, 3 -0.14, 3 -0.14, 3 -0.14, 4 -0.16, 4 -0.16, 6 -0.19, 
20% 
2 7.89, 3 7.8, 2 7.7, 131 4.76, 5 4.19, 2 -0.12, 2 -0.12, 2 -0.12, 2 -0.12, 2 -0.12, 2 -0.12, 2 -0.12, 2 -0.12, 2 -0.12, 2 -0.12, 2 -0.12, 2 -0.12, 2 -0.12, 2 -0.12, 2 -0.12, 2 -0.12, 3 -0.14, 3 -0.14, 3 -0.14, 4 -0.16, 6 -0.19, 
21% 
2 7.89, 3 7.8, 2 7.7, 129 4.83, 5 4.19, 2 -0.12, 2 -0.12, 2 -0.12, 2 -0.12, 2 -0.12, 2 -0.12, 2 -0.12, 2 -0.12, 2 -0.12, 2 -0.12, 2 -0.12, 2 -0.12, 2 -0.12, 2 -0.12, 2 -0.12, 2 -0.12, 3 -0.14, 3 -0.14, 3 -0.14, 4 -0.16, 6 -0.19, 
22% 
2 7.89, 3 7.8, 2 7.7, 133 5.7, 5 4.19, 2 -0.12, 2 -0.12, 2 -0.12, 2 -0.12, 2 -0.12, 2 -0.12, 2 -0.12, 2 -0.12, 2 -0.12, 2 -0.12, 2 -0.12, 2 -0.12, 2 -0.12, 2 -0.12, 2 -0.12, 3 -0.14, 3 -0.14, 3 -0.14, 4 -0.16, 6 -0.19, 
23% 
2 7.89, 3 7.8, 2 7.7, 132 5.71, 4 4.59, 2 -0.12, 2 -0.12, 2 -0.12, 2 -0.12, 2 -0.12, 2 -0.12, 2 -0.12, 2 -0.12, 2 -0.12, 2 -0.12, 2 -0.12, 2 -0.12, 2 -0.12, 2 -0.12, 2 -0.12, 3 -0.14, 3 -0.14, 3 -0.14, 4 -0.16, 6 -0.19, 
24% 
2 7.89, 3 7.8, 2 7.7, 123 5.94, 3 5.19, 2 -0.12, 2 -0.12, 2 -0.12, 2 -0.12, 2 -0.12, 2 -0.12, 2 -0.12, 2 -0.12, 2 -0.12, 2 -0.12, 2 -0.12, 2 -0.12, 2 -0.12, 2 -0.12, 2 -0.12, 3 -0.14, 3 -0.14, 3 -0.14, 4 -0.16, 5 -0.18, 6 -0.19, 
25% 
2 7.89, 3 7.8, 2 7.7, 114 6.17, 3 5.19, 2 -0.12, 2 -0.12, 2 -0.12, 2 -0.12, 2 -0.12, 2 -0.12, 2 -0.12, 2 -0.12, 2 -0.12, 2 -0.12, 2 -0.12, 2 -0.12, 2 -0.12, 2 -0.12, 2 -0.12, 2 -0.12, 3 -0.14, 3 -0.14, 3 -0.14, 4 -0.16, 5 -0.18, 6 -0.19, 
26% 
2 7.89, 3 7.8, 2 7.7, 110 6.27, 3 5.19, 2 -0.12, 2 -0.12, 2 -0.12, 2 -0.12, 2 -0.12, 2 -0.12, 2 -0.12, 2 -0.12, 2 -0.12, 2 -0.12, 2 -0.12, 2 -0.12, 2 -0.12, 2 -0.12, 3 -0.14, 3 -0.14, 3 -0.14, 4 -0.16, 5 -0.18, 6 -0.19, 
27% 
3 8.63, 2 7.89, 3 7.8, 2 7.7, 108 6.36, 3 5.19, 2 -0.12, 2 -0.12, 2 -0.12, 2 -0.12, 2 -0.12, 2 -0.12, 2 -0.12, 2 -0.12, 2 -0.12, 2 -0.12, 2 -0.12, 2 -0.12, 2 -0.12, 3 -0.14, 3 -0.14, 3 -0.14, 4 -0.16, 6 -0.19, 
28% 
122 9.27, 2 7.89, 3 7.8, 2 7.7, 3 5.19, 2 -0.12, 2 -0.12, 2 -0.12, 2 -0.12, 2 -0.12, 2 -0.12, 2 -0.12, 2 -0.12, 2 -0.12, 2 -0.12, 2 -0.12, 2 -0.12, 2 -0.12, 3 -0.14, 3 -0.14, 3 -0.14, 4 -0.16, 6 -0.19, 
29% 
122 10.19, 2 7.89, 3 7.8, 2 7.7, 3 5.19, 2 -0.12, 2 -0.12, 2 -0.12, 2 -0.12, 2 -0.12, 2 -0.12, 2 -0.12, 2 -0.12, 2 -0.12, 2 -0.12, 2 -0.12, 2 -0.12, 2 -0.12, 2 -0.12, 3 -0.14, 3 -0.14, 6 -0.19, 
30% 
119 10.33, 2 7.89, 3 7.8, 2 7.7, 3 5.19, 2 -0.12, 2 -0.12, 2 -0.12, 2 -0.12, 2 -0.12, 2 -0.12, 2 -0.12, 2 -0.12, 2 -0.12, 2 -0.12, 2 -0.12, 2 -0.12, 2 -0.12, 2 -0.12, 3 -0.14, 3 -0.14, 6 -0.19, 
31% 
118 10.35, 2 7.89, 3 7.8, 2 7.7, 3 5.19, 2 -0.12, 2 -0.12, 2 -0.12, 2 -0.12, 2 -0.12, 2 -0.12, 2 -0.12, 2 -0.12, 2 -0.12, 2 -0.12, 2 -0.12, 2 -0.12, 2 -0.12, 3 -0.14, 3 -0.14, 6 -0.19, 
32% 
116 10.44, 2 7.89, 3 7.8, 2 7.7, 3 5.19, 4 4.59, 2 -0.12, 2 -0.12, 2 -0.12, 2 -0.12, 2 -0.12, 2 -0.12, 2 -0.12, 2 -0.12, 2 -0.12, 2 -0.12, 2 -0.12, 2 -0.12, 2 -0.12, 3 -0.14, 3 -0.14, 6 -0.19, 
33% 
115 10.48, 2 7.89, 3 7.8, 2 7.7, 3 5.19, 4 4.59, 2 -0.12, 2 -0.12, 2 -0.12, 2 -0.12, 2 -0.12, 2 -0.12, 2 -0.12, 2 -0.12, 2 -0.12, 2 -0.12, 2 -0.12, 2 -0.12, 3 -0.14, 3 -0.14, 6 -0.19, 
34% 
113 10.57, 2 7.89, 3 7.8, 2 7.7, 3 5.19, 4 4.59, 2 -0.12, 2 -0.12, 2 -0.12, 2 -0.12, 2 -0.12, 2 -0.12, 2 -0.12, 2 -0.12, 2 -0.12, 2 -0.12, 2 -0.12, 2 -0.12, 3 -0.14, 3 -0.14, 6 -0.19, 
35% 
112 10.58, 2 7.89, 3 7.8, 2 7.7, 3 5.19, 4 4.59, 2 -0.12, 2 -0.12, 2 -0.12, 2 -0.12, 2 -0.12, 2 -0.12, 2 -0.12, 2 -0.12, 2 -0.12, 2 -0.12, 2 -0.12, 2 -0.12, 3 -0.14, 3 -0.14, 6 -0.19, 
36% 
109 10.79, 2 7.89, 3 7.8, 2 7.7, 3 5.19, 3 5.19, 2 -0.12, 2 -0.12, 2 -0.12, 2 -0.12, 2 -0.12, 2 -0.12, 2 -0.12, 2 -0.12, 2 -0.12, 2 -0.12, 2 -0.12, 2 -0.12, 2 -0.12, 3 -0.14, 6 -0.19, 
37% 
108 11.78, 2 7.89, 3 7.8, 2 7.7, 3 5.19, 3 5.19, 2 -0.12, 2 -0.12, 2 -0.12, 2 -0.12, 2 -0.12, 2 -0.12, 2 -0.12, 2 -0.12, 2 -0.12, 2 -0.12, 2 -0.12, 2 -0.12, 2 -0.12, 2 -0.12, 6 -0.19, 
38% 
106 11.93, 2 7.89, 3 7.8, 2 7.7, 3 5.19, 3 5.19, 2 -0.12, 2 -0.12, 2 -0.12, 2 -0.12, 2 -0.12, 2 -0.12, 2 -0.12, 2 -0.12, 2 -0.12, 2 -0.12, 2 -0.12, 2 -0.12, 2 -0.12, 2 -0.12, 5 -0.18, 
39% 
104 12.13, 2 7.89, 3 7.8, 2 7.7, 3 5.19, 3 5.19, 2 -0.12, 2 -0.12, 2 -0.12, 2 -0.12, 2 -0.12, 2 -0.12, 2 -0.12, 2 -0.12, 2 -0.12, 2 -0.12, 2 -0.12, 2 -0.12, 2 -0.12, 2 -0.12, 5 -0.18, 
40% 
102 12.23, 2 7.89, 3 7.8, 2 7.7, 3 5.19, 3 5.19, 2 -0.12, 2 -0.12, 2 -0.12, 2 -0.12, 2 -0.12, 2 -0.12, 2 -0.12, 2 -0.12, 2 -0.12, 2 -0.12, 2 -0.12, 2 -0.12, 2 -0.12, 5 -0.18, 
41% 
102 12.23, 2 7.89, 3 7.8, 2 7.7, 3 5.19, 3 5.19, 2 -0.12, 2 -0.12, 2 -0.12, 2 -0.12, 2 -0.12, 2 -0.12, 2 -0.12, 2 -0.12, 2 -0.12, 2 -0.12, 2 -0.12, 2 -0.12, 2 -0.12, 5 -0.18, 
42% 
105 14.27, 2 9.94, 2 7.89, 2 7.7, 3 5.19, 3 5.19, 2 -0.12, 2 -0.12, 2 -0.12, 2 -0.12, 2 -0.12, 2 -0.12, 2 -0.12, 2 -0.12, 2 -0.12, 2 -0.12, 2 -0.12, 2 -0.12, 5 -0.18, 
43% 
103 14.5, 2 9.94, 2 7.89, 2 7.7, 4 6.53, 3 5.19, 3 5.19, 2 -0.12, 2 -0.12, 2 -0.12, 2 -0.12, 2 -0.12, 2 -0.12, 2 -0.12, 2 -0.12, 2 -0.12, 2 -0.12, 2 -0.12, 5 -0.18, 
44% 
101 14.66, 2 9.94, 2 7.89, 2 7.7, 4 6.53, 3 5.19, 3 5.19, 2 -0.12, 2 -0.12, 2 -0.12, 2 -0.12, 2 -0.12, 2 -0.12, 2 -0.12, 2 -0.12, 2 -0.12, 2 -0.12, 2 -0.12, 5 -0.18, 
45% 
101 14.66, 2 9.94, 2 7.89, 2 7.7, 4 6.53, 3 5.19, 3 5.19, 2 -0.12, 2 -0.12, 2 -0.12, 2 -0.12, 2 -0.12, 2 -0.12, 2 -0.12, 2 -0.12, 2 -0.12, 2 -0.12, 2 -0.12, 5 -0.18, 
46% 
104 15.46, 2 9.94, 2 7.89, 2 7.7, 4 6.53, 3 5.19, 2 -0.12, 2 -0.12, 2 -0.12, 2 -0.12, 2 -0.12, 2 -0.12, 2 -0.12, 2 -0.12, 2 -0.12, 2 -0.12, 5 -0.18, 
47% 
101 15.7, 2 9.94, 2 7.89, 2 7.7, 4 6.53, 3 5.19, 2 -0.12, 2 -0.12, 2 -0.12, 2 -0.12, 2 -0.12, 2 -0.12, 2 -0.12, 2 -0.12, 2 -0.12, 2 -0.12, 5 -0.18, 
48% 
101 15.7, 2 9.94, 2 7.89, 2 7.7, 4 6.53, 3 5.19, 2 -0.12, 2 -0.12, 2 -0.12, 2 -0.12, 2 -0.12, 2 -0.12, 2 -0.12, 2 -0.12, 2 -0.12, 2 -0.12, 4 -0.16, 
49% 
98 15.9, 2 9.94, 2 7.89, 2 7.7, 4 6.53, 3 5.19, 2 -0.12, 2 -0.12, 2 -0.12, 2 -0.12, 2 -0.12, 2 -0.12, 2 -0.12, 2 -0.12, 2 -0.12, 2 -0.12, 2 -0.12, 4 -0.16, 
50% 
98 15.9, 2 9.94, 2 7.89, 2 7.7, 3 7.37, 3 5.19, 2 -0.12, 2 -0.12, 2 -0.12, 2 -0.12, 2 -0.12, 2 -0.12, 2 -0.12, 2 -0.12, 2 -0.12, 4 -0.16, 
51% 
97 16.99, 2 9.94, 2 7.89, 2 7.7, 3 7.37, 3 5.19, 2 -0.12, 2 -0.12, 2 -0.12, 2 -0.12, 2 -0.12, 2 -0.12, 2 -0.12, 2 -0.12, 4 -0.16, 
52% 
97 16.99, 2 9.94, 2 7.89, 2 7.7, 3 7.37, 3 5.19, 2 -0.12, 2 -0.12, 2 -0.12, 2 -0.12, 2 -0.12, 2 -0.12, 2 -0.12, 4 -0.16, 
53% 
97 16.99, 2 9.94, 2 7.89, 2 7.7, 3 7.37, 3 5.19, 2 -0.12, 2 -0.12, 2 -0.12, 2 -0.12, 2 -0.12, 2 -0.12, 2 -0.12, 4 -0.16, 
54% 
96 17.06, 2 9.94, 2 7.89, 2 7.7, 3 7.37, 3 5.19, 2 -0.12, 2 -0.12, 2 -0.12, 2 -0.12, 2 -0.12, 2 -0.12, 2 -0.12, 4 -0.16, 
55% 
111 17.36, 2 9.94, 2 7.89, 2 7.7, 3 7.37, 3 5.19, 2 -0.12, 2 -0.12, 2 -0.12, 2 -0.12, 2 -0.12, 2 -0.12, 2 -0.12, 4 -0.16, 
56% 
110 17.44, 2 9.94, 2 7.89, 2 7.7, 3 7.37, 3 5.19, 2 -0.12, 2 -0.12, 2 -0.12, 2 -0.12, 2 -0.12, 2 -0.12, 2 -0.12, 4 -0.16, 
57% 
108 17.66, 2 9.94, 2 7.89, 2 7.7, 3 7.37, 3 5.19, 2 -0.12, 2 -0.12, 2 -0.12, 2 -0.12, 2 -0.12, 2 -0.12, 3 -0.14, 
58% 
108 17.66, 2 9.94, 2 7.89, 2 7.7, 3 7.37, 3 5.19, 2 -0.12, 2 -0.12, 2 -0.12, 2 -0.12, 2 -0.12, 2 -0.12, 3 -0.14, 
59% 
108 18.84, 2 9.94, 2 7.89, 2 7.7, 3 7.37, 3 5.19, 2 -0.12, 2 -0.12, 2 -0.12, 2 -0.12, 2 -0.12, 3 -0.14, 
60% 
108 18.84, 2 9.94, 2 7.89, 2 7.7, 3 7.37, 3 5.19, 3 4.71, 2 -0.12, 2 -0.12, 2 -0.12, 2 -0.12, 2 -0.12, 3 -0.14, 
61% 
111 20.08, 2 9.94, 2 7.89, 2 7.7, 3 7.37, 3 5.19, 3 4.71, 2 -0.12, 2 -0.12, 2 -0.12, 2 -0.12, 3 -0.14, 
62% 
108 20.43, 2 9.94, 2 7.89, 2 7.7, 3 7.37, 3 5.19, 3 4.71, 2 -0.12, 2 -0.12, 2 -0.12, 2 -0.12, 3 -0.14, 
63% 
105 20.78, 2 9.94, 2 7.89, 2 7.7, 3 7.37, 3 5.19, 3 4.71, 2 -0.12, 2 -0.12, 2 -0.12, 2 -0.12, 3 -0.14, 
64% 
103 21.1, 2 9.94, 2 7.89, 2 7.7, 3 7.37, 3 5.19, 3 4.71, 2 -0.12, 2 -0.12, 2 -0.12, 2 -0.12, 3 -0.14, 
65% 
103 21.1, 2 9.94, 2 7.89, 2 7.7, 3 7.37, 3 5.19, 3 4.71, 2 -0.12, 2 -0.12, 2 -0.12, 2 -0.12, 3 -0.14, 
66% 
102 21.16, 2 9.94, 2 7.89, 2 7.7, 3 7.37, 3 5.19, 3 4.71, 2 -0.12, 2 -0.12, 2 -0.12, 2 -0.12, 3 -0.14, 
67% 
101 21.32, 2 9.94, 2 7.89, 2 7.7, 3 7.37, 3 5.19, 3 4.71, 2 -0.12, 2 -0.12, 2 -0.12, 2 -0.12, 3 -0.14, 
68% 
100 21.41, 2 9.94, 2 7.89, 2 7.7, 3 7.37, 3 5.19, 3 4.71, 2 -0.12, 2 -0.12, 2 -0.12, 2 -0.12, 3 -0.14, 
69% 
99 22.77, 2 9.94, 2 7.89, 3 7.37, 3 5.19, 3 4.71, 2 -0.12, 2 -0.12, 2 -0.12, 2 -0.12, 3 -0.14, 
70% 
99 23.67, 2 9.94, 2 9.4, 2 7.89, 3 5.19, 3 4.71, 2 -0.12, 2 -0.12, 2 -0.12, 2 -0.12, 3 -0.14, 
71% 
99 23.67, 2 9.94, 2 9.4, 2 7.89, 2 6.02, 3 5.19, 2 -0.12, 2 -0.12, 2 -0.12, 2 -0.12, 
72% 
99 23.67, 2 9.94, 2 9.4, 2 7.89, 2 6.02, 3 5.19, 2 -0.12, 2 -0.12, 
73% 
98 23.71, 2 9.94, 2 9.4, 2 7.89, 2 6.02, 3 5.19, 2 -0.12, 2 -0.12, 
74% 
97 23.8, 2 9.94, 2 9.4, 2 7.89, 2 6.02, 3 5.19, 2 -0.12, 
75% 
97 23.8, 2 9.94, 2 9.4, 2 7.89, 2 6.02, 3 5.19, 2 -0.12, 
76% 
94 24.17, 2 9.94, 2 9.4, 2 7.89, 2 6.02, 3 5.19, 2 -0.12, 
77% 
93 24.23, 2 9.94, 2 9.4, 2 7.89, 2 6.02, 3 5.19, 2 -0.12, 
78% 
90 24.81, 2 9.94, 2 9.4, 2 7.89, 2 6.02, 3 5.19, 2 -0.12, 
79% 
89 24.87, 2 9.94, 2 9.4, 2 7.89, 2 6.02, 3 5.19, 2 -0.12, 
80% 
88 25.07, 2 9.94, 2 9.4, 2 7.89, 2 6.02, 3 5.19, 2 -0.12, 
81% 
88 25.07, 2 9.94, 2 9.4, 2 7.89, 2 6.02, 3 5.19, 2 -0.12, 
82% 
87 25.26, 2 9.94, 2 9.4, 2 7.89, 2 6.02, 3 5.19, 2 -0.12, 
83% 
86 25.51, 2 9.94, 2 9.4, 2 7.89, 2 6.02, 3 5.19, 2 -0.12, 
84% 
85 25.61, 2 9.94, 2 9.4, 2 7.89, 2 6.02, 3 5.19, 2 -0.12, 
85% 
84 25.8, 2 9.94, 2 9.4, 2 7.89, 2 6.02, 3 5.19, 
86% 
83 26, 2 9.94, 2 9.4, 2 7.89, 2 6.02, 3 5.19, 
87% 
81 26.31, 2 9.94, 2 9.4, 2 7.89, 2 6.02, 3 5.19, 
88% 
80 26.48, 11 10.39, 2 9.4, 2 7.89, 2 6.02, 3 5.19, 
89% 
79 26.62, 11 10.39, 2 9.4, 2 7.89, 2 6.02, 3 5.19, 
90% 
79 26.62, 11 10.39, 2 9.4, 2 7.89, 2 6.02, 3 5.19, 
91% 
79 26.62, 11 10.39, 2 9.4, 2 7.89, 2 6.02, 3 5.19, 
92% 
78 26.75, 11 10.39, 2 9.4, 2 7.89, 2 6.02, 3 5.19, 
93% 
77 26.96, 11 10.39, 2 9.4, 2 7.89, 2 6.02, 3 5.19, 
94% 
76 27.11, 11 10.39, 2 9.4, 2 7.89, 2 6.02, 3 5.19, 
95% 
76 27.11, 11 10.39, 2 9.4, 2 7.89, 2 6.02, 3 5.19, 
96% 
76 27.11, 11 10.39, 2 9.4, 2 7.89, 2 6.02, 3 5.19, 
97% 
75 27.42, 10 10.79, 2 9.4, 2 7.89, 2 6.02, 3 5.19, 
98% 
75 27.42, 10 10.79, 2 9.4, 2 7.89, 2 6.02, 3 5.19, 
99% 
75 27.42, 10 10.79, 2 9.4, 2 7.89, 2 6.02, 3 5.19, 
100%
75 27.42, 10 10.79, 2 9.4, 2 7.89, 2 6.02, 3 5.19, 
