-sif=/home/safia/anaconda3/lib/R/library/pathfindR/extdata/KEGG.sif
-sig=/home/safia/Documents/pathfindR_Results(3)/active_snw_searches/Iteration_2/active_snw_search/input_for_search.txt
-method=SA
-saTemp0=1
-saTemp1=0.01
-saIter=10000
-geneInitProb=0.0311111111111111
-gaPop=400
-gaIter=200
-gaThread=5
-gaMut=0
-grMaxDepth=1
-grSearchDepth=1
-grOverlap=0.5
-grSubNum=1000
8 2.96, 2 -0.09, 2 -0.09, 2 -0.09, 2 -0.09, 2 -0.09, 2 -0.09, 3 -0.12, 3 -0.12, 3 -0.12, 3 -0.12, 4 -0.14, 4 -0.14, 4 -0.14, 5 -0.17, 20 -0.35, 
Percentage of finished job, node number and score of modules that have more than one node are as follows:
0%
1% 
8 2.96, 2 -0.09, 2 -0.09, 2 -0.09, 2 -0.09, 2 -0.09, 2 -0.09, 3 -0.12, 3 -0.12, 3 -0.12, 3 -0.12, 3 -0.12, 4 -0.14, 4 -0.14, 5 -0.17, 19 -0.34, 
2% 
8 2.96, 2 -0.09, 2 -0.09, 2 -0.09, 2 -0.09, 2 -0.09, 3 -0.12, 3 -0.12, 3 -0.12, 3 -0.12, 3 -0.12, 3 -0.12, 4 -0.14, 5 -0.17, 19 -0.34, 
3% 
8 2.96, 2 -0.09, 2 -0.09, 2 -0.09, 2 -0.09, 2 -0.09, 3 -0.12, 3 -0.12, 3 -0.12, 3 -0.12, 3 -0.12, 3 -0.12, 4 -0.14, 5 -0.17, 19 -0.34, 
4% 
2 11.84, 8 2.96, 2 -0.09, 2 -0.09, 2 -0.09, 2 -0.09, 2 -0.09, 3 -0.12, 3 -0.12, 3 -0.12, 3 -0.12, 3 -0.12, 4 -0.14, 5 -0.17, 19 -0.34, 
5% 
2 11.84, 8 2.96, 2 -0.09, 2 -0.09, 2 -0.09, 2 -0.09, 2 -0.09, 3 -0.12, 3 -0.12, 3 -0.12, 3 -0.12, 3 -0.12, 4 -0.14, 5 -0.17, 19 -0.34, 
6% 
2 11.84, 8 2.96, 2 -0.09, 2 -0.09, 2 -0.09, 2 -0.09, 2 -0.09, 2 -0.09, 3 -0.12, 3 -0.12, 3 -0.12, 3 -0.12, 4 -0.14, 5 -0.17, 19 -0.34, 
7% 
2 11.84, 2 8.69, 8 2.96, 2 -0.09, 2 -0.09, 2 -0.09, 2 -0.09, 2 -0.09, 2 -0.09, 3 -0.12, 3 -0.12, 3 -0.12, 3 -0.12, 4 -0.14, 5 -0.17, 19 -0.34, 
8% 
2 11.84, 2 8.69, 8 2.96, 2 -0.09, 2 -0.09, 2 -0.09, 2 -0.09, 2 -0.09, 2 -0.09, 3 -0.12, 3 -0.12, 3 -0.12, 3 -0.12, 4 -0.14, 5 -0.17, 19 -0.34, 
9% 
2 11.84, 2 8.69, 7 3.28, 2 -0.09, 2 -0.09, 2 -0.09, 2 -0.09, 2 -0.09, 2 -0.09, 2 -0.09, 2 -0.09, 3 -0.12, 3 -0.12, 4 -0.14, 5 -0.17, 6 -0.19, 8 -0.22, 
10% 
2 11.84, 2 8.69, 7 3.28, 2 -0.09, 2 -0.09, 2 -0.09, 2 -0.09, 2 -0.09, 2 -0.09, 2 -0.09, 2 -0.09, 3 -0.12, 3 -0.12, 4 -0.14, 5 -0.17, 6 -0.19, 8 -0.22, 
11% 
2 11.84, 2 8.69, 7 3.28, 2 -0.09, 2 -0.09, 2 -0.09, 2 -0.09, 2 -0.09, 2 -0.09, 2 -0.09, 2 -0.09, 3 -0.12, 3 -0.12, 4 -0.14, 5 -0.17, 6 -0.19, 8 -0.22, 
12% 
2 11.84, 3 11.21, 2 8.69, 7 3.28, 2 -0.09, 2 -0.09, 2 -0.09, 2 -0.09, 2 -0.09, 2 -0.09, 3 -0.12, 3 -0.12, 4 -0.14, 5 -0.17, 6 -0.19, 7 -0.2, 
13% 
2 12.98, 2 11.84, 3 11.21, 2 8.69, 7 3.28, 2 -0.09, 2 -0.09, 2 -0.09, 2 -0.09, 2 -0.09, 2 -0.09, 3 -0.12, 3 -0.12, 4 -0.14, 5 -0.17, 6 -0.19, 7 -0.2, 
14% 
2 12.98, 2 11.84, 3 11.21, 2 8.69, 7 3.28, 2 -0.09, 2 -0.09, 2 -0.09, 2 -0.09, 2 -0.09, 2 -0.09, 2 -0.09, 3 -0.12, 4 -0.14, 5 -0.17, 6 -0.19, 7 -0.2, 
15% 
2 12.98, 2 11.84, 3 11.21, 2 8.69, 7 3.28, 2 -0.09, 2 -0.09, 2 -0.09, 2 -0.09, 2 -0.09, 2 -0.09, 2 -0.09, 3 -0.12, 4 -0.14, 5 -0.17, 6 -0.19, 7 -0.2, 
16% 
2 12.98, 2 11.84, 3 11.21, 5 9.57, 2 8.69, 4 7.16, 26 4.61, 2 -0.09, 2 -0.09, 2 -0.09, 2 -0.09, 2 -0.09, 2 -0.09, 3 -0.12, 4 -0.14, 5 -0.17, 6 -0.19, 7 -0.2, 
17% 
2 12.98, 2 11.84, 3 11.21, 5 9.57, 2 8.69, 4 7.16, 4 5.77, 26 4.61, 2 -0.09, 2 -0.09, 2 -0.09, 2 -0.09, 2 -0.09, 3 -0.12, 4 -0.14, 5 -0.17, 6 -0.19, 7 -0.2, 
18% 
2 12.98, 2 11.84, 3 11.21, 2 10.06, 5 9.57, 5 8.89, 2 8.69, 4 7.16, 4 5.77, 26 4.61, 2 -0.09, 2 -0.09, 2 -0.09, 2 -0.09, 3 -0.12, 4 -0.14, 5 -0.17, 6 -0.19, 7 -0.2, 
19% 
2 12.98, 2 11.84, 3 11.21, 2 10.06, 5 9.57, 5 8.89, 2 8.69, 4 7.16, 4 5.77, 39 5.12, 2 -0.09, 2 -0.09, 2 -0.09, 3 -0.12, 4 -0.14, 5 -0.17, 6 -0.19, 
20% 
2 12.98, 2 11.84, 3 11.21, 2 10.06, 5 9.57, 5 8.89, 2 8.69, 4 7.16, 4 5.77, 39 5.12, 2 -0.09, 2 -0.09, 3 -0.12, 4 -0.14, 5 -0.17, 6 -0.19, 
21% 
2 12.98, 2 11.84, 3 11.21, 10 10.44, 2 10.06, 5 8.89, 2 8.69, 4 5.77, 39 5.12, 2 -0.09, 2 -0.09, 3 -0.12, 4 -0.14, 5 -0.17, 6 -0.19, 
22% 
2 12.98, 2 11.84, 3 11.21, 10 10.44, 2 10.06, 5 8.89, 2 8.69, 3 7.06, 4 5.77, 39 5.12, 2 -0.09, 2 -0.09, 3 -0.12, 4 -0.14, 5 -0.17, 6 -0.19, 
23% 
2 12.98, 2 11.84, 3 11.21, 10 10.44, 2 10.06, 5 8.89, 2 8.69, 3 7.06, 6 6.09, 4 5.77, 39 5.12, 2 -0.09, 2 -0.09, 3 -0.12, 4 -0.14, 5 -0.17, 6 -0.19, 
24% 
2 12.98, 2 11.84, 3 11.21, 4 10.72, 10 10.44, 2 10.06, 2 8.69, 3 7.06, 6 6.09, 4 5.77, 39 5.12, 2 -0.09, 2 -0.09, 3 -0.12, 3 -0.12, 5 -0.17, 6 -0.19, 
25% 
2 12.98, 2 11.84, 3 11.21, 4 10.72, 10 10.44, 2 10.06, 2 8.69, 3 7.06, 6 6.09, 4 5.77, 39 5.12, 2 -0.09, 2 -0.09, 3 -0.12, 3 -0.12, 5 -0.17, 6 -0.19, 
26% 
2 12.98, 2 11.84, 3 11.21, 4 10.72, 10 10.44, 2 10.06, 2 8.69, 3 7.06, 6 6.09, 4 5.77, 39 5.12, 2 -0.09, 2 -0.09, 3 -0.12, 3 -0.12, 5 -0.17, 6 -0.19, 
27% 
2 12.98, 2 11.84, 3 11.21, 4 10.72, 10 10.44, 2 10.06, 2 8.69, 3 7.06, 6 6.09, 4 5.77, 38 5.17, 2 -0.09, 2 -0.09, 3 -0.12, 3 -0.12, 5 -0.17, 6 -0.19, 
28% 
2 12.98, 2 11.84, 3 11.21, 4 10.72, 10 10.44, 2 10.06, 2 8.69, 3 7.06, 6 6.09, 4 5.77, 37 5.27, 2 -0.09, 2 -0.09, 3 -0.12, 3 -0.12, 5 -0.17, 6 -0.19, 
29% 
2 12.98, 2 11.84, 9 11.23, 3 11.21, 4 10.72, 2 10.06, 2 8.69, 3 7.06, 6 6.09, 4 5.77, 57 5.64, 2 -0.09, 2 -0.09, 3 -0.12, 3 -0.12, 5 -0.17, 6 -0.19, 
30% 
2 12.98, 2 11.84, 9 11.23, 3 11.21, 4 10.72, 2 10.06, 2 8.69, 3 7.06, 6 6.09, 4 5.77, 57 5.64, 2 -0.09, 2 -0.09, 3 -0.12, 3 -0.12, 5 -0.17, 6 -0.19, 
31% 
2 12.98, 2 11.84, 9 11.23, 3 11.21, 4 10.72, 2 10.06, 2 8.69, 3 7.06, 6 6.09, 4 5.77, 57 5.64, 2 -0.09, 2 -0.09, 3 -0.12, 3 -0.12, 5 -0.17, 6 -0.19, 
32% 
2 12.98, 2 11.84, 9 11.23, 3 11.21, 4 10.72, 2 10.06, 2 8.69, 3 7.06, 6 6.09, 54 5.85, 4 5.77, 2 -0.09, 2 -0.09, 3 -0.12, 3 -0.12, 5 -0.17, 6 -0.19, 
33% 
13 13.4, 2 12.98, 2 11.84, 4 10.72, 2 10.06, 2 8.69, 3 7.06, 6 6.09, 52 6.02, 4 5.77, 2 -0.09, 2 -0.09, 3 -0.12, 3 -0.12, 5 -0.17, 6 -0.19, 
34% 
13 13.4, 2 12.98, 2 11.84, 4 10.72, 2 10.06, 2 8.69, 3 7.06, 6 6.09, 52 6.02, 4 5.77, 2 -0.09, 2 -0.09, 3 -0.12, 3 -0.12, 5 -0.17, 6 -0.19, 
35% 
13 13.4, 3 13.06, 2 12.98, 2 11.84, 2 10.06, 2 8.69, 3 7.06, 51 6.1, 6 6.09, 4 5.77, 2 -0.09, 3 -0.12, 3 -0.12, 5 -0.17, 6 -0.19, 
36% 
13 13.4, 3 13.06, 2 12.98, 2 11.84, 2 10.06, 2 8.69, 3 7.06, 51 6.1, 6 6.09, 4 5.77, 2 -0.09, 3 -0.12, 3 -0.12, 5 -0.17, 6 -0.19, 
37% 
13 13.4, 3 13.06, 2 12.98, 2 11.84, 2 10.06, 2 8.69, 3 7.06, 3 7.06, 56 6.97, 6 6.09, 2 -0.09, 3 -0.12, 3 -0.12, 5 -0.17, 6 -0.19, 
38% 
13 13.4, 3 13.06, 2 12.98, 2 11.84, 2 10.06, 2 8.69, 55 7.06, 3 7.06, 3 7.06, 6 6.09, 2 -0.09, 3 -0.12, 3 -0.12, 5 -0.17, 6 -0.19, 
39% 
3 14.04, 3 13.06, 2 12.98, 2 11.84, 2 10.06, 9 9.82, 2 8.69, 54 7.16, 3 7.06, 3 7.06, 6 6.09, 2 -0.09, 3 -0.12, 3 -0.12, 5 -0.17, 6 -0.19, 
40% 
3 14.04, 3 13.06, 2 12.98, 2 11.84, 8 10.26, 2 10.06, 2 8.69, 2 8.69, 52 7.36, 3 7.06, 6 6.09, 2 -0.09, 3 -0.12, 3 -0.12, 5 -0.17, 6 -0.19, 
41% 
3 14.04, 3 13.06, 2 12.98, 2 11.84, 8 10.26, 2 10.06, 2 8.69, 2 8.69, 50 7.49, 3 7.06, 6 6.09, 3 -0.12, 3 -0.12, 5 -0.17, 6 -0.19, 
42% 
3 14.04, 3 13.06, 2 12.98, 2 11.84, 8 10.26, 2 10.06, 2 8.69, 2 8.69, 50 7.49, 3 7.06, 6 6.09, 3 -0.12, 3 -0.12, 4 -0.14, 6 -0.19, 
43% 
3 14.04, 3 13.06, 2 12.98, 2 11.84, 8 10.26, 2 10.06, 2 8.69, 2 8.69, 50 7.49, 3 7.06, 5 6.77, 3 -0.12, 3 -0.12, 6 -0.19, 
44% 
3 14.04, 3 13.06, 2 12.98, 2 11.84, 8 10.26, 2 10.06, 2 8.69, 2 8.69, 50 7.49, 3 7.06, 5 6.77, 3 -0.12, 3 -0.12, 6 -0.19, 
45% 
3 14.04, 3 13.06, 2 12.98, 2 11.84, 8 10.26, 2 10.06, 2 8.69, 2 8.69, 47 7.7, 3 7.06, 5 6.77, 2 -0.09, 3 -0.12, 3 -0.12, 6 -0.19, 
46% 
3 14.04, 3 13.06, 2 12.98, 2 11.84, 8 10.26, 2 10.06, 2 8.69, 2 8.69, 46 7.86, 3 7.06, 5 6.77, 13 2.16, 2 -0.09, 3 -0.12, 3 -0.12, 6 -0.19, 
47% 
3 14.04, 3 13.06, 2 12.98, 2 11.84, 2 10.31, 8 10.26, 2 10.06, 2 8.69, 2 8.69, 44 8.08, 3 7.06, 5 6.77, 5 5.53, 13 2.16, 2 -0.09, 3 -0.12, 3 -0.12, 6 -0.19, 
48% 
3 14.04, 3 13.06, 2 12.98, 2 11.84, 2 10.31, 8 10.26, 2 10.06, 2 8.69, 2 8.69, 43 8.31, 3 7.06, 5 6.77, 5 5.53, 13 2.16, 2 -0.09, 3 -0.12, 3 -0.12, 6 -0.19, 
49% 
3 14.04, 69 13.44, 3 13.06, 2 12.98, 2 11.84, 2 10.31, 2 10.06, 3 7.06, 5 6.77, 13 2.16, 2 -0.09, 3 -0.12, 3 -0.12, 6 -0.19, 
50% 
3 14.04, 69 13.44, 3 13.06, 2 12.98, 2 11.84, 2 10.31, 2 10.06, 3 7.06, 5 6.77, 12 2.32, 2 -0.09, 3 -0.12, 3 -0.12, 6 -0.19, 
51% 
3 14.04, 69 13.44, 3 13.06, 2 12.98, 2 11.84, 2 10.31, 2 10.06, 3 7.06, 5 6.77, 12 2.32, 2 -0.09, 3 -0.12, 3 -0.12, 6 -0.19, 
52% 
80 14.51, 3 13.06, 2 12.98, 2 11.84, 2 10.31, 2 10.06, 3 7.06, 5 6.77, 12 2.32, 2 -0.09, 3 -0.12, 3 -0.12, 6 -0.19, 
53% 
75 14.99, 3 13.06, 2 12.98, 2 11.84, 2 10.31, 2 10.06, 3 7.06, 5 6.77, 12 2.32, 2 -0.09, 3 -0.12, 3 -0.12, 6 -0.19, 
54% 
82 16.1, 2 12.98, 2 11.84, 2 10.31, 2 10.06, 5 6.77, 12 2.32, 2 -0.09, 2 -0.09, 3 -0.12, 6 -0.19, 
55% 
80 16.27, 2 12.98, 2 11.84, 2 10.31, 2 10.06, 5 6.77, 12 2.32, 2 -0.09, 2 -0.09, 3 -0.12, 6 -0.19, 
56% 
79 16.34, 2 12.98, 2 11.84, 2 10.31, 2 10.06, 4 8.18, 12 2.32, 2 -0.09, 2 -0.09, 3 -0.12, 6 -0.19, 
57% 
79 16.34, 2 12.98, 2 11.84, 2 10.31, 2 10.06, 4 8.18, 12 2.32, 2 -0.09, 2 -0.09, 3 -0.12, 6 -0.19, 
58% 
79 16.34, 2 12.98, 2 11.84, 2 10.31, 2 10.06, 4 8.18, 12 2.32, 2 -0.09, 2 -0.09, 3 -0.12, 6 -0.19, 
59% 
76 16.69, 2 12.98, 2 11.84, 2 10.31, 2 10.06, 4 8.18, 12 2.32, 2 -0.09, 3 -0.12, 6 -0.19, 
60% 
85 16.78, 2 12.98, 2 11.84, 2 10.31, 2 10.06, 4 8.18, 12 2.32, 2 -0.09, 3 -0.12, 6 -0.19, 
61% 
83 17.09, 2 12.98, 2 11.84, 2 10.31, 2 10.06, 4 8.18, 11 2.43, 2 -0.09, 3 -0.12, 5 -0.17, 
62% 
90 18.46, 2 12.98, 2 11.84, 2 10.31, 4 8.18, 11 2.43, 2 -0.09, 2 -0.09, 5 -0.17, 
63% 
88 18.63, 2 12.98, 2 11.84, 2 10.31, 4 8.18, 11 2.43, 2 -0.09, 5 -0.17, 
64% 
87 18.85, 2 12.98, 2 11.84, 2 10.31, 4 8.18, 11 2.43, 2 -0.09, 5 -0.17, 
65% 
87 18.85, 2 12.98, 2 11.84, 2 10.31, 4 8.18, 11 4.93, 10 2.6, 2 -0.09, 5 -0.17, 
66% 
87 18.85, 2 12.98, 2 11.84, 2 10.31, 4 8.18, 11 4.93, 10 2.6, 2 -0.09, 5 -0.17, 
67% 
86 18.96, 2 12.98, 2 11.84, 2 10.31, 4 8.18, 11 4.93, 10 2.6, 2 -0.09, 5 -0.17, 
68% 
85 19.12, 2 12.98, 2 11.84, 2 10.31, 4 8.18, 11 4.93, 10 2.6, 2 -0.09, 5 -0.17, 
69% 
90 19.95, 2 12.98, 2 11.84, 2 10.31, 11 4.93, 9 2.82, 2 -0.09, 5 -0.17, 
70% 
90 19.95, 2 12.98, 2 11.84, 2 10.31, 11 4.93, 9 2.82, 2 -0.09, 5 -0.17, 
71% 
90 19.95, 2 12.98, 2 11.84, 2 10.31, 11 4.93, 9 2.82, 2 -0.09, 5 -0.17, 
72% 
90 19.95, 2 12.98, 2 11.84, 2 10.31, 11 4.93, 9 2.82, 2 -0.09, 5 -0.17, 
73% 
89 20.05, 2 12.98, 2 11.84, 2 10.31, 11 4.93, 7 3.3, 2 -0.09, 4 -0.14, 
74% 
88 20.12, 2 12.98, 2 11.84, 2 10.31, 11 4.93, 7 3.3, 2 -0.09, 4 -0.14, 
75% 
87 20.37, 2 12.98, 2 11.84, 2 10.31, 11 4.93, 7 3.3, 2 -0.09, 4 -0.14, 
76% 
84 20.77, 2 12.98, 2 11.84, 2 10.31, 10 5.23, 7 3.3, 2 -0.09, 4 -0.14, 
77% 
83 21.03, 2 12.98, 2 11.84, 2 10.31, 10 5.23, 7 3.3, 2 -0.09, 4 -0.14, 
78% 
83 21.03, 2 12.98, 2 11.84, 2 10.31, 10 5.23, 7 3.3, 2 -0.09, 4 -0.14, 
79% 
81 21.13, 2 12.98, 2 11.84, 2 10.31, 10 5.23, 6 3.63, 2 -0.09, 4 -0.14, 
80% 
81 21.13, 2 12.98, 2 11.84, 2 10.31, 10 5.23, 6 3.63, 2 -0.09, 4 -0.14, 
81% 
80 21.31, 2 12.98, 2 11.84, 2 10.31, 10 5.23, 6 3.63, 2 -0.09, 4 -0.14, 
82% 
80 21.31, 2 12.98, 2 11.84, 2 10.31, 9 5.64, 6 3.63, 2 -0.09, 4 -0.14, 
83% 
80 21.31, 2 12.98, 2 11.84, 2 10.31, 9 5.64, 6 3.63, 2 -0.09, 4 -0.14, 
84% 
80 21.31, 2 12.98, 2 11.84, 2 10.31, 9 5.64, 6 3.63, 2 -0.09, 4 -0.14, 
85% 
85 21.59, 2 12.98, 2 11.84, 2 10.31, 8 5.91, 2 -0.09, 4 -0.14, 
86% 
85 21.59, 2 12.98, 2 11.84, 2 10.31, 8 5.91, 2 -0.09, 3 -0.12, 
87% 
85 21.59, 2 12.98, 2 11.84, 2 10.31, 8 5.91, 2 -0.09, 3 -0.12, 
88% 
85 21.59, 2 12.98, 2 11.84, 2 10.31, 8 5.91, 2 -0.09, 3 -0.12, 
89% 
85 21.59, 2 12.98, 2 11.84, 2 10.31, 8 5.91, 2 -0.09, 3 -0.12, 
90% 
83 21.98, 2 12.98, 2 11.84, 2 10.31, 8 5.91, 18 1.77, 2 -0.09, 3 -0.12, 
91% 
83 21.98, 2 12.98, 2 11.84, 2 10.31, 8 5.91, 18 1.77, 2 -0.09, 3 -0.12, 
92% 
82 22.04, 2 12.98, 2 11.84, 2 10.31, 7 6.52, 18 1.77, 2 -0.09, 3 -0.12, 
93% 
82 22.04, 2 12.98, 2 11.84, 2 10.31, 6 7.14, 18 1.77, 2 -0.09, 3 -0.12, 
94% 
82 22.04, 2 12.98, 2 11.84, 2 10.31, 6 7.14, 18 1.77, 2 -0.09, 3 -0.12, 
95% 
81 22.08, 2 12.98, 2 11.84, 2 10.31, 6 7.14, 17 1.82, 2 -0.09, 3 -0.12, 
96% 
74 22.28, 2 12.98, 2 11.84, 2 10.31, 6 7.14, 6 3.63, 17 1.82, 2 -0.09, 3 -0.12, 
97% 
73 22.46, 2 12.98, 2 11.84, 2 10.31, 6 7.14, 6 3.63, 17 1.82, 2 -0.09, 3 -0.12, 
98% 
73 22.46, 2 12.98, 2 11.84, 2 10.31, 6 7.14, 6 3.63, 17 1.82, 2 -0.09, 3 -0.12, 
99% 
73 22.46, 2 12.98, 2 11.84, 2 10.31, 6 7.14, 6 3.63, 17 1.82, 2 -0.09, 3 -0.12, 
100%
71 22.76, 2 12.98, 2 11.84, 2 10.31, 5 7.94, 6 3.63, 17 1.82, 2 -0.09, 3 -0.12, 
