-sif=/home/safia/anaconda3/lib/R/library/pathfindR/extdata/KEGG.sif
-sig=/home/safia/Documents/pathfindR_Results(3)/active_snw_searches/Iteration_9/active_snw_search/input_for_search.txt
-method=SA
-saTemp0=1
-saTemp1=0.01
-saIter=10000
-geneInitProb=0.178888888888889
-gaPop=400
-gaIter=200
-gaThread=5
-gaMut=0
-grMaxDepth=1
-grSearchDepth=1
-grOverlap=0.5
-grSubNum=1000
2 -0.12, 2 -0.12, 2 -0.12, 2 -0.12, 2 -0.12, 2 -0.12, 2 -0.12, 2 -0.12, 2 -0.12, 2 -0.12, 2 -0.12, 2 -0.12, 2 -0.12, 2 -0.12, 2 -0.12, 2 -0.12, 2 -0.12, 2 -0.12, 2 -0.12, 2 -0.12, 2 -0.12, 2 -0.12, 2 -0.12, 2 -0.12, 2 -0.12, 2 -0.12, 3 -0.15, 3 -0.15, 3 -0.15, 3 -0.15, 3 -0.15, 3 -0.15, 3 -0.15, 3 -0.15, 3 -0.15, 3 -0.15, 3 -0.15, 4 -0.18, 5 -0.19, 5 -0.19, 5 -0.19, 5 -0.19, 6 -0.21, 7 -0.22, 9 -0.24, 9 -0.24, 10 -0.25, 11 -0.26, 13 -0.28, 569 -0.69, 
Percentage of finished job, node number and score of modules that have more than one node are as follows:
0%
1% 
2 -0.12, 2 -0.12, 2 -0.12, 2 -0.12, 2 -0.12, 2 -0.12, 2 -0.12, 2 -0.12, 2 -0.12, 2 -0.12, 2 -0.12, 2 -0.12, 2 -0.12, 2 -0.12, 2 -0.12, 2 -0.12, 2 -0.12, 2 -0.12, 2 -0.12, 2 -0.12, 2 -0.12, 2 -0.12, 2 -0.12, 2 -0.12, 2 -0.12, 3 -0.15, 3 -0.15, 3 -0.15, 3 -0.15, 3 -0.15, 3 -0.15, 3 -0.15, 3 -0.15, 3 -0.15, 3 -0.15, 3 -0.15, 4 -0.18, 5 -0.19, 5 -0.19, 5 -0.19, 5 -0.19, 6 -0.21, 7 -0.22, 9 -0.24, 9 -0.24, 10 -0.25, 10 -0.25, 12 -0.27, 556 -0.65, 
2% 
2 -0.12, 2 -0.12, 2 -0.12, 2 -0.12, 2 -0.12, 2 -0.12, 2 -0.12, 2 -0.12, 2 -0.12, 2 -0.12, 2 -0.12, 2 -0.12, 2 -0.12, 2 -0.12, 2 -0.12, 2 -0.12, 2 -0.12, 2 -0.12, 2 -0.12, 2 -0.12, 2 -0.12, 2 -0.12, 2 -0.12, 2 -0.12, 2 -0.12, 3 -0.15, 3 -0.15, 3 -0.15, 3 -0.15, 3 -0.15, 3 -0.15, 3 -0.15, 3 -0.15, 3 -0.15, 3 -0.15, 3 -0.15, 3 -0.15, 4 -0.18, 5 -0.19, 5 -0.19, 5 -0.19, 6 -0.21, 541 -0.22, 7 -0.22, 9 -0.24, 9 -0.24, 10 -0.25, 10 -0.25, 12 -0.27, 
3% 
2 -0.12, 2 -0.12, 2 -0.12, 2 -0.12, 2 -0.12, 2 -0.12, 2 -0.12, 2 -0.12, 2 -0.12, 2 -0.12, 2 -0.12, 2 -0.12, 2 -0.12, 2 -0.12, 2 -0.12, 2 -0.12, 2 -0.12, 2 -0.12, 2 -0.12, 2 -0.12, 2 -0.12, 2 -0.12, 2 -0.12, 2 -0.12, 2 -0.12, 3 -0.15, 3 -0.15, 3 -0.15, 3 -0.15, 3 -0.15, 3 -0.15, 3 -0.15, 3 -0.15, 3 -0.15, 3 -0.15, 3 -0.15, 3 -0.15, 4 -0.18, 534 -0.19, 5 -0.19, 5 -0.19, 5 -0.19, 6 -0.21, 7 -0.22, 8 -0.23, 9 -0.24, 9 -0.24, 10 -0.25, 12 -0.27, 
4% 
2 -0.12, 2 -0.12, 2 -0.12, 2 -0.12, 2 -0.12, 2 -0.12, 2 -0.12, 2 -0.12, 2 -0.12, 2 -0.12, 2 -0.12, 2 -0.12, 2 -0.12, 2 -0.12, 2 -0.12, 2 -0.12, 2 -0.12, 2 -0.12, 2 -0.12, 2 -0.12, 2 -0.12, 2 -0.12, 2 -0.12, 2 -0.12, 2 -0.12, 3 -0.15, 3 -0.15, 3 -0.15, 3 -0.15, 3 -0.15, 3 -0.15, 3 -0.15, 3 -0.15, 3 -0.15, 3 -0.15, 3 -0.15, 3 -0.15, 525 -0.16, 4 -0.18, 5 -0.19, 5 -0.19, 5 -0.19, 6 -0.21, 7 -0.22, 8 -0.23, 8 -0.23, 9 -0.24, 10 -0.25, 12 -0.27, 
5% 
512 -0.12, 2 -0.12, 2 -0.12, 2 -0.12, 2 -0.12, 2 -0.12, 2 -0.12, 2 -0.12, 2 -0.12, 2 -0.12, 2 -0.12, 2 -0.12, 2 -0.12, 2 -0.12, 2 -0.12, 2 -0.12, 2 -0.12, 2 -0.12, 2 -0.12, 2 -0.12, 2 -0.12, 2 -0.12, 2 -0.12, 2 -0.12, 2 -0.12, 2 -0.12, 3 -0.15, 3 -0.15, 3 -0.15, 3 -0.15, 3 -0.15, 3 -0.15, 3 -0.15, 3 -0.15, 3 -0.15, 3 -0.15, 3 -0.15, 4 -0.18, 4 -0.18, 4 -0.18, 5 -0.19, 5 -0.19, 7 -0.22, 7 -0.22, 8 -0.23, 9 -0.24, 10 -0.25, 11 -0.26, 
6% 
502 -0.08, 2 -0.12, 2 -0.12, 2 -0.12, 2 -0.12, 2 -0.12, 2 -0.12, 2 -0.12, 2 -0.12, 2 -0.12, 2 -0.12, 2 -0.12, 2 -0.12, 2 -0.12, 2 -0.12, 2 -0.12, 2 -0.12, 2 -0.12, 2 -0.12, 2 -0.12, 2 -0.12, 2 -0.12, 2 -0.12, 2 -0.12, 2 -0.12, 2 -0.12, 3 -0.15, 3 -0.15, 3 -0.15, 3 -0.15, 3 -0.15, 3 -0.15, 3 -0.15, 3 -0.15, 3 -0.15, 3 -0.15, 4 -0.18, 4 -0.18, 4 -0.18, 5 -0.19, 5 -0.19, 7 -0.22, 7 -0.22, 8 -0.23, 9 -0.24, 10 -0.25, 11 -0.26, 
7% 
497 -0.06, 2 -0.12, 2 -0.12, 2 -0.12, 2 -0.12, 2 -0.12, 2 -0.12, 2 -0.12, 2 -0.12, 2 -0.12, 2 -0.12, 2 -0.12, 2 -0.12, 2 -0.12, 2 -0.12, 2 -0.12, 2 -0.12, 2 -0.12, 2 -0.12, 2 -0.12, 2 -0.12, 2 -0.12, 2 -0.12, 2 -0.12, 2 -0.12, 3 -0.15, 3 -0.15, 3 -0.15, 3 -0.15, 3 -0.15, 3 -0.15, 3 -0.15, 3 -0.15, 3 -0.15, 3 -0.15, 4 -0.18, 4 -0.18, 4 -0.18, 5 -0.19, 5 -0.19, 7 -0.22, 7 -0.22, 8 -0.23, 9 -0.24, 10 -0.25, 11 -0.26, 
8% 
467 0.47, 2 -0.12, 2 -0.12, 2 -0.12, 2 -0.12, 2 -0.12, 2 -0.12, 2 -0.12, 2 -0.12, 2 -0.12, 2 -0.12, 2 -0.12, 2 -0.12, 2 -0.12, 2 -0.12, 2 -0.12, 2 -0.12, 2 -0.12, 2 -0.12, 2 -0.12, 2 -0.12, 2 -0.12, 2 -0.12, 2 -0.12, 2 -0.12, 2 -0.12, 3 -0.15, 3 -0.15, 3 -0.15, 3 -0.15, 3 -0.15, 3 -0.15, 3 -0.15, 3 -0.15, 3 -0.15, 3 -0.15, 4 -0.18, 4 -0.18, 4 -0.18, 5 -0.19, 5 -0.19, 5 -0.19, 7 -0.22, 7 -0.22, 8 -0.23, 9 -0.24, 9 -0.24, 11 -0.26, 
9% 
456 0.52, 2 -0.12, 2 -0.12, 2 -0.12, 2 -0.12, 2 -0.12, 2 -0.12, 2 -0.12, 2 -0.12, 2 -0.12, 2 -0.12, 2 -0.12, 2 -0.12, 2 -0.12, 2 -0.12, 2 -0.12, 2 -0.12, 2 -0.12, 2 -0.12, 2 -0.12, 2 -0.12, 2 -0.12, 2 -0.12, 2 -0.12, 2 -0.12, 2 -0.12, 2 -0.12, 3 -0.15, 3 -0.15, 3 -0.15, 3 -0.15, 3 -0.15, 3 -0.15, 3 -0.15, 3 -0.15, 3 -0.15, 4 -0.18, 4 -0.18, 4 -0.18, 5 -0.19, 5 -0.19, 5 -0.19, 6 -0.21, 7 -0.22, 8 -0.23, 9 -0.24, 9 -0.24, 10 -0.25, 
10% 
440 0.58, 2 -0.12, 2 -0.12, 2 -0.12, 2 -0.12, 2 -0.12, 2 -0.12, 2 -0.12, 2 -0.12, 2 -0.12, 2 -0.12, 2 -0.12, 2 -0.12, 2 -0.12, 2 -0.12, 2 -0.12, 2 -0.12, 2 -0.12, 2 -0.12, 2 -0.12, 2 -0.12, 2 -0.12, 2 -0.12, 2 -0.12, 2 -0.12, 2 -0.12, 3 -0.15, 3 -0.15, 3 -0.15, 3 -0.15, 3 -0.15, 3 -0.15, 3 -0.15, 3 -0.15, 4 -0.18, 4 -0.18, 4 -0.18, 5 -0.19, 5 -0.19, 5 -0.19, 6 -0.21, 8 -0.23, 9 -0.24, 9 -0.24, 10 -0.25, 
11% 
405 0.74, 2 -0.12, 2 -0.12, 2 -0.12, 2 -0.12, 2 -0.12, 2 -0.12, 2 -0.12, 2 -0.12, 2 -0.12, 2 -0.12, 2 -0.12, 2 -0.12, 2 -0.12, 2 -0.12, 2 -0.12, 2 -0.12, 2 -0.12, 2 -0.12, 2 -0.12, 2 -0.12, 2 -0.12, 2 -0.12, 2 -0.12, 2 -0.12, 2 -0.12, 2 -0.12, 3 -0.15, 3 -0.15, 3 -0.15, 3 -0.15, 3 -0.15, 3 -0.15, 3 -0.15, 3 -0.15, 4 -0.18, 4 -0.18, 5 -0.19, 5 -0.19, 5 -0.19, 6 -0.21, 8 -0.23, 9 -0.24, 9 -0.24, 10 -0.25, 24 -0.39, 
12% 
393 0.81, 2 -0.12, 2 -0.12, 2 -0.12, 2 -0.12, 2 -0.12, 2 -0.12, 2 -0.12, 2 -0.12, 2 -0.12, 2 -0.12, 2 -0.12, 2 -0.12, 2 -0.12, 2 -0.12, 2 -0.12, 2 -0.12, 2 -0.12, 2 -0.12, 2 -0.12, 2 -0.12, 2 -0.12, 2 -0.12, 2 -0.12, 2 -0.12, 2 -0.12, 2 -0.12, 3 -0.15, 3 -0.15, 3 -0.15, 3 -0.15, 3 -0.15, 3 -0.15, 3 -0.15, 3 -0.15, 4 -0.18, 4 -0.18, 5 -0.19, 5 -0.19, 5 -0.19, 6 -0.21, 8 -0.23, 9 -0.24, 9 -0.24, 10 -0.25, 23 -0.38, 
13% 
3 7.57, 383 1.36, 2 -0.12, 2 -0.12, 2 -0.12, 2 -0.12, 2 -0.12, 2 -0.12, 2 -0.12, 2 -0.12, 2 -0.12, 2 -0.12, 2 -0.12, 2 -0.12, 2 -0.12, 2 -0.12, 2 -0.12, 2 -0.12, 2 -0.12, 2 -0.12, 2 -0.12, 2 -0.12, 2 -0.12, 2 -0.12, 2 -0.12, 2 -0.12, 2 -0.12, 2 -0.12, 3 -0.15, 3 -0.15, 3 -0.15, 3 -0.15, 3 -0.15, 3 -0.15, 3 -0.15, 3 -0.15, 4 -0.18, 4 -0.18, 5 -0.19, 5 -0.19, 6 -0.21, 8 -0.23, 9 -0.24, 9 -0.24, 10 -0.25, 22 -0.37, 
14% 
2 7.6, 3 7.57, 373 1.42, 2 -0.12, 2 -0.12, 2 -0.12, 2 -0.12, 2 -0.12, 2 -0.12, 2 -0.12, 2 -0.12, 2 -0.12, 2 -0.12, 2 -0.12, 2 -0.12, 2 -0.12, 2 -0.12, 2 -0.12, 2 -0.12, 2 -0.12, 2 -0.12, 2 -0.12, 2 -0.12, 2 -0.12, 2 -0.12, 2 -0.12, 2 -0.12, 2 -0.12, 2 -0.12, 3 -0.15, 3 -0.15, 3 -0.15, 3 -0.15, 3 -0.15, 3 -0.15, 3 -0.15, 3 -0.15, 3 -0.15, 4 -0.18, 5 -0.19, 5 -0.19, 6 -0.21, 8 -0.23, 8 -0.23, 9 -0.24, 10 -0.25, 22 -0.37, 
15% 
2 7.6, 3 7.57, 368 1.45, 2 -0.12, 2 -0.12, 2 -0.12, 2 -0.12, 2 -0.12, 2 -0.12, 2 -0.12, 2 -0.12, 2 -0.12, 2 -0.12, 2 -0.12, 2 -0.12, 2 -0.12, 2 -0.12, 2 -0.12, 2 -0.12, 2 -0.12, 2 -0.12, 2 -0.12, 2 -0.12, 2 -0.12, 2 -0.12, 2 -0.12, 2 -0.12, 2 -0.12, 3 -0.15, 3 -0.15, 3 -0.15, 3 -0.15, 3 -0.15, 3 -0.15, 3 -0.15, 3 -0.15, 3 -0.15, 4 -0.18, 5 -0.19, 5 -0.19, 6 -0.21, 8 -0.23, 8 -0.23, 9 -0.24, 10 -0.25, 22 -0.37, 
16% 
2 7.6, 3 7.57, 4 7.28, 359 2.08, 2 -0.12, 2 -0.12, 2 -0.12, 2 -0.12, 2 -0.12, 2 -0.12, 2 -0.12, 2 -0.12, 2 -0.12, 2 -0.12, 2 -0.12, 2 -0.12, 2 -0.12, 2 -0.12, 2 -0.12, 2 -0.12, 2 -0.12, 2 -0.12, 2 -0.12, 2 -0.12, 2 -0.12, 2 -0.12, 2 -0.12, 2 -0.12, 2 -0.12, 3 -0.15, 3 -0.15, 3 -0.15, 3 -0.15, 3 -0.15, 3 -0.15, 3 -0.15, 3 -0.15, 3 -0.15, 3 -0.15, 4 -0.18, 5 -0.19, 5 -0.19, 6 -0.21, 7 -0.22, 8 -0.23, 9 -0.24, 10 -0.25, 21 -0.36, 
17% 
2 7.6, 3 7.57, 4 7.28, 351 2.13, 2 -0.12, 2 -0.12, 2 -0.12, 2 -0.12, 2 -0.12, 2 -0.12, 2 -0.12, 2 -0.12, 2 -0.12, 2 -0.12, 2 -0.12, 2 -0.12, 2 -0.12, 2 -0.12, 2 -0.12, 2 -0.12, 2 -0.12, 2 -0.12, 2 -0.12, 2 -0.12, 2 -0.12, 2 -0.12, 2 -0.12, 3 -0.15, 3 -0.15, 3 -0.15, 3 -0.15, 3 -0.15, 3 -0.15, 3 -0.15, 3 -0.15, 3 -0.15, 3 -0.15, 4 -0.18, 5 -0.19, 5 -0.19, 6 -0.21, 7 -0.22, 8 -0.23, 9 -0.24, 10 -0.25, 19 -0.34, 
18% 
2 7.6, 3 7.57, 4 7.28, 340 2.75, 2 -0.12, 2 -0.12, 2 -0.12, 2 -0.12, 2 -0.12, 2 -0.12, 2 -0.12, 2 -0.12, 2 -0.12, 2 -0.12, 2 -0.12, 2 -0.12, 2 -0.12, 2 -0.12, 2 -0.12, 2 -0.12, 2 -0.12, 2 -0.12, 2 -0.12, 2 -0.12, 2 -0.12, 2 -0.12, 2 -0.12, 3 -0.15, 3 -0.15, 3 -0.15, 3 -0.15, 3 -0.15, 3 -0.15, 3 -0.15, 3 -0.15, 3 -0.15, 3 -0.15, 5 -0.19, 5 -0.19, 6 -0.21, 7 -0.22, 8 -0.23, 9 -0.24, 9 -0.24, 19 -0.34, 
19% 
3 8.37, 2 7.6, 3 7.57, 278 3.22, 2 -0.12, 2 -0.12, 2 -0.12, 2 -0.12, 2 -0.12, 2 -0.12, 2 -0.12, 2 -0.12, 2 -0.12, 2 -0.12, 2 -0.12, 2 -0.12, 2 -0.12, 2 -0.12, 2 -0.12, 2 -0.12, 2 -0.12, 2 -0.12, 2 -0.12, 2 -0.12, 2 -0.12, 2 -0.12, 3 -0.15, 3 -0.15, 3 -0.15, 3 -0.15, 3 -0.15, 3 -0.15, 3 -0.15, 3 -0.15, 3 -0.15, 5 -0.19, 5 -0.19, 6 -0.21, 7 -0.22, 8 -0.23, 9 -0.24, 9 -0.24, 19 -0.34, 
20% 
3 8.37, 2 7.6, 3 7.57, 275 3.26, 2 -0.12, 2 -0.12, 2 -0.12, 2 -0.12, 2 -0.12, 2 -0.12, 2 -0.12, 2 -0.12, 2 -0.12, 2 -0.12, 2 -0.12, 2 -0.12, 2 -0.12, 2 -0.12, 2 -0.12, 2 -0.12, 2 -0.12, 2 -0.12, 2 -0.12, 2 -0.12, 3 -0.15, 3 -0.15, 3 -0.15, 3 -0.15, 3 -0.15, 3 -0.15, 3 -0.15, 3 -0.15, 3 -0.15, 5 -0.19, 5 -0.19, 6 -0.21, 7 -0.22, 8 -0.23, 9 -0.24, 9 -0.24, 18 -0.34, 
21% 
3 8.37, 2 7.6, 3 7.57, 270 3.31, 2 -0.12, 2 -0.12, 2 -0.12, 2 -0.12, 2 -0.12, 2 -0.12, 2 -0.12, 2 -0.12, 2 -0.12, 2 -0.12, 2 -0.12, 2 -0.12, 2 -0.12, 2 -0.12, 2 -0.12, 2 -0.12, 2 -0.12, 2 -0.12, 2 -0.12, 2 -0.12, 2 -0.12, 3 -0.15, 3 -0.15, 3 -0.15, 3 -0.15, 3 -0.15, 3 -0.15, 3 -0.15, 3 -0.15, 5 -0.19, 5 -0.19, 6 -0.21, 7 -0.22, 8 -0.23, 9 -0.24, 9 -0.24, 18 -0.34, 
22% 
3 8.37, 2 7.6, 3 7.57, 268 3.34, 2 -0.12, 2 -0.12, 2 -0.12, 2 -0.12, 2 -0.12, 2 -0.12, 2 -0.12, 2 -0.12, 2 -0.12, 2 -0.12, 2 -0.12, 2 -0.12, 2 -0.12, 2 -0.12, 2 -0.12, 2 -0.12, 2 -0.12, 2 -0.12, 2 -0.12, 2 -0.12, 3 -0.15, 3 -0.15, 3 -0.15, 3 -0.15, 3 -0.15, 3 -0.15, 3 -0.15, 3 -0.15, 5 -0.19, 5 -0.19, 6 -0.21, 6 -0.21, 8 -0.23, 9 -0.24, 9 -0.24, 17 -0.32, 
23% 
2 9.59, 3 8.37, 2 7.6, 254 3.47, 2 -0.12, 2 -0.12, 2 -0.12, 2 -0.12, 2 -0.12, 2 -0.12, 2 -0.12, 2 -0.12, 2 -0.12, 2 -0.12, 2 -0.12, 2 -0.12, 2 -0.12, 2 -0.12, 2 -0.12, 2 -0.12, 2 -0.12, 2 -0.12, 2 -0.12, 3 -0.15, 3 -0.15, 3 -0.15, 3 -0.15, 3 -0.15, 3 -0.15, 3 -0.15, 3 -0.15, 5 -0.19, 5 -0.19, 6 -0.21, 6 -0.21, 7 -0.22, 8 -0.23, 8 -0.23, 9 -0.24, 17 -0.32, 
24% 
2 9.59, 3 8.37, 2 7.6, 250 3.52, 2 -0.12, 2 -0.12, 2 -0.12, 2 -0.12, 2 -0.12, 2 -0.12, 2 -0.12, 2 -0.12, 2 -0.12, 2 -0.12, 2 -0.12, 2 -0.12, 2 -0.12, 2 -0.12, 2 -0.12, 2 -0.12, 2 -0.12, 3 -0.15, 3 -0.15, 3 -0.15, 3 -0.15, 3 -0.15, 3 -0.15, 3 -0.15, 3 -0.15, 5 -0.19, 5 -0.19, 5 -0.19, 6 -0.21, 7 -0.22, 8 -0.23, 8 -0.23, 9 -0.24, 16 -0.31, 
25% 
2 9.59, 3 8.37, 2 7.6, 244 3.59, 2 -0.12, 2 -0.12, 2 -0.12, 2 -0.12, 2 -0.12, 2 -0.12, 2 -0.12, 2 -0.12, 2 -0.12, 2 -0.12, 2 -0.12, 2 -0.12, 2 -0.12, 2 -0.12, 2 -0.12, 2 -0.12, 3 -0.15, 3 -0.15, 3 -0.15, 3 -0.15, 3 -0.15, 3 -0.15, 3 -0.15, 3 -0.15, 4 -0.18, 5 -0.19, 5 -0.19, 6 -0.21, 7 -0.22, 8 -0.23, 8 -0.23, 9 -0.24, 16 -0.31, 
26% 
2 9.59, 3 8.37, 2 7.6, 242 3.6, 2 -0.12, 2 -0.12, 2 -0.12, 2 -0.12, 2 -0.12, 2 -0.12, 2 -0.12, 2 -0.12, 2 -0.12, 2 -0.12, 2 -0.12, 2 -0.12, 2 -0.12, 2 -0.12, 2 -0.12, 2 -0.12, 2 -0.12, 3 -0.15, 3 -0.15, 3 -0.15, 3 -0.15, 3 -0.15, 3 -0.15, 3 -0.15, 3 -0.15, 5 -0.19, 5 -0.19, 6 -0.21, 7 -0.22, 7 -0.22, 8 -0.23, 8 -0.23, 16 -0.31, 
27% 
2 9.59, 3 8.37, 2 7.6, 241 3.61, 2 -0.12, 2 -0.12, 2 -0.12, 2 -0.12, 2 -0.12, 2 -0.12, 2 -0.12, 2 -0.12, 2 -0.12, 2 -0.12, 2 -0.12, 2 -0.12, 2 -0.12, 2 -0.12, 2 -0.12, 2 -0.12, 3 -0.15, 3 -0.15, 3 -0.15, 3 -0.15, 3 -0.15, 3 -0.15, 3 -0.15, 3 -0.15, 5 -0.19, 5 -0.19, 6 -0.21, 7 -0.22, 7 -0.22, 8 -0.23, 8 -0.23, 16 -0.31, 
28% 
2 9.59, 3 8.37, 2 7.6, 244 4.63, 2 -0.12, 2 -0.12, 2 -0.12, 2 -0.12, 2 -0.12, 2 -0.12, 2 -0.12, 2 -0.12, 2 -0.12, 2 -0.12, 2 -0.12, 2 -0.12, 2 -0.12, 2 -0.12, 2 -0.12, 2 -0.12, 3 -0.15, 3 -0.15, 3 -0.15, 3 -0.15, 3 -0.15, 3 -0.15, 3 -0.15, 3 -0.15, 4 -0.18, 5 -0.19, 5 -0.19, 6 -0.21, 7 -0.22, 8 -0.23, 8 -0.23, 16 -0.31, 
29% 
2 9.59, 3 8.37, 2 7.6, 242 4.64, 2 -0.12, 2 -0.12, 2 -0.12, 2 -0.12, 2 -0.12, 2 -0.12, 2 -0.12, 2 -0.12, 2 -0.12, 2 -0.12, 2 -0.12, 2 -0.12, 2 -0.12, 2 -0.12, 2 -0.12, 2 -0.12, 3 -0.15, 3 -0.15, 3 -0.15, 3 -0.15, 3 -0.15, 3 -0.15, 3 -0.15, 3 -0.15, 3 -0.15, 4 -0.18, 5 -0.19, 5 -0.19, 7 -0.22, 8 -0.23, 8 -0.23, 16 -0.31, 
30% 
2 9.59, 3 8.37, 2 7.6, 239 5.5, 2 -0.12, 2 -0.12, 2 -0.12, 2 -0.12, 2 -0.12, 2 -0.12, 2 -0.12, 2 -0.12, 2 -0.12, 2 -0.12, 2 -0.12, 2 -0.12, 2 -0.12, 2 -0.12, 2 -0.12, 2 -0.12, 3 -0.15, 3 -0.15, 3 -0.15, 3 -0.15, 3 -0.15, 3 -0.15, 3 -0.15, 3 -0.15, 3 -0.15, 4 -0.18, 5 -0.19, 5 -0.19, 7 -0.22, 8 -0.23, 8 -0.23, 16 -0.31, 
31% 
2 9.59, 3 8.37, 2 7.6, 240 6.54, 2 -0.12, 2 -0.12, 2 -0.12, 2 -0.12, 2 -0.12, 2 -0.12, 2 -0.12, 2 -0.12, 2 -0.12, 2 -0.12, 2 -0.12, 2 -0.12, 2 -0.12, 2 -0.12, 2 -0.12, 3 -0.15, 3 -0.15, 3 -0.15, 3 -0.15, 3 -0.15, 3 -0.15, 3 -0.15, 3 -0.15, 3 -0.15, 4 -0.18, 5 -0.19, 5 -0.19, 7 -0.22, 7 -0.22, 8 -0.23, 16 -0.31, 
32% 
2 9.59, 3 8.37, 2 7.6, 236 6.62, 2 -0.12, 2 -0.12, 2 -0.12, 2 -0.12, 2 -0.12, 2 -0.12, 2 -0.12, 2 -0.12, 2 -0.12, 2 -0.12, 2 -0.12, 2 -0.12, 2 -0.12, 2 -0.12, 2 -0.12, 3 -0.15, 3 -0.15, 3 -0.15, 3 -0.15, 3 -0.15, 3 -0.15, 3 -0.15, 3 -0.15, 4 -0.18, 5 -0.19, 5 -0.19, 7 -0.22, 7 -0.22, 8 -0.23, 15 -0.3, 
33% 
2 9.59, 3 8.37, 2 7.6, 233 6.65, 2 -0.12, 2 -0.12, 2 -0.12, 2 -0.12, 2 -0.12, 2 -0.12, 2 -0.12, 2 -0.12, 2 -0.12, 2 -0.12, 2 -0.12, 2 -0.12, 2 -0.12, 2 -0.12, 3 -0.15, 3 -0.15, 3 -0.15, 3 -0.15, 3 -0.15, 3 -0.15, 3 -0.15, 3 -0.15, 4 -0.18, 5 -0.19, 5 -0.19, 7 -0.22, 7 -0.22, 8 -0.23, 15 -0.3, 
34% 
2 9.59, 3 8.37, 2 7.6, 230 6.73, 2 -0.12, 2 -0.12, 2 -0.12, 2 -0.12, 2 -0.12, 2 -0.12, 2 -0.12, 2 -0.12, 2 -0.12, 2 -0.12, 2 -0.12, 2 -0.12, 2 -0.12, 2 -0.12, 3 -0.15, 3 -0.15, 3 -0.15, 3 -0.15, 3 -0.15, 3 -0.15, 3 -0.15, 3 -0.15, 4 -0.18, 5 -0.19, 5 -0.19, 7 -0.22, 7 -0.22, 8 -0.23, 15 -0.3, 
35% 
2 9.59, 3 8.37, 2 7.6, 232 7.32, 2 -0.12, 2 -0.12, 2 -0.12, 2 -0.12, 2 -0.12, 2 -0.12, 2 -0.12, 2 -0.12, 2 -0.12, 2 -0.12, 2 -0.12, 2 -0.12, 2 -0.12, 2 -0.12, 3 -0.15, 3 -0.15, 3 -0.15, 3 -0.15, 3 -0.15, 3 -0.15, 3 -0.15, 3 -0.15, 4 -0.18, 5 -0.19, 5 -0.19, 5 -0.19, 7 -0.22, 8 -0.23, 15 -0.3, 
36% 
2 9.59, 3 8.37, 2 7.6, 228 7.43, 2 -0.12, 2 -0.12, 2 -0.12, 2 -0.12, 2 -0.12, 2 -0.12, 2 -0.12, 2 -0.12, 2 -0.12, 2 -0.12, 2 -0.12, 2 -0.12, 2 -0.12, 3 -0.15, 3 -0.15, 3 -0.15, 3 -0.15, 3 -0.15, 3 -0.15, 3 -0.15, 3 -0.15, 4 -0.18, 4 -0.18, 5 -0.19, 5 -0.19, 7 -0.22, 8 -0.23, 15 -0.3, 
37% 
2 9.59, 3 8.37, 2 7.6, 222 7.55, 2 -0.12, 2 -0.12, 2 -0.12, 2 -0.12, 2 -0.12, 2 -0.12, 2 -0.12, 2 -0.12, 2 -0.12, 2 -0.12, 2 -0.12, 2 -0.12, 2 -0.12, 3 -0.15, 3 -0.15, 3 -0.15, 3 -0.15, 3 -0.15, 3 -0.15, 3 -0.15, 4 -0.18, 4 -0.18, 5 -0.19, 5 -0.19, 7 -0.22, 8 -0.23, 15 -0.3, 
38% 
2 9.59, 3 8.37, 212 7.77, 2 7.6, 2 -0.12, 2 -0.12, 2 -0.12, 2 -0.12, 2 -0.12, 2 -0.12, 2 -0.12, 2 -0.12, 2 -0.12, 2 -0.12, 2 -0.12, 2 -0.12, 2 -0.12, 2 -0.12, 3 -0.15, 3 -0.15, 3 -0.15, 3 -0.15, 3 -0.15, 4 -0.18, 4 -0.18, 4 -0.18, 5 -0.19, 5 -0.19, 7 -0.22, 8 -0.23, 14 -0.29, 
39% 
2 9.59, 3 8.37, 204 8.01, 2 7.6, 2 -0.12, 2 -0.12, 2 -0.12, 2 -0.12, 2 -0.12, 2 -0.12, 2 -0.12, 2 -0.12, 2 -0.12, 2 -0.12, 2 -0.12, 2 -0.12, 2 -0.12, 2 -0.12, 2 -0.12, 3 -0.15, 3 -0.15, 3 -0.15, 3 -0.15, 3 -0.15, 4 -0.18, 4 -0.18, 4 -0.18, 5 -0.19, 5 -0.19, 7 -0.22, 8 -0.23, 14 -0.29, 
40% 
2 9.59, 3 8.37, 200 8.09, 2 7.6, 2 -0.12, 2 -0.12, 2 -0.12, 2 -0.12, 2 -0.12, 2 -0.12, 2 -0.12, 2 -0.12, 2 -0.12, 2 -0.12, 2 -0.12, 2 -0.12, 2 -0.12, 2 -0.12, 3 -0.15, 3 -0.15, 3 -0.15, 3 -0.15, 3 -0.15, 4 -0.18, 4 -0.18, 4 -0.18, 5 -0.19, 5 -0.19, 7 -0.22, 8 -0.23, 14 -0.29, 
41% 
2 9.59, 211 8.91, 2 7.6, 2 -0.12, 2 -0.12, 2 -0.12, 2 -0.12, 2 -0.12, 2 -0.12, 2 -0.12, 2 -0.12, 2 -0.12, 2 -0.12, 2 -0.12, 2 -0.12, 2 -0.12, 3 -0.15, 3 -0.15, 3 -0.15, 3 -0.15, 3 -0.15, 4 -0.18, 4 -0.18, 4 -0.18, 5 -0.19, 5 -0.19, 7 -0.22, 8 -0.23, 12 -0.27, 
42% 
2 9.59, 205 9.13, 2 7.6, 2 -0.12, 2 -0.12, 2 -0.12, 2 -0.12, 2 -0.12, 2 -0.12, 2 -0.12, 2 -0.12, 2 -0.12, 2 -0.12, 2 -0.12, 2 -0.12, 2 -0.12, 3 -0.15, 3 -0.15, 3 -0.15, 3 -0.15, 3 -0.15, 4 -0.18, 4 -0.18, 4 -0.18, 5 -0.19, 5 -0.19, 8 -0.23, 10 -0.25, 
43% 
2 9.59, 205 9.13, 2 7.6, 2 -0.12, 2 -0.12, 2 -0.12, 2 -0.12, 2 -0.12, 2 -0.12, 2 -0.12, 2 -0.12, 2 -0.12, 2 -0.12, 2 -0.12, 2 -0.12, 2 -0.12, 2 -0.12, 3 -0.15, 3 -0.15, 3 -0.15, 3 -0.15, 4 -0.18, 4 -0.18, 4 -0.18, 4 -0.18, 5 -0.19, 8 -0.23, 10 -0.25, 
44% 
2 9.59, 199 9.26, 2 7.6, 2 -0.12, 2 -0.12, 2 -0.12, 2 -0.12, 2 -0.12, 2 -0.12, 2 -0.12, 2 -0.12, 2 -0.12, 2 -0.12, 2 -0.12, 2 -0.12, 2 -0.12, 2 -0.12, 3 -0.15, 3 -0.15, 3 -0.15, 3 -0.15, 4 -0.18, 4 -0.18, 4 -0.18, 4 -0.18, 5 -0.19, 8 -0.23, 10 -0.25, 
45% 
202 9.91, 2 9.59, 2 7.6, 2 -0.12, 2 -0.12, 2 -0.12, 2 -0.12, 2 -0.12, 2 -0.12, 2 -0.12, 2 -0.12, 2 -0.12, 2 -0.12, 2 -0.12, 2 -0.12, 2 -0.12, 3 -0.15, 3 -0.15, 3 -0.15, 3 -0.15, 3 -0.15, 4 -0.18, 4 -0.18, 4 -0.18, 5 -0.19, 8 -0.23, 10 -0.25, 
46% 
202 9.91, 2 9.59, 2 7.6, 2 -0.12, 2 -0.12, 2 -0.12, 2 -0.12, 2 -0.12, 2 -0.12, 2 -0.12, 2 -0.12, 2 -0.12, 2 -0.12, 2 -0.12, 2 -0.12, 3 -0.15, 3 -0.15, 3 -0.15, 3 -0.15, 3 -0.15, 4 -0.18, 4 -0.18, 4 -0.18, 5 -0.19, 8 -0.23, 10 -0.25, 
47% 
202 9.91, 2 9.59, 2 7.6, 2 -0.12, 2 -0.12, 2 -0.12, 2 -0.12, 2 -0.12, 2 -0.12, 2 -0.12, 2 -0.12, 2 -0.12, 2 -0.12, 2 -0.12, 2 -0.12, 3 -0.15, 3 -0.15, 3 -0.15, 3 -0.15, 3 -0.15, 4 -0.18, 4 -0.18, 4 -0.18, 5 -0.19, 8 -0.23, 10 -0.25, 
48% 
202 9.91, 2 9.59, 2 7.6, 2 -0.12, 2 -0.12, 2 -0.12, 2 -0.12, 2 -0.12, 2 -0.12, 2 -0.12, 2 -0.12, 2 -0.12, 2 -0.12, 2 -0.12, 2 -0.12, 2 -0.12, 3 -0.15, 3 -0.15, 3 -0.15, 3 -0.15, 3 -0.15, 4 -0.18, 4 -0.18, 5 -0.19, 8 -0.23, 10 -0.25, 
49% 
202 9.91, 2 9.59, 2 7.6, 2 -0.12, 2 -0.12, 2 -0.12, 2 -0.12, 2 -0.12, 2 -0.12, 2 -0.12, 2 -0.12, 2 -0.12, 2 -0.12, 2 -0.12, 2 -0.12, 2 -0.12, 3 -0.15, 3 -0.15, 3 -0.15, 3 -0.15, 3 -0.15, 4 -0.18, 4 -0.18, 5 -0.19, 8 -0.23, 10 -0.25, 
50% 
196 10.05, 2 9.59, 2 7.6, 2 -0.12, 2 -0.12, 2 -0.12, 2 -0.12, 2 -0.12, 2 -0.12, 2 -0.12, 2 -0.12, 2 -0.12, 2 -0.12, 2 -0.12, 2 -0.12, 2 -0.12, 2 -0.12, 3 -0.15, 3 -0.15, 3 -0.15, 3 -0.15, 3 -0.15, 4 -0.18, 4 -0.18, 5 -0.19, 8 -0.23, 10 -0.25, 
51% 
202 10.51, 2 9.59, 2 7.6, 2 -0.12, 2 -0.12, 2 -0.12, 2 -0.12, 2 -0.12, 2 -0.12, 2 -0.12, 2 -0.12, 2 -0.12, 2 -0.12, 2 -0.12, 2 -0.12, 2 -0.12, 2 -0.12, 2 -0.12, 2 -0.12, 3 -0.15, 3 -0.15, 4 -0.18, 4 -0.18, 5 -0.19, 8 -0.23, 9 -0.24, 
52% 
202 10.51, 2 9.59, 2 7.6, 2 -0.12, 2 -0.12, 2 -0.12, 2 -0.12, 2 -0.12, 2 -0.12, 2 -0.12, 2 -0.12, 2 -0.12, 2 -0.12, 2 -0.12, 2 -0.12, 2 -0.12, 2 -0.12, 2 -0.12, 3 -0.15, 3 -0.15, 4 -0.18, 4 -0.18, 4 -0.18, 8 -0.23, 9 -0.24, 
53% 
203 11.13, 2 9.59, 2 7.6, 2 -0.12, 2 -0.12, 2 -0.12, 2 -0.12, 2 -0.12, 2 -0.12, 2 -0.12, 2 -0.12, 2 -0.12, 2 -0.12, 2 -0.12, 2 -0.12, 2 -0.12, 2 -0.12, 2 -0.12, 2 -0.12, 3 -0.15, 4 -0.18, 4 -0.18, 4 -0.18, 8 -0.23, 9 -0.24, 
54% 
209 11.53, 2 9.59, 2 7.6, 2 -0.12, 2 -0.12, 2 -0.12, 2 -0.12, 2 -0.12, 2 -0.12, 2 -0.12, 2 -0.12, 2 -0.12, 2 -0.12, 2 -0.12, 2 -0.12, 2 -0.12, 2 -0.12, 2 -0.12, 2 -0.12, 3 -0.15, 4 -0.18, 4 -0.18, 4 -0.18, 6 -0.21, 9 -0.24, 
55% 
201 11.84, 12 10.18, 2 7.6, 2 -0.12, 2 -0.12, 2 -0.12, 2 -0.12, 2 -0.12, 2 -0.12, 2 -0.12, 2 -0.12, 2 -0.12, 2 -0.12, 2 -0.12, 2 -0.12, 2 -0.12, 2 -0.12, 2 -0.12, 2 -0.12, 3 -0.15, 4 -0.18, 4 -0.18, 4 -0.18, 4 -0.18, 5 -0.19, 9 -0.24, 
56% 
183 13.87, 2 7.6, 26 2.93, 2 -0.12, 2 -0.12, 2 -0.12, 2 -0.12, 2 -0.12, 2 -0.12, 2 -0.12, 2 -0.12, 2 -0.12, 2 -0.12, 2 -0.12, 2 -0.12, 2 -0.12, 2 -0.12, 3 -0.15, 3 -0.15, 4 -0.18, 4 -0.18, 4 -0.18, 4 -0.18, 5 -0.19, 9 -0.24, 
57% 
193 14.39, 2 7.6, 25 3.03, 2 -0.12, 2 -0.12, 2 -0.12, 2 -0.12, 2 -0.12, 2 -0.12, 2 -0.12, 2 -0.12, 2 -0.12, 2 -0.12, 2 -0.12, 2 -0.12, 2 -0.12, 3 -0.15, 3 -0.15, 4 -0.18, 4 -0.18, 4 -0.18, 4 -0.18, 5 -0.19, 9 -0.24, 
58% 
214 14.56, 2 7.6, 2 -0.12, 2 -0.12, 2 -0.12, 2 -0.12, 2 -0.12, 2 -0.12, 2 -0.12, 2 -0.12, 2 -0.12, 2 -0.12, 2 -0.12, 2 -0.12, 2 -0.12, 3 -0.15, 3 -0.15, 4 -0.18, 4 -0.18, 4 -0.18, 5 -0.19, 9 -0.24, 
59% 
202 15.79, 2 7.6, 2 -0.12, 2 -0.12, 2 -0.12, 2 -0.12, 2 -0.12, 2 -0.12, 2 -0.12, 2 -0.12, 2 -0.12, 2 -0.12, 3 -0.15, 3 -0.15, 3 -0.15, 4 -0.18, 4 -0.18, 4 -0.18, 4 -0.18, 5 -0.19, 9 -0.24, 
60% 
202 15.79, 2 7.6, 2 -0.12, 2 -0.12, 2 -0.12, 2 -0.12, 2 -0.12, 2 -0.12, 2 -0.12, 2 -0.12, 2 -0.12, 2 -0.12, 3 -0.15, 3 -0.15, 4 -0.18, 4 -0.18, 4 -0.18, 4 -0.18, 5 -0.19, 9 -0.24, 
61% 
202 15.79, 2 7.6, 2 -0.12, 2 -0.12, 2 -0.12, 2 -0.12, 2 -0.12, 2 -0.12, 2 -0.12, 2 -0.12, 2 -0.12, 2 -0.12, 3 -0.15, 3 -0.15, 4 -0.18, 4 -0.18, 4 -0.18, 4 -0.18, 5 -0.19, 9 -0.24, 
62% 
196 16, 2 7.6, 2 -0.12, 2 -0.12, 2 -0.12, 2 -0.12, 2 -0.12, 2 -0.12, 2 -0.12, 2 -0.12, 2 -0.12, 2 -0.12, 3 -0.15, 3 -0.15, 4 -0.18, 4 -0.18, 4 -0.18, 4 -0.18, 5 -0.19, 5 -0.19, 8 -0.23, 
63% 
190 16.36, 2 7.6, 2 -0.12, 2 -0.12, 2 -0.12, 2 -0.12, 2 -0.12, 2 -0.12, 2 -0.12, 2 -0.12, 2 -0.12, 2 -0.12, 3 -0.15, 3 -0.15, 4 -0.18, 4 -0.18, 4 -0.18, 4 -0.18, 4 -0.18, 5 -0.19, 8 -0.23, 
64% 
190 16.36, 2 7.6, 2 -0.12, 2 -0.12, 2 -0.12, 2 -0.12, 2 -0.12, 2 -0.12, 2 -0.12, 2 -0.12, 2 -0.12, 2 -0.12, 3 -0.15, 3 -0.15, 4 -0.18, 4 -0.18, 4 -0.18, 4 -0.18, 4 -0.18, 4 -0.18, 8 -0.23, 
65% 
189 16.47, 2 7.6, 2 -0.12, 2 -0.12, 2 -0.12, 2 -0.12, 2 -0.12, 2 -0.12, 2 -0.12, 2 -0.12, 2 -0.12, 3 -0.15, 3 -0.15, 3 -0.15, 4 -0.18, 4 -0.18, 4 -0.18, 4 -0.18, 4 -0.18, 8 -0.23, 
66% 
186 16.61, 2 7.6, 2 -0.12, 2 -0.12, 2 -0.12, 2 -0.12, 2 -0.12, 2 -0.12, 2 -0.12, 2 -0.12, 2 -0.12, 3 -0.15, 3 -0.15, 3 -0.15, 4 -0.18, 4 -0.18, 4 -0.18, 4 -0.18, 4 -0.18, 8 -0.23, 
67% 
186 16.61, 2 7.6, 2 -0.12, 2 -0.12, 2 -0.12, 2 -0.12, 2 -0.12, 2 -0.12, 2 -0.12, 3 -0.15, 3 -0.15, 3 -0.15, 4 -0.18, 4 -0.18, 4 -0.18, 4 -0.18, 4 -0.18, 8 -0.23, 
68% 
186 17.53, 2 7.6, 2 -0.12, 2 -0.12, 2 -0.12, 2 -0.12, 2 -0.12, 2 -0.12, 2 -0.12, 3 -0.15, 3 -0.15, 4 -0.18, 4 -0.18, 4 -0.18, 4 -0.18, 4 -0.18, 8 -0.23, 
69% 
193 18.43, 2 7.6, 2 -0.12, 2 -0.12, 2 -0.12, 2 -0.12, 2 -0.12, 2 -0.12, 2 -0.12, 3 -0.15, 3 -0.15, 4 -0.18, 4 -0.18, 4 -0.18, 4 -0.18, 4 -0.18, 8 -0.23, 
70% 
187 18.78, 2 7.6, 2 -0.12, 2 -0.12, 2 -0.12, 2 -0.12, 2 -0.12, 2 -0.12, 2 -0.12, 3 -0.15, 3 -0.15, 4 -0.18, 4 -0.18, 4 -0.18, 4 -0.18, 4 -0.18, 8 -0.23, 
71% 
183 19.02, 2 7.6, 2 -0.12, 2 -0.12, 2 -0.12, 2 -0.12, 2 -0.12, 2 -0.12, 2 -0.12, 3 -0.15, 3 -0.15, 4 -0.18, 4 -0.18, 4 -0.18, 4 -0.18, 4 -0.18, 7 -0.22, 
72% 
180 19.17, 2 7.6, 2 -0.12, 2 -0.12, 2 -0.12, 2 -0.12, 2 -0.12, 2 -0.12, 2 -0.12, 3 -0.15, 3 -0.15, 3 -0.15, 4 -0.18, 4 -0.18, 4 -0.18, 4 -0.18, 7 -0.22, 
73% 
170 19.49, 2 7.6, 8 2.77, 2 -0.12, 2 -0.12, 2 -0.12, 2 -0.12, 2 -0.12, 2 -0.12, 2 -0.12, 3 -0.15, 3 -0.15, 3 -0.15, 4 -0.18, 4 -0.18, 4 -0.18, 4 -0.18, 7 -0.22, 
74% 
165 19.93, 2 7.6, 8 2.77, 2 -0.12, 2 -0.12, 2 -0.12, 2 -0.12, 2 -0.12, 2 -0.12, 2 -0.12, 3 -0.15, 3 -0.15, 3 -0.15, 3 -0.15, 4 -0.18, 4 -0.18, 4 -0.18, 7 -0.22, 
75% 
163 20.06, 2 7.6, 8 2.77, 2 -0.12, 2 -0.12, 2 -0.12, 2 -0.12, 2 -0.12, 2 -0.12, 2 -0.12, 3 -0.15, 3 -0.15, 3 -0.15, 3 -0.15, 4 -0.18, 4 -0.18, 4 -0.18, 7 -0.22, 
76% 
161 20.24, 2 7.6, 8 2.77, 2 -0.12, 2 -0.12, 2 -0.12, 2 -0.12, 2 -0.12, 2 -0.12, 2 -0.12, 2 -0.12, 2 -0.12, 3 -0.15, 3 -0.15, 3 -0.15, 3 -0.15, 4 -0.18, 4 -0.18, 4 -0.18, 
77% 
160 20.27, 2 7.6, 8 2.77, 2 -0.12, 2 -0.12, 2 -0.12, 2 -0.12, 2 -0.12, 2 -0.12, 2 -0.12, 2 -0.12, 2 -0.12, 3 -0.15, 3 -0.15, 3 -0.15, 3 -0.15, 3 -0.15, 4 -0.18, 4 -0.18, 
78% 
158 20.4, 2 7.6, 8 2.77, 2 -0.12, 2 -0.12, 2 -0.12, 2 -0.12, 2 -0.12, 2 -0.12, 2 -0.12, 2 -0.12, 2 -0.12, 2 -0.12, 3 -0.15, 3 -0.15, 3 -0.15, 3 -0.15, 4 -0.18, 4 -0.18, 
79% 
157 20.56, 2 7.6, 8 2.77, 2 -0.12, 2 -0.12, 2 -0.12, 2 -0.12, 2 -0.12, 2 -0.12, 2 -0.12, 2 -0.12, 2 -0.12, 3 -0.15, 3 -0.15, 3 -0.15, 4 -0.18, 4 -0.18, 
80% 
154 20.88, 2 7.6, 8 2.77, 2 -0.12, 2 -0.12, 2 -0.12, 2 -0.12, 2 -0.12, 2 -0.12, 2 -0.12, 2 -0.12, 2 -0.12, 3 -0.15, 3 -0.15, 3 -0.15, 4 -0.18, 4 -0.18, 
81% 
154 20.88, 2 7.6, 8 2.77, 2 -0.12, 2 -0.12, 2 -0.12, 2 -0.12, 2 -0.12, 2 -0.12, 2 -0.12, 2 -0.12, 2 -0.12, 3 -0.15, 3 -0.15, 3 -0.15, 4 -0.18, 4 -0.18, 
82% 
153 20.91, 2 7.6, 7 3, 2 -0.12, 2 -0.12, 2 -0.12, 2 -0.12, 2 -0.12, 2 -0.12, 2 -0.12, 2 -0.12, 2 -0.12, 3 -0.15, 3 -0.15, 3 -0.15, 4 -0.18, 4 -0.18, 
83% 
150 21.06, 2 7.6, 6 3.24, 2 -0.12, 2 -0.12, 2 -0.12, 2 -0.12, 2 -0.12, 2 -0.12, 2 -0.12, 2 -0.12, 2 -0.12, 3 -0.15, 3 -0.15, 3 -0.15, 4 -0.18, 4 -0.18, 
84% 
145 21.33, 2 7.6, 6 3.24, 2 -0.12, 2 -0.12, 2 -0.12, 2 -0.12, 2 -0.12, 2 -0.12, 2 -0.12, 2 -0.12, 2 -0.12, 3 -0.15, 3 -0.15, 3 -0.15, 4 -0.18, 4 -0.18, 
85% 
152 21.68, 2 7.6, 2 -0.12, 2 -0.12, 2 -0.12, 2 -0.12, 2 -0.12, 2 -0.12, 2 -0.12, 2 -0.12, 3 -0.15, 3 -0.15, 3 -0.15, 4 -0.18, 4 -0.18, 
86% 
151 21.73, 2 7.6, 2 -0.12, 2 -0.12, 2 -0.12, 2 -0.12, 2 -0.12, 2 -0.12, 2 -0.12, 2 -0.12, 2 -0.12, 3 -0.15, 3 -0.15, 4 -0.18, 4 -0.18, 
87% 
149 21.83, 2 7.6, 2 -0.12, 2 -0.12, 2 -0.12, 2 -0.12, 2 -0.12, 2 -0.12, 2 -0.12, 2 -0.12, 2 -0.12, 3 -0.15, 3 -0.15, 4 -0.18, 4 -0.18, 
88% 
147 21.93, 2 7.6, 2 -0.12, 2 -0.12, 2 -0.12, 2 -0.12, 2 -0.12, 2 -0.12, 2 -0.12, 2 -0.12, 3 -0.15, 3 -0.15, 4 -0.18, 4 -0.18, 
89% 
142 22.3, 2 7.6, 2 -0.12, 2 -0.12, 2 -0.12, 2 -0.12, 2 -0.12, 2 -0.12, 2 -0.12, 2 -0.12, 3 -0.15, 3 -0.15, 4 -0.18, 4 -0.18, 
90% 
142 22.3, 2 7.6, 2 -0.12, 2 -0.12, 2 -0.12, 2 -0.12, 2 -0.12, 2 -0.12, 2 -0.12, 2 -0.12, 3 -0.15, 3 -0.15, 4 -0.18, 4 -0.18, 
91% 
141 22.42, 2 7.6, 2 -0.12, 2 -0.12, 2 -0.12, 2 -0.12, 2 -0.12, 2 -0.12, 2 -0.12, 3 -0.15, 3 -0.15, 4 -0.18, 4 -0.18, 
92% 
140 22.49, 2 7.6, 2 -0.12, 2 -0.12, 2 -0.12, 2 -0.12, 2 -0.12, 2 -0.12, 2 -0.12, 3 -0.15, 3 -0.15, 4 -0.18, 4 -0.18, 
93% 
140 22.49, 2 7.6, 2 -0.12, 2 -0.12, 2 -0.12, 2 -0.12, 2 -0.12, 2 -0.12, 2 -0.12, 3 -0.15, 3 -0.15, 4 -0.18, 4 -0.18, 
94% 
139 22.58, 2 7.6, 2 -0.12, 2 -0.12, 2 -0.12, 2 -0.12, 2 -0.12, 2 -0.12, 3 -0.15, 3 -0.15, 4 -0.18, 
95% 
138 22.62, 2 7.6, 2 -0.12, 2 -0.12, 2 -0.12, 2 -0.12, 2 -0.12, 2 -0.12, 2 -0.12, 3 -0.15, 4 -0.18, 
96% 
137 22.82, 2 7.6, 2 -0.12, 2 -0.12, 2 -0.12, 2 -0.12, 2 -0.12, 2 -0.12, 2 -0.12, 3 -0.15, 4 -0.18, 
97% 
135 22.95, 2 7.6, 2 -0.12, 2 -0.12, 2 -0.12, 2 -0.12, 2 -0.12, 3 -0.15, 4 -0.18, 
98% 
135 22.95, 2 7.6, 2 -0.12, 2 -0.12, 2 -0.12, 2 -0.12, 2 -0.12, 3 -0.15, 4 -0.18, 
99% 
133 23.27, 2 7.6, 2 6.4, 2 -0.12, 2 -0.12, 2 -0.12, 2 -0.12, 2 -0.12, 2 -0.12, 3 -0.15, 
100%
129 23.77, 2 7.6, 2 6.4, 2 -0.12, 2 -0.12, 2 -0.12, 2 -0.12, 2 -0.12, 2 -0.12, 3 -0.15, 
