-sif=/home/safia/anaconda3/lib/R/library/pathfindR/extdata/KEGG.sif
-sig=/home/safia/Documents/pathfindR_Results(1)/active_snw_searches/Iteration_10/active_snw_search/input_for_search.txt
-method=SA
-saTemp0=1
-saTemp1=0.01
-saIter=10000
-geneInitProb=0.2
-gaPop=400
-gaIter=200
-gaThread=5
-gaMut=0
-grMaxDepth=1
-grSearchDepth=1
-grOverlap=0.5
-grSubNum=1000
632 0.97, 2 -0.1, 2 -0.1, 2 -0.1, 2 -0.1, 2 -0.1, 2 -0.1, 2 -0.1, 2 -0.1, 2 -0.1, 2 -0.1, 2 -0.1, 2 -0.1, 2 -0.1, 2 -0.1, 2 -0.1, 2 -0.1, 2 -0.1, 2 -0.1, 2 -0.1, 2 -0.1, 2 -0.1, 2 -0.1, 2 -0.1, 2 -0.1, 2 -0.1, 2 -0.1, 2 -0.1, 2 -0.1, 2 -0.1, 2 -0.1, 2 -0.1, 2 -0.1, 2 -0.1, 2 -0.1, 3 -0.13, 3 -0.13, 3 -0.13, 3 -0.13, 3 -0.13, 3 -0.13, 3 -0.13, 3 -0.13, 3 -0.13, 3 -0.13, 4 -0.14, 5 -0.16, 5 -0.16, 7 -0.21, 8 -0.22, 9 -0.23, 9 -0.23, 
Percentage of finished job, node number and score of modules that have more than one node are as follows:
0%
1% 
621 1.01, 2 -0.1, 2 -0.1, 2 -0.1, 2 -0.1, 2 -0.1, 2 -0.1, 2 -0.1, 2 -0.1, 2 -0.1, 2 -0.1, 2 -0.1, 2 -0.1, 2 -0.1, 2 -0.1, 2 -0.1, 2 -0.1, 2 -0.1, 2 -0.1, 2 -0.1, 2 -0.1, 2 -0.1, 2 -0.1, 2 -0.1, 2 -0.1, 2 -0.1, 2 -0.1, 2 -0.1, 2 -0.1, 2 -0.1, 2 -0.1, 2 -0.1, 2 -0.1, 2 -0.1, 3 -0.13, 3 -0.13, 3 -0.13, 3 -0.13, 3 -0.13, 3 -0.13, 3 -0.13, 3 -0.13, 3 -0.13, 3 -0.13, 4 -0.14, 5 -0.16, 5 -0.16, 7 -0.21, 8 -0.22, 9 -0.23, 9 -0.23, 
2% 
576 1.65, 2 -0.1, 2 -0.1, 2 -0.1, 2 -0.1, 2 -0.1, 2 -0.1, 2 -0.1, 2 -0.1, 2 -0.1, 2 -0.1, 2 -0.1, 2 -0.1, 2 -0.1, 2 -0.1, 2 -0.1, 2 -0.1, 2 -0.1, 2 -0.1, 2 -0.1, 2 -0.1, 2 -0.1, 2 -0.1, 2 -0.1, 2 -0.1, 2 -0.1, 2 -0.1, 2 -0.1, 2 -0.1, 2 -0.1, 2 -0.1, 2 -0.1, 2 -0.1, 2 -0.1, 3 -0.13, 3 -0.13, 3 -0.13, 3 -0.13, 3 -0.13, 3 -0.13, 3 -0.13, 3 -0.13, 3 -0.13, 3 -0.13, 4 -0.14, 4 -0.14, 5 -0.16, 5 -0.16, 7 -0.21, 7 -0.21, 8 -0.22, 9 -0.23, 20 -0.32, 
3% 
3 9.6, 560 1, 2 -0.1, 2 -0.1, 2 -0.1, 2 -0.1, 2 -0.1, 2 -0.1, 2 -0.1, 2 -0.1, 2 -0.1, 2 -0.1, 2 -0.1, 2 -0.1, 2 -0.1, 2 -0.1, 2 -0.1, 2 -0.1, 2 -0.1, 2 -0.1, 2 -0.1, 2 -0.1, 2 -0.1, 2 -0.1, 2 -0.1, 2 -0.1, 2 -0.1, 2 -0.1, 2 -0.1, 2 -0.1, 2 -0.1, 2 -0.1, 2 -0.1, 2 -0.1, 3 -0.13, 3 -0.13, 3 -0.13, 3 -0.13, 3 -0.13, 3 -0.13, 3 -0.13, 3 -0.13, 3 -0.13, 3 -0.13, 4 -0.14, 4 -0.14, 4 -0.14, 5 -0.16, 7 -0.21, 7 -0.21, 8 -0.22, 9 -0.23, 19 -0.32, 
4% 
3 9.6, 550 1.03, 2 -0.1, 2 -0.1, 2 -0.1, 2 -0.1, 2 -0.1, 2 -0.1, 2 -0.1, 2 -0.1, 2 -0.1, 2 -0.1, 2 -0.1, 2 -0.1, 2 -0.1, 2 -0.1, 2 -0.1, 2 -0.1, 2 -0.1, 2 -0.1, 2 -0.1, 2 -0.1, 2 -0.1, 2 -0.1, 2 -0.1, 2 -0.1, 2 -0.1, 2 -0.1, 2 -0.1, 2 -0.1, 2 -0.1, 2 -0.1, 2 -0.1, 2 -0.1, 3 -0.13, 3 -0.13, 3 -0.13, 3 -0.13, 3 -0.13, 3 -0.13, 3 -0.13, 3 -0.13, 3 -0.13, 4 -0.14, 4 -0.14, 4 -0.14, 5 -0.16, 7 -0.21, 7 -0.21, 8 -0.22, 9 -0.23, 19 -0.32, 
5% 
3 9.6, 537 1.49, 2 -0.1, 2 -0.1, 2 -0.1, 2 -0.1, 2 -0.1, 2 -0.1, 2 -0.1, 2 -0.1, 2 -0.1, 2 -0.1, 2 -0.1, 2 -0.1, 2 -0.1, 2 -0.1, 2 -0.1, 2 -0.1, 2 -0.1, 2 -0.1, 2 -0.1, 2 -0.1, 2 -0.1, 2 -0.1, 2 -0.1, 2 -0.1, 2 -0.1, 2 -0.1, 2 -0.1, 2 -0.1, 2 -0.1, 2 -0.1, 2 -0.1, 3 -0.13, 3 -0.13, 3 -0.13, 3 -0.13, 3 -0.13, 3 -0.13, 3 -0.13, 3 -0.13, 3 -0.13, 4 -0.14, 4 -0.14, 4 -0.14, 5 -0.16, 7 -0.21, 7 -0.21, 7 -0.21, 9 -0.23, 19 -0.32, 
6% 
3 9.6, 528 1.53, 2 -0.1, 2 -0.1, 2 -0.1, 2 -0.1, 2 -0.1, 2 -0.1, 2 -0.1, 2 -0.1, 2 -0.1, 2 -0.1, 2 -0.1, 2 -0.1, 2 -0.1, 2 -0.1, 2 -0.1, 2 -0.1, 2 -0.1, 2 -0.1, 2 -0.1, 2 -0.1, 2 -0.1, 2 -0.1, 2 -0.1, 2 -0.1, 2 -0.1, 2 -0.1, 2 -0.1, 2 -0.1, 2 -0.1, 2 -0.1, 2 -0.1, 3 -0.13, 3 -0.13, 3 -0.13, 3 -0.13, 3 -0.13, 3 -0.13, 3 -0.13, 3 -0.13, 3 -0.13, 4 -0.14, 4 -0.14, 5 -0.16, 6 -0.19, 7 -0.21, 7 -0.21, 9 -0.23, 18 -0.31, 
7% 
3 9.6, 506 2.84, 2 -0.1, 2 -0.1, 2 -0.1, 2 -0.1, 2 -0.1, 2 -0.1, 2 -0.1, 2 -0.1, 2 -0.1, 2 -0.1, 2 -0.1, 2 -0.1, 2 -0.1, 2 -0.1, 2 -0.1, 2 -0.1, 2 -0.1, 2 -0.1, 2 -0.1, 2 -0.1, 2 -0.1, 2 -0.1, 2 -0.1, 2 -0.1, 2 -0.1, 2 -0.1, 2 -0.1, 2 -0.1, 2 -0.1, 2 -0.1, 3 -0.13, 3 -0.13, 3 -0.13, 3 -0.13, 3 -0.13, 3 -0.13, 3 -0.13, 3 -0.13, 3 -0.13, 4 -0.14, 4 -0.14, 4 -0.14, 5 -0.16, 5 -0.16, 6 -0.19, 7 -0.21, 7 -0.21, 9 -0.23, 17 -0.31, 
8% 
3 9.6, 5 6.5, 493 2.29, 2 -0.1, 2 -0.1, 2 -0.1, 2 -0.1, 2 -0.1, 2 -0.1, 2 -0.1, 2 -0.1, 2 -0.1, 2 -0.1, 2 -0.1, 2 -0.1, 2 -0.1, 2 -0.1, 2 -0.1, 2 -0.1, 2 -0.1, 2 -0.1, 2 -0.1, 2 -0.1, 2 -0.1, 2 -0.1, 2 -0.1, 2 -0.1, 2 -0.1, 2 -0.1, 2 -0.1, 2 -0.1, 2 -0.1, 3 -0.13, 3 -0.13, 3 -0.13, 3 -0.13, 3 -0.13, 3 -0.13, 3 -0.13, 3 -0.13, 3 -0.13, 4 -0.14, 4 -0.14, 4 -0.14, 5 -0.16, 5 -0.16, 6 -0.19, 7 -0.21, 7 -0.21, 9 -0.23, 16 -0.3, 
9% 
3 9.6, 5 6.5, 487 2.34, 2 -0.1, 2 -0.1, 2 -0.1, 2 -0.1, 2 -0.1, 2 -0.1, 2 -0.1, 2 -0.1, 2 -0.1, 2 -0.1, 2 -0.1, 2 -0.1, 2 -0.1, 2 -0.1, 2 -0.1, 2 -0.1, 2 -0.1, 2 -0.1, 2 -0.1, 2 -0.1, 2 -0.1, 2 -0.1, 2 -0.1, 2 -0.1, 2 -0.1, 2 -0.1, 2 -0.1, 2 -0.1, 2 -0.1, 3 -0.13, 3 -0.13, 3 -0.13, 3 -0.13, 3 -0.13, 3 -0.13, 3 -0.13, 3 -0.13, 3 -0.13, 4 -0.14, 4 -0.14, 4 -0.14, 5 -0.16, 5 -0.16, 6 -0.19, 6 -0.19, 7 -0.21, 9 -0.23, 16 -0.3, 
10% 
3 9.6, 5 6.5, 477 2.38, 2 -0.1, 2 -0.1, 2 -0.1, 2 -0.1, 2 -0.1, 2 -0.1, 2 -0.1, 2 -0.1, 2 -0.1, 2 -0.1, 2 -0.1, 2 -0.1, 2 -0.1, 2 -0.1, 2 -0.1, 2 -0.1, 2 -0.1, 2 -0.1, 2 -0.1, 2 -0.1, 2 -0.1, 2 -0.1, 2 -0.1, 2 -0.1, 2 -0.1, 2 -0.1, 2 -0.1, 3 -0.13, 3 -0.13, 3 -0.13, 3 -0.13, 3 -0.13, 3 -0.13, 3 -0.13, 3 -0.13, 3 -0.13, 3 -0.13, 4 -0.14, 4 -0.14, 4 -0.14, 4 -0.14, 4 -0.14, 6 -0.19, 6 -0.19, 7 -0.21, 8 -0.22, 16 -0.3, 
11% 
3 9.6, 5 6.5, 469 2.44, 2 -0.1, 2 -0.1, 2 -0.1, 2 -0.1, 2 -0.1, 2 -0.1, 2 -0.1, 2 -0.1, 2 -0.1, 2 -0.1, 2 -0.1, 2 -0.1, 2 -0.1, 2 -0.1, 2 -0.1, 2 -0.1, 2 -0.1, 2 -0.1, 2 -0.1, 2 -0.1, 2 -0.1, 2 -0.1, 2 -0.1, 2 -0.1, 2 -0.1, 2 -0.1, 2 -0.1, 3 -0.13, 3 -0.13, 3 -0.13, 3 -0.13, 3 -0.13, 3 -0.13, 3 -0.13, 3 -0.13, 3 -0.13, 3 -0.13, 4 -0.14, 4 -0.14, 4 -0.14, 4 -0.14, 6 -0.19, 6 -0.19, 6 -0.19, 8 -0.22, 16 -0.3, 
12% 
3 9.6, 5 6.5, 456 2.53, 2 -0.1, 2 -0.1, 2 -0.1, 2 -0.1, 2 -0.1, 2 -0.1, 2 -0.1, 2 -0.1, 2 -0.1, 2 -0.1, 2 -0.1, 2 -0.1, 2 -0.1, 2 -0.1, 2 -0.1, 2 -0.1, 2 -0.1, 2 -0.1, 2 -0.1, 2 -0.1, 2 -0.1, 2 -0.1, 2 -0.1, 2 -0.1, 2 -0.1, 2 -0.1, 2 -0.1, 3 -0.13, 3 -0.13, 3 -0.13, 3 -0.13, 3 -0.13, 3 -0.13, 3 -0.13, 3 -0.13, 3 -0.13, 3 -0.13, 3 -0.13, 4 -0.14, 4 -0.14, 4 -0.14, 6 -0.19, 6 -0.19, 6 -0.19, 8 -0.22, 16 -0.3, 
13% 
3 9.6, 5 6.5, 454 3.13, 2 -0.1, 2 -0.1, 2 -0.1, 2 -0.1, 2 -0.1, 2 -0.1, 2 -0.1, 2 -0.1, 2 -0.1, 2 -0.1, 2 -0.1, 2 -0.1, 2 -0.1, 2 -0.1, 2 -0.1, 2 -0.1, 2 -0.1, 2 -0.1, 2 -0.1, 2 -0.1, 2 -0.1, 2 -0.1, 2 -0.1, 2 -0.1, 2 -0.1, 2 -0.1, 2 -0.1, 3 -0.13, 3 -0.13, 3 -0.13, 3 -0.13, 3 -0.13, 3 -0.13, 3 -0.13, 3 -0.13, 3 -0.13, 3 -0.13, 4 -0.14, 4 -0.14, 4 -0.14, 5 -0.16, 6 -0.19, 6 -0.19, 8 -0.22, 16 -0.3, 
14% 
3 9.6, 5 6.5, 443 3.19, 2 -0.1, 2 -0.1, 2 -0.1, 2 -0.1, 2 -0.1, 2 -0.1, 2 -0.1, 2 -0.1, 2 -0.1, 2 -0.1, 2 -0.1, 2 -0.1, 2 -0.1, 2 -0.1, 2 -0.1, 2 -0.1, 2 -0.1, 2 -0.1, 2 -0.1, 2 -0.1, 2 -0.1, 2 -0.1, 2 -0.1, 2 -0.1, 2 -0.1, 3 -0.13, 3 -0.13, 3 -0.13, 3 -0.13, 3 -0.13, 3 -0.13, 3 -0.13, 3 -0.13, 3 -0.13, 3 -0.13, 4 -0.14, 4 -0.14, 4 -0.14, 5 -0.16, 6 -0.19, 6 -0.19, 8 -0.22, 16 -0.3, 
15% 
3 9.6, 5 6.5, 430 3.29, 2 -0.1, 2 -0.1, 2 -0.1, 2 -0.1, 2 -0.1, 2 -0.1, 2 -0.1, 2 -0.1, 2 -0.1, 2 -0.1, 2 -0.1, 2 -0.1, 2 -0.1, 2 -0.1, 2 -0.1, 2 -0.1, 2 -0.1, 2 -0.1, 2 -0.1, 2 -0.1, 2 -0.1, 2 -0.1, 2 -0.1, 2 -0.1, 2 -0.1, 3 -0.13, 3 -0.13, 3 -0.13, 3 -0.13, 3 -0.13, 3 -0.13, 3 -0.13, 3 -0.13, 3 -0.13, 4 -0.14, 4 -0.14, 4 -0.14, 4 -0.14, 5 -0.16, 6 -0.19, 6 -0.19, 8 -0.22, 16 -0.3, 
16% 
3 9.6, 5 6.5, 367 3.88, 2 -0.1, 2 -0.1, 2 -0.1, 2 -0.1, 2 -0.1, 2 -0.1, 2 -0.1, 2 -0.1, 2 -0.1, 2 -0.1, 2 -0.1, 2 -0.1, 2 -0.1, 2 -0.1, 2 -0.1, 2 -0.1, 2 -0.1, 2 -0.1, 2 -0.1, 2 -0.1, 2 -0.1, 2 -0.1, 2 -0.1, 2 -0.1, 3 -0.13, 3 -0.13, 3 -0.13, 3 -0.13, 3 -0.13, 3 -0.13, 3 -0.13, 3 -0.13, 3 -0.13, 4 -0.14, 4 -0.14, 4 -0.14, 4 -0.14, 5 -0.16, 6 -0.19, 6 -0.19, 8 -0.22, 16 -0.3, 
17% 
3 9.6, 5 6.5, 362 3.94, 2 -0.1, 2 -0.1, 2 -0.1, 2 -0.1, 2 -0.1, 2 -0.1, 2 -0.1, 2 -0.1, 2 -0.1, 2 -0.1, 2 -0.1, 2 -0.1, 2 -0.1, 2 -0.1, 2 -0.1, 2 -0.1, 2 -0.1, 2 -0.1, 2 -0.1, 2 -0.1, 2 -0.1, 2 -0.1, 3 -0.13, 3 -0.13, 3 -0.13, 3 -0.13, 3 -0.13, 3 -0.13, 3 -0.13, 3 -0.13, 3 -0.13, 4 -0.14, 4 -0.14, 4 -0.14, 4 -0.14, 5 -0.16, 6 -0.19, 6 -0.19, 8 -0.22, 16 -0.3, 
18% 
3 9.6, 5 6.5, 362 3.94, 2 -0.1, 2 -0.1, 2 -0.1, 2 -0.1, 2 -0.1, 2 -0.1, 2 -0.1, 2 -0.1, 2 -0.1, 2 -0.1, 2 -0.1, 2 -0.1, 2 -0.1, 2 -0.1, 2 -0.1, 2 -0.1, 2 -0.1, 2 -0.1, 2 -0.1, 2 -0.1, 3 -0.13, 3 -0.13, 3 -0.13, 3 -0.13, 3 -0.13, 3 -0.13, 3 -0.13, 3 -0.13, 4 -0.14, 4 -0.14, 4 -0.14, 4 -0.14, 5 -0.16, 5 -0.16, 6 -0.19, 7 -0.21, 16 -0.3, 
19% 
3 9.6, 5 6.5, 359 4.51, 2 -0.1, 2 -0.1, 2 -0.1, 2 -0.1, 2 -0.1, 2 -0.1, 2 -0.1, 2 -0.1, 2 -0.1, 2 -0.1, 2 -0.1, 2 -0.1, 2 -0.1, 2 -0.1, 2 -0.1, 2 -0.1, 2 -0.1, 2 -0.1, 2 -0.1, 3 -0.13, 3 -0.13, 3 -0.13, 3 -0.13, 3 -0.13, 3 -0.13, 3 -0.13, 3 -0.13, 4 -0.14, 4 -0.14, 4 -0.14, 4 -0.14, 5 -0.16, 5 -0.16, 6 -0.19, 7 -0.21, 16 -0.3, 
20% 
3 9.6, 5 6.5, 351 4.01, 2 -0.1, 2 -0.1, 2 -0.1, 2 -0.1, 2 -0.1, 2 -0.1, 2 -0.1, 2 -0.1, 2 -0.1, 2 -0.1, 2 -0.1, 2 -0.1, 2 -0.1, 2 -0.1, 2 -0.1, 2 -0.1, 2 -0.1, 2 -0.1, 3 -0.13, 3 -0.13, 3 -0.13, 3 -0.13, 3 -0.13, 3 -0.13, 3 -0.13, 3 -0.13, 4 -0.14, 4 -0.14, 4 -0.14, 4 -0.14, 5 -0.16, 5 -0.16, 6 -0.19, 7 -0.21, 15 -0.29, 
21% 
3 9.6, 5 6.5, 329 4.29, 2 -0.1, 2 -0.1, 2 -0.1, 2 -0.1, 2 -0.1, 2 -0.1, 2 -0.1, 2 -0.1, 2 -0.1, 2 -0.1, 2 -0.1, 2 -0.1, 2 -0.1, 2 -0.1, 2 -0.1, 2 -0.1, 2 -0.1, 2 -0.1, 3 -0.13, 3 -0.13, 3 -0.13, 3 -0.13, 3 -0.13, 3 -0.13, 3 -0.13, 4 -0.14, 4 -0.14, 4 -0.14, 4 -0.14, 5 -0.16, 5 -0.16, 6 -0.19, 6 -0.19, 6 -0.19, 8 -0.22, 15 -0.29, 
22% 
3 9.6, 5 6.5, 318 5.22, 2 -0.1, 2 -0.1, 2 -0.1, 2 -0.1, 2 -0.1, 2 -0.1, 2 -0.1, 2 -0.1, 2 -0.1, 2 -0.1, 2 -0.1, 2 -0.1, 2 -0.1, 2 -0.1, 2 -0.1, 2 -0.1, 2 -0.1, 2 -0.1, 3 -0.13, 3 -0.13, 3 -0.13, 3 -0.13, 3 -0.13, 3 -0.13, 3 -0.13, 4 -0.14, 4 -0.14, 4 -0.14, 4 -0.14, 5 -0.16, 5 -0.16, 6 -0.19, 6 -0.19, 6 -0.19, 8 -0.22, 15 -0.29, 
23% 
3 9.6, 4 7.38, 311 5.32, 2 -0.1, 2 -0.1, 2 -0.1, 2 -0.1, 2 -0.1, 2 -0.1, 2 -0.1, 2 -0.1, 2 -0.1, 2 -0.1, 2 -0.1, 2 -0.1, 2 -0.1, 2 -0.1, 2 -0.1, 2 -0.1, 2 -0.1, 3 -0.13, 3 -0.13, 3 -0.13, 3 -0.13, 3 -0.13, 3 -0.13, 3 -0.13, 4 -0.14, 4 -0.14, 4 -0.14, 4 -0.14, 5 -0.16, 5 -0.16, 5 -0.16, 6 -0.19, 6 -0.19, 8 -0.22, 15 -0.29, 
24% 
3 9.6, 4 7.38, 302 5.42, 2 -0.1, 2 -0.1, 2 -0.1, 2 -0.1, 2 -0.1, 2 -0.1, 2 -0.1, 2 -0.1, 2 -0.1, 2 -0.1, 2 -0.1, 2 -0.1, 2 -0.1, 2 -0.1, 2 -0.1, 2 -0.1, 2 -0.1, 3 -0.13, 3 -0.13, 3 -0.13, 3 -0.13, 3 -0.13, 3 -0.13, 3 -0.13, 4 -0.14, 4 -0.14, 4 -0.14, 4 -0.14, 5 -0.16, 5 -0.16, 5 -0.16, 5 -0.16, 6 -0.19, 8 -0.22, 15 -0.29, 
25% 
3 9.6, 4 7.38, 292 5.56, 2 -0.1, 2 -0.1, 2 -0.1, 2 -0.1, 2 -0.1, 2 -0.1, 2 -0.1, 2 -0.1, 2 -0.1, 2 -0.1, 2 -0.1, 2 -0.1, 2 -0.1, 2 -0.1, 2 -0.1, 2 -0.1, 2 -0.1, 2 -0.1, 3 -0.13, 3 -0.13, 3 -0.13, 3 -0.13, 3 -0.13, 3 -0.13, 3 -0.13, 4 -0.14, 4 -0.14, 4 -0.14, 4 -0.14, 5 -0.16, 5 -0.16, 5 -0.16, 5 -0.16, 6 -0.19, 8 -0.22, 13 -0.27, 
26% 
3 9.6, 3 7.89, 4 7.38, 278 4.89, 2 -0.1, 2 -0.1, 2 -0.1, 2 -0.1, 2 -0.1, 2 -0.1, 2 -0.1, 2 -0.1, 2 -0.1, 2 -0.1, 2 -0.1, 2 -0.1, 2 -0.1, 2 -0.1, 2 -0.1, 2 -0.1, 2 -0.1, 2 -0.1, 3 -0.13, 3 -0.13, 3 -0.13, 3 -0.13, 3 -0.13, 3 -0.13, 3 -0.13, 4 -0.14, 4 -0.14, 4 -0.14, 4 -0.14, 5 -0.16, 5 -0.16, 5 -0.16, 5 -0.16, 6 -0.19, 7 -0.21, 8 -0.22, 
27% 
3 9.6, 3 7.89, 4 7.38, 273 4.94, 2 -0.1, 2 -0.1, 2 -0.1, 2 -0.1, 2 -0.1, 2 -0.1, 2 -0.1, 2 -0.1, 2 -0.1, 2 -0.1, 2 -0.1, 2 -0.1, 2 -0.1, 2 -0.1, 2 -0.1, 2 -0.1, 2 -0.1, 2 -0.1, 3 -0.13, 3 -0.13, 3 -0.13, 3 -0.13, 3 -0.13, 3 -0.13, 3 -0.13, 4 -0.14, 4 -0.14, 4 -0.14, 4 -0.14, 5 -0.16, 5 -0.16, 5 -0.16, 5 -0.16, 6 -0.19, 7 -0.21, 8 -0.22, 
28% 
3 9.6, 3 7.89, 4 7.38, 264 5.05, 2 -0.1, 2 -0.1, 2 -0.1, 2 -0.1, 2 -0.1, 2 -0.1, 2 -0.1, 2 -0.1, 2 -0.1, 2 -0.1, 2 -0.1, 2 -0.1, 2 -0.1, 2 -0.1, 2 -0.1, 2 -0.1, 2 -0.1, 2 -0.1, 2 -0.1, 2 -0.1, 3 -0.13, 3 -0.13, 3 -0.13, 3 -0.13, 3 -0.13, 3 -0.13, 4 -0.14, 4 -0.14, 4 -0.14, 4 -0.14, 5 -0.16, 5 -0.16, 5 -0.16, 6 -0.19, 7 -0.21, 8 -0.22, 
29% 
3 9.6, 3 7.89, 4 7.38, 261 5.12, 2 -0.1, 2 -0.1, 2 -0.1, 2 -0.1, 2 -0.1, 2 -0.1, 2 -0.1, 2 -0.1, 2 -0.1, 2 -0.1, 2 -0.1, 2 -0.1, 2 -0.1, 2 -0.1, 2 -0.1, 2 -0.1, 2 -0.1, 2 -0.1, 2 -0.1, 2 -0.1, 3 -0.13, 3 -0.13, 3 -0.13, 3 -0.13, 3 -0.13, 3 -0.13, 4 -0.14, 4 -0.14, 4 -0.14, 5 -0.16, 5 -0.16, 5 -0.16, 6 -0.19, 7 -0.21, 8 -0.22, 
30% 
3 9.6, 3 8.2, 3 7.89, 257 5.21, 2 -0.1, 2 -0.1, 2 -0.1, 2 -0.1, 2 -0.1, 2 -0.1, 2 -0.1, 2 -0.1, 2 -0.1, 2 -0.1, 2 -0.1, 2 -0.1, 2 -0.1, 2 -0.1, 2 -0.1, 2 -0.1, 2 -0.1, 2 -0.1, 2 -0.1, 3 -0.13, 3 -0.13, 3 -0.13, 3 -0.13, 3 -0.13, 3 -0.13, 4 -0.14, 4 -0.14, 4 -0.14, 5 -0.16, 5 -0.16, 5 -0.16, 6 -0.19, 7 -0.21, 8 -0.22, 
31% 
3 9.6, 3 8.2, 3 7.89, 251 5.31, 2 -0.1, 2 -0.1, 2 -0.1, 2 -0.1, 2 -0.1, 2 -0.1, 2 -0.1, 2 -0.1, 2 -0.1, 2 -0.1, 2 -0.1, 2 -0.1, 2 -0.1, 2 -0.1, 2 -0.1, 2 -0.1, 2 -0.1, 2 -0.1, 2 -0.1, 2 -0.1, 3 -0.13, 3 -0.13, 3 -0.13, 3 -0.13, 3 -0.13, 4 -0.14, 4 -0.14, 4 -0.14, 5 -0.16, 5 -0.16, 5 -0.16, 6 -0.19, 7 -0.21, 8 -0.22, 
32% 
3 9.6, 3 8.2, 3 7.89, 238 5.53, 2 -0.1, 2 -0.1, 2 -0.1, 2 -0.1, 2 -0.1, 2 -0.1, 2 -0.1, 2 -0.1, 2 -0.1, 2 -0.1, 2 -0.1, 2 -0.1, 2 -0.1, 2 -0.1, 2 -0.1, 2 -0.1, 2 -0.1, 2 -0.1, 2 -0.1, 2 -0.1, 3 -0.13, 3 -0.13, 3 -0.13, 3 -0.13, 3 -0.13, 4 -0.14, 4 -0.14, 4 -0.14, 5 -0.16, 5 -0.16, 5 -0.16, 6 -0.19, 7 -0.21, 8 -0.22, 
33% 
3 9.6, 3 8.2, 3 7.89, 226 5.75, 2 -0.1, 2 -0.1, 2 -0.1, 2 -0.1, 2 -0.1, 2 -0.1, 2 -0.1, 2 -0.1, 2 -0.1, 2 -0.1, 2 -0.1, 2 -0.1, 2 -0.1, 2 -0.1, 2 -0.1, 2 -0.1, 2 -0.1, 2 -0.1, 2 -0.1, 3 -0.13, 3 -0.13, 3 -0.13, 3 -0.13, 3 -0.13, 4 -0.14, 4 -0.14, 4 -0.14, 5 -0.16, 5 -0.16, 5 -0.16, 6 -0.19, 7 -0.21, 8 -0.22, 
34% 
3 9.6, 3 8.2, 3 7.89, 224 5.79, 2 -0.1, 2 -0.1, 2 -0.1, 2 -0.1, 2 -0.1, 2 -0.1, 2 -0.1, 2 -0.1, 2 -0.1, 2 -0.1, 2 -0.1, 2 -0.1, 2 -0.1, 2 -0.1, 2 -0.1, 2 -0.1, 2 -0.1, 2 -0.1, 2 -0.1, 2 -0.1, 2 -0.1, 3 -0.13, 3 -0.13, 3 -0.13, 3 -0.13, 3 -0.13, 3 -0.13, 4 -0.14, 4 -0.14, 5 -0.16, 5 -0.16, 5 -0.16, 7 -0.21, 8 -0.22, 
35% 
3 9.6, 3 8.2, 3 7.89, 221 6.67, 2 -0.1, 2 -0.1, 2 -0.1, 2 -0.1, 2 -0.1, 2 -0.1, 2 -0.1, 2 -0.1, 2 -0.1, 2 -0.1, 2 -0.1, 2 -0.1, 2 -0.1, 2 -0.1, 2 -0.1, 2 -0.1, 2 -0.1, 2 -0.1, 3 -0.13, 3 -0.13, 3 -0.13, 3 -0.13, 3 -0.13, 4 -0.14, 4 -0.14, 5 -0.16, 5 -0.16, 5 -0.16, 7 -0.21, 7 -0.21, 
36% 
3 9.6, 3 8.2, 3 7.89, 223 7.33, 9 3.18, 2 -0.1, 2 -0.1, 2 -0.1, 2 -0.1, 2 -0.1, 2 -0.1, 2 -0.1, 2 -0.1, 2 -0.1, 2 -0.1, 2 -0.1, 2 -0.1, 2 -0.1, 2 -0.1, 2 -0.1, 2 -0.1, 3 -0.13, 3 -0.13, 3 -0.13, 3 -0.13, 4 -0.14, 4 -0.14, 5 -0.16, 5 -0.16, 7 -0.21, 7 -0.21, 
37% 
3 9.6, 3 8.2, 3 7.89, 221 7.37, 9 3.18, 2 -0.1, 2 -0.1, 2 -0.1, 2 -0.1, 2 -0.1, 2 -0.1, 2 -0.1, 2 -0.1, 2 -0.1, 2 -0.1, 2 -0.1, 2 -0.1, 2 -0.1, 2 -0.1, 2 -0.1, 2 -0.1, 3 -0.13, 3 -0.13, 3 -0.13, 3 -0.13, 4 -0.14, 4 -0.14, 5 -0.16, 5 -0.16, 7 -0.21, 7 -0.21, 
38% 
3 9.6, 3 8.2, 3 7.89, 217 7.44, 8 3.3, 2 -0.1, 2 -0.1, 2 -0.1, 2 -0.1, 2 -0.1, 2 -0.1, 2 -0.1, 2 -0.1, 2 -0.1, 2 -0.1, 2 -0.1, 2 -0.1, 2 -0.1, 2 -0.1, 3 -0.13, 3 -0.13, 3 -0.13, 3 -0.13, 4 -0.14, 4 -0.14, 5 -0.16, 5 -0.16, 7 -0.21, 7 -0.21, 
39% 
3 9.6, 217 8.59, 3 8.2, 3 7.89, 8 3.3, 2 -0.1, 2 -0.1, 2 -0.1, 2 -0.1, 2 -0.1, 2 -0.1, 2 -0.1, 2 -0.1, 2 -0.1, 2 -0.1, 2 -0.1, 2 -0.1, 2 -0.1, 2 -0.1, 3 -0.13, 3 -0.13, 3 -0.13, 3 -0.13, 4 -0.14, 4 -0.14, 4 -0.14, 4 -0.14, 5 -0.16, 7 -0.21, 7 -0.21, 
40% 
3 9.6, 214 8.65, 3 8.2, 3 7.89, 8 3.3, 2 -0.1, 2 -0.1, 2 -0.1, 2 -0.1, 2 -0.1, 2 -0.1, 2 -0.1, 2 -0.1, 2 -0.1, 2 -0.1, 2 -0.1, 2 -0.1, 2 -0.1, 2 -0.1, 3 -0.13, 3 -0.13, 3 -0.13, 3 -0.13, 4 -0.14, 4 -0.14, 4 -0.14, 4 -0.14, 5 -0.16, 7 -0.21, 7 -0.21, 
41% 
3 9.6, 209 8.72, 3 8.2, 3 7.89, 8 3.3, 2 -0.1, 2 -0.1, 2 -0.1, 2 -0.1, 2 -0.1, 2 -0.1, 2 -0.1, 2 -0.1, 2 -0.1, 2 -0.1, 2 -0.1, 2 -0.1, 2 -0.1, 3 -0.13, 3 -0.13, 3 -0.13, 3 -0.13, 4 -0.14, 4 -0.14, 4 -0.14, 4 -0.14, 5 -0.16, 7 -0.21, 7 -0.21, 
42% 
2 10.23, 3 9.6, 206 8.82, 3 8.2, 8 3.3, 2 -0.1, 2 -0.1, 2 -0.1, 2 -0.1, 2 -0.1, 2 -0.1, 2 -0.1, 2 -0.1, 2 -0.1, 2 -0.1, 2 -0.1, 2 -0.1, 2 -0.1, 3 -0.13, 3 -0.13, 3 -0.13, 4 -0.14, 4 -0.14, 4 -0.14, 4 -0.14, 5 -0.16, 7 -0.21, 7 -0.21, 
43% 
2 10.23, 3 9.6, 204 8.9, 3 8.2, 8 3.3, 2 -0.1, 2 -0.1, 2 -0.1, 2 -0.1, 2 -0.1, 2 -0.1, 2 -0.1, 2 -0.1, 2 -0.1, 2 -0.1, 2 -0.1, 2 -0.1, 2 -0.1, 3 -0.13, 3 -0.13, 3 -0.13, 4 -0.14, 4 -0.14, 4 -0.14, 4 -0.14, 5 -0.16, 7 -0.21, 7 -0.21, 
44% 
2 10.23, 3 9.6, 198 9.04, 3 8.2, 8 3.3, 2 -0.1, 2 -0.1, 2 -0.1, 2 -0.1, 2 -0.1, 2 -0.1, 2 -0.1, 2 -0.1, 2 -0.1, 2 -0.1, 2 -0.1, 2 -0.1, 2 -0.1, 3 -0.13, 3 -0.13, 3 -0.13, 4 -0.14, 4 -0.14, 4 -0.14, 4 -0.14, 5 -0.16, 7 -0.21, 7 -0.21, 
45% 
2 10.63, 2 10.23, 219 9.66, 8 3.3, 8 2.67, 14 2.13, 2 -0.1, 2 -0.1, 2 -0.1, 2 -0.1, 2 -0.1, 2 -0.1, 2 -0.1, 2 -0.1, 2 -0.1, 2 -0.1, 2 -0.1, 3 -0.13, 3 -0.13, 3 -0.13, 4 -0.14, 4 -0.14, 4 -0.14, 5 -0.16, 7 -0.21, 7 -0.21, 
46% 
2 10.63, 2 10.23, 212 9.84, 8 3.3, 8 2.67, 14 2.13, 2 -0.1, 2 -0.1, 2 -0.1, 2 -0.1, 2 -0.1, 2 -0.1, 2 -0.1, 2 -0.1, 2 -0.1, 2 -0.1, 2 -0.1, 3 -0.13, 3 -0.13, 3 -0.13, 4 -0.14, 4 -0.14, 4 -0.14, 5 -0.16, 7 -0.21, 7 -0.21, 
47% 
248 10.75, 2 10.63, 2 10.23, 2 -0.1, 2 -0.1, 2 -0.1, 2 -0.1, 2 -0.1, 2 -0.1, 2 -0.1, 2 -0.1, 2 -0.1, 2 -0.1, 3 -0.13, 3 -0.13, 3 -0.13, 3 -0.13, 4 -0.14, 4 -0.14, 5 -0.16, 7 -0.21, 7 -0.21, 
48% 
240 12.23, 2 10.63, 2 10.23, 2 -0.1, 2 -0.1, 2 -0.1, 2 -0.1, 2 -0.1, 2 -0.1, 2 -0.1, 2 -0.1, 2 -0.1, 2 -0.1, 2 -0.1, 3 -0.13, 3 -0.13, 3 -0.13, 3 -0.13, 4 -0.14, 5 -0.16, 7 -0.21, 7 -0.21, 
49% 
240 13.13, 2 10.63, 2 -0.1, 2 -0.1, 2 -0.1, 2 -0.1, 2 -0.1, 2 -0.1, 2 -0.1, 2 -0.1, 2 -0.1, 2 -0.1, 2 -0.1, 3 -0.13, 3 -0.13, 3 -0.13, 3 -0.13, 4 -0.14, 5 -0.16, 7 -0.21, 7 -0.21, 
50% 
230 13.54, 2 10.63, 2 -0.1, 2 -0.1, 2 -0.1, 2 -0.1, 2 -0.1, 2 -0.1, 2 -0.1, 2 -0.1, 2 -0.1, 2 -0.1, 2 -0.1, 3 -0.13, 3 -0.13, 3 -0.13, 3 -0.13, 3 -0.13, 4 -0.14, 5 -0.16, 7 -0.21, 7 -0.21, 
51% 
227 13.63, 2 10.63, 2 -0.1, 2 -0.1, 2 -0.1, 2 -0.1, 2 -0.1, 2 -0.1, 2 -0.1, 2 -0.1, 2 -0.1, 2 -0.1, 2 -0.1, 3 -0.13, 3 -0.13, 3 -0.13, 3 -0.13, 3 -0.13, 4 -0.14, 5 -0.16, 7 -0.21, 7 -0.21, 
52% 
18 14.19, 2 10.63, 204 10.19, 2 -0.1, 2 -0.1, 2 -0.1, 2 -0.1, 2 -0.1, 2 -0.1, 2 -0.1, 2 -0.1, 2 -0.1, 2 -0.1, 2 -0.1, 3 -0.13, 3 -0.13, 3 -0.13, 3 -0.13, 4 -0.14, 5 -0.16, 7 -0.21, 7 -0.21, 
53% 
18 14.19, 2 10.63, 201 10.26, 2 -0.1, 2 -0.1, 2 -0.1, 2 -0.1, 2 -0.1, 2 -0.1, 2 -0.1, 2 -0.1, 2 -0.1, 2 -0.1, 2 -0.1, 3 -0.13, 3 -0.13, 3 -0.13, 3 -0.13, 4 -0.14, 5 -0.16, 7 -0.21, 7 -0.21, 
54% 
20 15.84, 2 10.63, 193 10.47, 2 -0.1, 2 -0.1, 2 -0.1, 2 -0.1, 2 -0.1, 2 -0.1, 2 -0.1, 2 -0.1, 2 -0.1, 2 -0.1, 2 -0.1, 2 -0.1, 3 -0.13, 3 -0.13, 3 -0.13, 3 -0.13, 4 -0.14, 5 -0.16, 6 -0.19, 7 -0.21, 
55% 
21 18.81, 2 10.63, 191 10.59, 2 -0.1, 2 -0.1, 2 -0.1, 2 -0.1, 2 -0.1, 2 -0.1, 2 -0.1, 2 -0.1, 2 -0.1, 2 -0.1, 2 -0.1, 3 -0.13, 3 -0.13, 3 -0.13, 4 -0.14, 5 -0.16, 6 -0.19, 7 -0.21, 
56% 
21 18.81, 175 11.27, 2 10.63, 2 -0.1, 2 -0.1, 2 -0.1, 2 -0.1, 2 -0.1, 2 -0.1, 2 -0.1, 2 -0.1, 2 -0.1, 2 -0.1, 2 -0.1, 2 -0.1, 3 -0.13, 3 -0.13, 4 -0.14, 5 -0.16, 6 -0.19, 7 -0.21, 9 -0.23, 
57% 
21 18.81, 174 11.28, 2 10.63, 8 3.68, 2 -0.1, 2 -0.1, 2 -0.1, 2 -0.1, 2 -0.1, 2 -0.1, 2 -0.1, 2 -0.1, 2 -0.1, 2 -0.1, 2 -0.1, 2 -0.1, 3 -0.13, 3 -0.13, 4 -0.14, 5 -0.16, 5 -0.16, 9 -0.23, 
58% 
21 18.81, 173 11.36, 2 10.63, 8 3.68, 2 -0.1, 2 -0.1, 2 -0.1, 2 -0.1, 2 -0.1, 2 -0.1, 2 -0.1, 2 -0.1, 2 -0.1, 2 -0.1, 2 -0.1, 3 -0.13, 4 -0.14, 5 -0.16, 5 -0.16, 9 -0.23, 
59% 
21 18.81, 171 11.42, 2 10.63, 6 4.63, 2 -0.1, 2 -0.1, 2 -0.1, 2 -0.1, 2 -0.1, 2 -0.1, 2 -0.1, 2 -0.1, 2 -0.1, 2 -0.1, 2 -0.1, 3 -0.13, 4 -0.14, 5 -0.16, 5 -0.16, 9 -0.23, 
60% 
21 18.81, 169 11.53, 2 10.63, 6 4.63, 2 -0.1, 2 -0.1, 2 -0.1, 2 -0.1, 2 -0.1, 2 -0.1, 2 -0.1, 2 -0.1, 2 -0.1, 2 -0.1, 2 -0.1, 3 -0.13, 4 -0.14, 5 -0.16, 5 -0.16, 8 -0.22, 
61% 
21 18.81, 163 11.74, 2 10.63, 6 4.63, 2 -0.1, 2 -0.1, 2 -0.1, 2 -0.1, 2 -0.1, 2 -0.1, 2 -0.1, 2 -0.1, 2 -0.1, 2 -0.1, 2 -0.1, 3 -0.13, 3 -0.13, 4 -0.14, 4 -0.14, 5 -0.16, 8 -0.22, 
62% 
21 18.81, 161 11.78, 2 10.63, 6 4.63, 2 -0.1, 2 -0.1, 2 -0.1, 2 -0.1, 2 -0.1, 2 -0.1, 2 -0.1, 2 -0.1, 2 -0.1, 2 -0.1, 2 -0.1, 3 -0.13, 3 -0.13, 3 -0.13, 4 -0.14, 4 -0.14, 8 -0.22, 
63% 
21 18.81, 161 12.82, 2 10.63, 6 4.63, 2 -0.1, 2 -0.1, 2 -0.1, 2 -0.1, 2 -0.1, 2 -0.1, 2 -0.1, 2 -0.1, 2 -0.1, 2 -0.1, 2 -0.1, 3 -0.13, 3 -0.13, 3 -0.13, 4 -0.14, 4 -0.14, 8 -0.22, 
64% 
20 19.34, 163 14.26, 2 10.63, 6 4.63, 2 -0.1, 2 -0.1, 2 -0.1, 2 -0.1, 2 -0.1, 2 -0.1, 2 -0.1, 2 -0.1, 2 -0.1, 2 -0.1, 2 -0.1, 2 -0.1, 3 -0.13, 3 -0.13, 4 -0.14, 4 -0.14, 7 -0.21, 
65% 
184 19.66, 2 10.63, 6 4.63, 2 -0.1, 2 -0.1, 2 -0.1, 2 -0.1, 2 -0.1, 2 -0.1, 2 -0.1, 2 -0.1, 2 -0.1, 2 -0.1, 2 -0.1, 2 -0.1, 2 -0.1, 3 -0.13, 4 -0.14, 4 -0.14, 7 -0.21, 
66% 
173 20.46, 2 10.63, 6 4.63, 2 -0.1, 2 -0.1, 2 -0.1, 2 -0.1, 2 -0.1, 2 -0.1, 2 -0.1, 2 -0.1, 2 -0.1, 2 -0.1, 2 -0.1, 2 -0.1, 2 -0.1, 3 -0.13, 4 -0.14, 4 -0.14, 7 -0.21, 
67% 
180 20.94, 2 10.63, 2 -0.1, 2 -0.1, 2 -0.1, 2 -0.1, 2 -0.1, 2 -0.1, 2 -0.1, 2 -0.1, 2 -0.1, 2 -0.1, 2 -0.1, 2 -0.1, 3 -0.13, 4 -0.14, 4 -0.14, 7 -0.21, 
68% 
180 20.94, 2 10.63, 2 -0.1, 2 -0.1, 2 -0.1, 2 -0.1, 2 -0.1, 2 -0.1, 2 -0.1, 2 -0.1, 2 -0.1, 2 -0.1, 2 -0.1, 2 -0.1, 3 -0.13, 4 -0.14, 4 -0.14, 7 -0.21, 
69% 
178 21.08, 2 10.63, 2 -0.1, 2 -0.1, 2 -0.1, 2 -0.1, 2 -0.1, 2 -0.1, 2 -0.1, 2 -0.1, 2 -0.1, 2 -0.1, 2 -0.1, 2 -0.1, 3 -0.13, 4 -0.14, 4 -0.14, 7 -0.21, 
70% 
177 21.77, 2 10.63, 2 -0.1, 2 -0.1, 2 -0.1, 2 -0.1, 2 -0.1, 2 -0.1, 2 -0.1, 2 -0.1, 2 -0.1, 3 -0.13, 4 -0.14, 4 -0.14, 6 -0.19, 
71% 
177 21.77, 2 10.63, 2 -0.1, 2 -0.1, 2 -0.1, 2 -0.1, 2 -0.1, 2 -0.1, 2 -0.1, 2 -0.1, 2 -0.1, 3 -0.13, 4 -0.14, 4 -0.14, 6 -0.19, 
72% 
171 22.16, 2 10.63, 2 -0.1, 2 -0.1, 2 -0.1, 2 -0.1, 2 -0.1, 2 -0.1, 2 -0.1, 2 -0.1, 2 -0.1, 4 -0.14, 4 -0.14, 4 -0.14, 
73% 
167 22.46, 2 10.63, 2 -0.1, 2 -0.1, 2 -0.1, 2 -0.1, 2 -0.1, 2 -0.1, 2 -0.1, 2 -0.1, 4 -0.14, 4 -0.14, 4 -0.14, 
74% 
167 22.46, 2 10.63, 2 -0.1, 2 -0.1, 2 -0.1, 2 -0.1, 2 -0.1, 2 -0.1, 2 -0.1, 2 -0.1, 4 -0.14, 4 -0.14, 4 -0.14, 
75% 
163 22.73, 2 10.63, 4 5.2, 2 -0.1, 2 -0.1, 2 -0.1, 2 -0.1, 2 -0.1, 2 -0.1, 2 -0.1, 2 -0.1, 4 -0.14, 4 -0.14, 4 -0.14, 
76% 
160 22.85, 2 10.63, 4 5.2, 2 -0.1, 2 -0.1, 2 -0.1, 2 -0.1, 2 -0.1, 2 -0.1, 2 -0.1, 4 -0.14, 4 -0.14, 4 -0.14, 
77% 
164 23.47, 2 10.63, 4 5.2, 2 -0.1, 2 -0.1, 2 -0.1, 2 -0.1, 2 -0.1, 2 -0.1, 4 -0.14, 4 -0.14, 4 -0.14, 
78% 
164 23.47, 2 10.63, 4 5.2, 2 -0.1, 2 -0.1, 2 -0.1, 2 -0.1, 2 -0.1, 2 -0.1, 4 -0.14, 4 -0.14, 4 -0.14, 
79% 
163 23.55, 2 10.63, 4 5.2, 2 -0.1, 2 -0.1, 2 -0.1, 2 -0.1, 2 -0.1, 2 -0.1, 4 -0.14, 4 -0.14, 4 -0.14, 
80% 
162 23.61, 2 10.63, 3 5.78, 2 -0.1, 2 -0.1, 2 -0.1, 2 -0.1, 2 -0.1, 2 -0.1, 4 -0.14, 4 -0.14, 4 -0.14, 
81% 
160 23.67, 2 10.63, 3 5.78, 2 -0.1, 2 -0.1, 2 -0.1, 2 -0.1, 2 -0.1, 4 -0.14, 4 -0.14, 4 -0.14, 
82% 
158 23.92, 2 10.63, 3 5.78, 2 -0.1, 2 -0.1, 2 -0.1, 2 -0.1, 2 -0.1, 4 -0.14, 4 -0.14, 4 -0.14, 
83% 
158 23.92, 2 10.63, 3 5.78, 2 -0.1, 2 -0.1, 2 -0.1, 2 -0.1, 2 -0.1, 3 -0.13, 4 -0.14, 4 -0.14, 
84% 
155 24.12, 2 10.63, 3 5.78, 2 -0.1, 2 -0.1, 2 -0.1, 2 -0.1, 2 -0.1, 3 -0.13, 4 -0.14, 4 -0.14, 
85% 
153 24.25, 2 10.63, 3 5.78, 2 -0.1, 2 -0.1, 2 -0.1, 2 -0.1, 2 -0.1, 3 -0.13, 4 -0.14, 4 -0.14, 
86% 
154 25, 2 10.63, 3 5.78, 2 -0.1, 2 -0.1, 2 -0.1, 2 -0.1, 2 -0.1, 3 -0.13, 4 -0.14, 4 -0.14, 
87% 
150 25.31, 2 10.63, 3 5.78, 2 -0.1, 2 -0.1, 2 -0.1, 2 -0.1, 4 -0.14, 4 -0.14, 
88% 
148 25.5, 2 10.63, 3 5.78, 2 -0.1, 2 -0.1, 2 -0.1, 2 -0.1, 4 -0.14, 4 -0.14, 
89% 
146 25.7, 2 10.63, 3 5.78, 2 -0.1, 2 -0.1, 2 -0.1, 4 -0.14, 4 -0.14, 
90% 
142 26.1, 2 10.63, 3 5.78, 2 -0.1, 2 -0.1, 2 -0.1, 4 -0.14, 4 -0.14, 
91% 
142 26.1, 2 10.63, 3 5.78, 2 -0.1, 2 -0.1, 3 -0.13, 4 -0.14, 
92% 
139 26.35, 2 10.63, 2 7.52, 29 1.49, 2 -0.1, 2 -0.1, 3 -0.13, 4 -0.14, 
93% 
136 26.59, 2 10.63, 2 7.52, 29 1.49, 2 -0.1, 3 -0.13, 4 -0.14, 
94% 
137 27.4, 2 10.63, 24 2.32, 28 1.53, 2 -0.1, 3 -0.13, 3 -0.13, 
95% 
137 27.4, 2 10.63, 24 2.32, 28 1.53, 2 -0.1, 3 -0.13, 3 -0.13, 
96% 
137 27.4, 2 10.63, 24 2.32, 28 1.53, 2 -0.1, 3 -0.13, 3 -0.13, 
97% 
135 27.5, 2 10.63, 23 2.38, 28 1.53, 2 -0.1, 3 -0.13, 3 -0.13, 
98% 
135 27.5, 2 10.63, 23 2.38, 27 1.59, 2 -0.1, 3 -0.13, 3 -0.13, 
99% 
133 27.69, 2 10.63, 23 2.38, 25 1.67, 2 -0.1, 3 -0.13, 3 -0.13, 
100%
133 27.69, 2 10.63, 23 2.38, 23 1.75, 2 -0.1, 3 -0.13, 3 -0.13, 
