-sif=/home/safia/anaconda3/lib/R/library/pathfindR/extdata/KEGG.sif
-sig=/home/safia/Documents/pathfindR_Results(2)/active_snw_searches/Iteration_1/active_snw_search/input_for_search.txt
-method=SA
-saTemp0=1
-saTemp1=0.01
-saIter=10000
-geneInitProb=0.01
-gaPop=400
-gaIter=200
-gaThread=5
-gaMut=0
-grMaxDepth=1
-grSearchDepth=1
-grOverlap=0.5
-grSubNum=1000
2 -0.33, 3 -0.42, 4 -0.5, 6 -0.61, 
Percentage of finished job, node number and score of modules that have more than one node are as follows:
0%
1% 
2 1.87, 2 -0.33, 3 -0.42, 4 -0.5, 6 -0.61, 
2% 
2 1.87, 3 1.51, 3 1.37, 2 -0.33, 3 -0.42, 3 -0.42, 6 -0.61, 
3% 
2 4.31, 2 2.31, 2 1.87, 3 1.51, 3 1.37, 7 0.68, 2 -0.33, 3 -0.42, 3 -0.42, 
4% 
2 4.31, 2 2.31, 2 2.04, 2 1.87, 3 1.51, 3 1.37, 4 1.31, 4 1.16, 5 0.88, 7 0.68, 2 -0.33, 3 -0.42, 
5% 
2 4.31, 6 2.58, 2 2.31, 2 2.04, 2 1.87, 4 1.65, 3 1.51, 3 1.5, 3 1.37, 4 1.31, 4 1.16, 5 0.88, 7 0.68, 2 -0.33, 3 -0.42, 
6% 
2 4.31, 3 3.23, 6 2.58, 2 2.31, 2 2.12, 2 2.11, 2 2.04, 3 1.99, 2 1.99, 2 1.87, 4 1.65, 3 1.5, 3 1.37, 4 1.31, 4 1.16, 5 0.88, 7 0.68, 2 -0.33, 3 -0.42, 
7% 
2 4.31, 2 3.65, 3 3.23, 10 2.67, 2 2.31, 3 2.21, 2 2.12, 2 2.11, 2 2.04, 3 1.99, 2 1.99, 3 1.8, 4 1.65, 3 1.5, 8 1.46, 4 1.31, 4 1.16, 5 1.01, 5 0.88, 2 -0.33, 3 -0.42, 
8% 
17 4.47, 2 3.65, 3 3.23, 2 2.31, 2 2.12, 2 2.11, 2 2.04, 3 1.99, 2 1.99, 2 1.97, 3 1.8, 4 1.65, 8 1.46, 4 1.31, 4 1.16, 5 1.01, 5 0.88, 2 -0.33, 3 -0.42, 
9% 
23 5.01, 2 3.65, 2 3.57, 3 3.23, 2 2.31, 2 2.12, 2 2.11, 7 2.06, 2 2.04, 3 1.99, 2 1.99, 4 1.65, 8 1.46, 4 1.3, 4 1.16, 5 1.01, 5 0.88, 2 -0.33, 3 -0.42, 
10% 
22 5.24, 4 4.77, 2 3.65, 2 3.57, 3 3.23, 6 2.35, 2 2.31, 2 2.12, 2 2.11, 7 2.06, 2 2.04, 2 1.99, 7 1.71, 4 1.65, 4 1.3, 4 1.16, 5 1.01, 16 0.79, 2 -0.33, 3 -0.42, 
11% 
29 5.49, 4 4.77, 2 3.65, 2 3.59, 2 3.57, 3 3.23, 2 2.31, 2 2.12, 2 2.11, 2 2.09, 3 2.07, 7 2.06, 2 2.04, 2 1.99, 2 1.87, 7 1.71, 9 1.68, 4 1.3, 4 1.16, 16 0.79, 2 -0.33, 3 -0.42, 
12% 
29 5.49, 2 5.25, 4 4.77, 2 3.65, 2 3.59, 2 3.57, 3 3.23, 6 2.31, 2 2.31, 2 2.12, 2 2.11, 2 2.09, 3 2.07, 2 2.04, 2 1.99, 2 1.87, 2 1.87, 7 1.71, 9 1.68, 4 1.3, 4 1.16, 16 0.79, 2 -0.33, 3 -0.42, 
13% 
40 7.11, 2 5.25, 2 3.65, 2 3.59, 2 3.57, 3 3.23, 17 2.54, 2 2.31, 2 2.12, 2 2.11, 2 2.09, 3 2.07, 2 2.04, 2 1.99, 2 1.87, 2 1.87, 7 1.71, 17 1.6, 4 1.3, 4 1.16, 2 -0.33, 3 -0.42, 
14% 
40 7.11, 2 5.25, 3 4.01, 2 3.65, 2 3.59, 2 3.57, 3 3.23, 16 2.69, 2 2.31, 2 2.11, 2 2.09, 3 2.07, 2 2.04, 2 1.99, 2 1.87, 2 1.87, 7 1.71, 17 1.6, 4 1.3, 4 1.16, 2 -0.33, 3 -0.42, 
15% 
46 8.13, 2 5.25, 2 3.65, 2 3.59, 2 3.57, 3 3.23, 16 2.69, 2 2.31, 2 2.11, 2 2.09, 3 2.07, 2 2.04, 2 1.99, 2 1.87, 2 1.87, 7 1.71, 5 1.69, 17 1.6, 4 1.3, 4 1.16, 2 -0.33, 3 -0.42, 
16% 
44 8.35, 2 5.25, 2 3.65, 2 3.59, 2 3.57, 3 3.23, 15 2.84, 2 2.66, 2 2.31, 2 2.11, 20 2.1, 2 2.09, 2 2.04, 2 1.99, 2 1.87, 2 1.87, 7 1.71, 5 1.69, 3 1.51, 4 1.3, 4 1.16, 2 -0.33, 3 -0.42, 
17% 
34 7.34, 2 5.25, 2 3.65, 2 3.59, 2 3.57, 3 3.23, 3 3.05, 15 2.84, 2 2.66, 6 2.35, 2 2.31, 2 2.11, 20 2.1, 2 2.09, 2 2.04, 2 1.99, 2 1.87, 2 1.87, 7 1.71, 5 1.69, 3 1.67, 3 1.51, 4 1.3, 4 1.16, 2 -0.33, 3 -0.42, 
18% 
34 7.34, 2 5.25, 2 3.65, 2 3.59, 2 3.57, 3 3.23, 28 3.2, 3 3.05, 15 2.84, 2 2.66, 6 2.35, 2 2.31, 2 2.24, 2 2.11, 2 2.09, 2 2.04, 2 1.99, 2 1.87, 2 1.87, 7 1.71, 5 1.69, 3 1.67, 4 1.3, 4 1.16, 2 -0.33, 3 -0.42, 
19% 
41 9.33, 2 3.65, 2 3.59, 2 3.57, 4 3.31, 3 3.23, 28 3.2, 3 3.05, 15 2.84, 2 2.66, 6 2.35, 2 2.31, 2 2.24, 2 2.11, 2 2.09, 2 2.04, 2 1.99, 2 1.93, 2 1.87, 2 1.87, 7 1.71, 5 1.69, 4 1.3, 4 1.16, 2 -0.33, 3 -0.42, 
20% 
67 9.72, 32 3.92, 2 3.65, 2 3.59, 2 3.57, 4 3.31, 3 3.23, 3 3.05, 2 2.66, 2 2.45, 2 2.31, 2 2.24, 2 2.11, 2 2.09, 2 2.04, 2 2.03, 2 1.99, 2 1.93, 2 1.9, 2 1.87, 2 1.87, 7 1.71, 5 1.69, 4 1.3, 4 1.16, 7 0.92, 2 -0.33, 3 -0.42, 
21% 
121 10.48, 2 3.65, 2 3.59, 2 3.57, 3 3.23, 3 3.05, 2 2.66, 2 2.45, 2 2.31, 2 2.24, 2 2.11, 2 2.09, 2 2.04, 2 2.03, 2 1.99, 2 1.93, 2 1.9, 2 1.87, 2 1.87, 2 1.83, 5 1.69, 3 1.67, 4 1.16, 7 0.92, 2 -0.33, 3 -0.42, 
22% 
117 10.35, 2 3.65, 2 3.59, 2 3.57, 3 3.23, 3 3.05, 2 2.84, 2 2.66, 2 2.45, 2 2.31, 2 2.24, 2 2.11, 2 2.09, 2 2.04, 2 2.03, 2 1.99, 2 1.93, 2 1.9, 2 1.87, 2 1.87, 2 1.83, 3 1.76, 5 1.69, 5 1.33, 4 1.16, 7 0.92, 2 -0.33, 3 -0.42, 
23% 
123 10.41, 3 4.6, 2 3.65, 2 3.59, 2 3.57, 3 3.23, 3 3.05, 2 2.84, 2 2.66, 2 2.45, 2 2.31, 2 2.24, 2 2.09, 2 2.04, 2 2.03, 2 1.99, 2 1.93, 2 1.9, 2 1.87, 2 1.87, 2 1.83, 3 1.76, 6 1.56, 5 1.33, 4 1.16, 7 0.92, 7 0.91, 2 -0.33, 3 -0.42, 
24% 
123 10.41, 3 4.6, 2 3.65, 2 3.59, 2 3.57, 3 3.23, 3 3.05, 2 2.85, 2 2.84, 2 2.66, 2 2.61, 2 2.45, 2 2.31, 2 2.24, 2 2.19, 2 2.09, 2 2.04, 2 2.03, 2 1.99, 2 1.93, 2 1.9, 2 1.87, 2 1.87, 2 1.85, 2 1.83, 3 1.76, 6 1.56, 5 1.33, 4 1.16, 7 0.92, 7 0.91, 2 -0.33, 3 -0.42, 
25% 
136 12.02, 3 4.6, 2 3.65, 2 3.59, 2 3.57, 3 3.23, 3 3.05, 2 2.85, 2 2.84, 2 2.66, 2 2.61, 2 2.45, 2 2.31, 2 2.24, 2 2.19, 2 2.09, 2 2.04, 2 2.03, 2 1.99, 2 1.93, 2 1.9, 2 1.87, 2 1.87, 2 1.85, 2 1.83, 11 1.69, 6 1.56, 5 1.33, 4 1.16, 7 0.92, 2 -0.33, 3 -0.42, 
26% 
135 12.08, 3 4.6, 2 3.65, 2 3.59, 2 3.57, 3 3.23, 3 3.05, 2 2.85, 2 2.84, 2 2.66, 2 2.61, 2 2.45, 2 2.31, 2 2.24, 2 2.19, 2 2.09, 2 2.04, 2 2.03, 2 1.99, 2 1.93, 2 1.9, 2 1.87, 2 1.87, 2 1.85, 2 1.83, 11 1.69, 6 1.56, 3 1.51, 5 1.33, 6 1.08, 25 0.18, 2 -0.33, 
27% 
160 13.27, 3 4.6, 3 4.14, 2 3.65, 2 3.59, 3 3.23, 3 3.05, 2 2.85, 2 2.84, 2 2.61, 2 2.45, 2 2.31, 2 2.19, 2 2.09, 2 2.04, 2 2.03, 2 1.99, 2 1.9, 2 1.87, 2 1.87, 2 1.85, 3 1.76, 6 1.56, 3 1.51, 3 1.48, 5 1.33, 6 1.08, 25 0.18, 
28% 
166 14.4, 4 5.6, 3 4.6, 2 3.59, 3 3.23, 3 3.05, 2 2.85, 2 2.84, 2 2.61, 2 2.45, 2 2.31, 2 2.19, 2 2.09, 2 2.04, 2 2.03, 2 1.99, 2 1.9, 2 1.87, 2 1.87, 2 1.85, 3 1.76, 6 1.56, 4 1.54, 3 1.51, 3 1.48, 5 1.33, 6 1.08, 21 0.42, 
29% 
172 14.79, 4 5.6, 3 4.6, 2 3.59, 3 3.23, 2 2.85, 2 2.84, 2 2.61, 2 2.45, 2 2.31, 2 2.19, 2 2.09, 2 2.04, 2 2.03, 2 1.99, 2 1.9, 2 1.87, 2 1.87, 2 1.85, 3 1.76, 6 1.56, 4 1.54, 3 1.51, 3 1.48, 5 1.33, 6 1.08, 20 0.48, 
30% 
176 15.41, 4 5.6, 3 4.6, 2 3.76, 2 3.59, 3 3.23, 2 2.85, 2 2.84, 2 2.45, 2 2.31, 2 2.19, 2 2.09, 2 2.04, 2 2.03, 2 1.99, 2 1.9, 2 1.87, 2 1.87, 2 1.85, 3 1.76, 6 1.56, 4 1.54, 3 1.51, 3 1.48, 5 1.33, 6 1.08, 20 0.48, 
31% 
171 15.6, 4 5.6, 3 4.6, 2 3.76, 2 3.59, 3 3.23, 2 2.85, 2 2.84, 2 2.67, 2 2.45, 2 2.31, 2 2.23, 2 2.19, 2 2.09, 2 2.04, 2 2.03, 2 1.99, 2 1.9, 2 1.87, 2 1.87, 2 1.87, 2 1.85, 3 1.76, 4 1.6, 6 1.56, 4 1.54, 3 1.51, 3 1.48, 6 1.08, 20 0.48, 
32% 
172 15.86, 4 5.6, 3 4.6, 2 3.76, 2 3.59, 3 3.23, 2 2.85, 2 2.84, 2 2.67, 2 2.61, 2 2.45, 2 2.31, 2 2.23, 2 2.19, 2 2.09, 2 2.04, 2 2.03, 2 1.99, 2 1.94, 2 1.9, 2 1.87, 2 1.87, 2 1.87, 2 1.85, 3 1.76, 4 1.6, 6 1.56, 4 1.54, 3 1.51, 3 1.48, 6 1.08, 19 0.54, 
33% 
172 16.13, 4 5.6, 3 4.6, 2 3.76, 2 3.59, 3 3.23, 2 2.85, 2 2.84, 2 2.67, 2 2.61, 2 2.45, 2 2.31, 2 2.29, 2 2.23, 2 2.19, 2 2.09, 2 2.04, 2 2.03, 2 1.99, 2 1.94, 2 1.9, 2 1.87, 2 1.87, 2 1.87, 2 1.85, 4 1.6, 6 1.56, 4 1.54, 3 1.51, 3 1.48, 6 1.08, 19 0.54, 
34% 
180 16.57, 4 5.6, 6 3.7, 2 3.59, 3 3.23, 2 2.85, 2 2.84, 2 2.67, 2 2.61, 2 2.45, 2 2.31, 2 2.29, 2 2.23, 2 2.19, 2 2.09, 2 2.04, 3 2.04, 2 2.03, 2 1.99, 2 1.94, 2 1.9, 2 1.87, 2 1.87, 2 1.87, 2 1.85, 4 1.6, 6 1.56, 4 1.54, 3 1.51, 4 1.36, 6 1.08, 19 0.54, 11 0.11, 
35% 
180 17.22, 4 5.6, 6 3.7, 2 3.59, 3 3.23, 2 2.85, 2 2.84, 2 2.67, 2 2.61, 2 2.45, 2 2.31, 2 2.29, 2 2.23, 2 2.19, 2 2.09, 2 2.04, 3 2.04, 2 2.03, 2 1.99, 2 1.94, 2 1.9, 2 1.87, 2 1.87, 2 1.87, 2 1.85, 4 1.6, 6 1.56, 4 1.54, 3 1.51, 4 1.36, 6 1.08, 18 0.61, 11 0.11, 
36% 
185 17.55, 4 5.6, 6 3.7, 2 3.59, 3 3.23, 2 2.85, 2 2.84, 2 2.67, 2 2.61, 2 2.45, 2 2.31, 2 2.29, 2 2.23, 2 2.19, 2 2.09, 2 2.04, 3 2.04, 2 2.03, 2 1.99, 2 1.94, 2 1.93, 2 1.9, 2 1.87, 2 1.87, 2 1.87, 2 1.85, 4 1.6, 6 1.56, 4 1.54, 3 1.51, 19 1.45, 4 1.36, 5 1.29, 11 0.11, 
37% 
183 17.74, 4 5.6, 3 4.61, 6 3.7, 2 3.59, 3 3.23, 2 2.84, 2 2.67, 2 2.61, 2 2.45, 2 2.31, 2 2.29, 2 2.23, 2 2.19, 2 2.09, 2 2.04, 3 2.04, 2 2.03, 2 1.99, 2 1.94, 2 1.93, 2 1.9, 2 1.87, 2 1.87, 2 1.87, 2 1.85, 4 1.6, 6 1.56, 18 1.54, 4 1.54, 3 1.51, 4 1.36, 5 1.29, 11 0.11, 
38% 
188 18.24, 4 5.6, 3 4.61, 5 4.16, 2 3.59, 3 3.23, 2 2.84, 2 2.67, 2 2.61, 2 2.45, 2 2.31, 2 2.29, 2 2.23, 2 2.19, 2 2.09, 2 2.04, 3 2.04, 2 2.03, 2 1.99, 2 1.94, 2 1.93, 2 1.9, 2 1.87, 2 1.87, 2 1.87, 2 1.85, 4 1.6, 6 1.56, 18 1.54, 4 1.54, 3 1.51, 4 1.36, 5 1.29, 7 0.62, 11 0.11, 
39% 
193 18.76, 4 5.6, 3 4.61, 5 4.16, 2 3.59, 3 3.23, 2 2.84, 2 2.67, 2 2.61, 2 2.45, 2 2.31, 2 2.29, 2 2.23, 2 2.19, 2 2.04, 3 2.04, 2 2.03, 2 1.99, 2 1.94, 2 1.93, 2 1.9, 2 1.87, 2 1.87, 2 1.87, 2 1.85, 5 1.81, 4 1.6, 18 1.54, 4 1.54, 3 1.51, 4 1.36, 5 1.29, 7 0.62, 11 0.11, 
40% 
198 19.37, 4 5.6, 3 4.61, 5 4.16, 2 3.59, 3 3.23, 2 2.84, 2 2.67, 2 2.61, 2 2.45, 2 2.31, 2 2.29, 2 2.28, 2 2.23, 2 2.19, 2 2.04, 3 2.04, 2 2.03, 2 1.99, 2 1.94, 2 1.93, 2 1.9, 2 1.87, 2 1.87, 2 1.87, 2 1.85, 5 1.81, 4 1.6, 18 1.54, 4 1.54, 3 1.51, 4 1.36, 5 1.29, 7 0.62, 11 0.11, 
41% 
197 19.83, 4 5.6, 4 4.75, 3 4.61, 2 3.59, 3 3.23, 2 2.84, 2 2.67, 2 2.61, 2 2.45, 2 2.31, 2 2.29, 2 2.28, 2 2.23, 2 2.19, 2 2.04, 3 2.04, 2 2.03, 2 1.99, 2 1.94, 2 1.93, 2 1.9, 2 1.87, 2 1.87, 2 1.87, 2 1.85, 5 1.81, 4 1.6, 18 1.54, 4 1.54, 3 1.51, 4 1.36, 5 1.29, 6 1.26, 6 0.76, 10 0.19, 
42% 
196 20.24, 4 5.6, 4 4.75, 3 4.61, 2 3.59, 3 3.23, 2 2.84, 2 2.67, 2 2.61, 2 2.45, 2 2.31, 2 2.29, 2 2.28, 2 2.23, 2 2.19, 2 2.04, 3 2.04, 2 2.03, 2 1.99, 2 1.94, 2 1.93, 2 1.9, 2 1.87, 2 1.87, 2 1.87, 2 1.85, 5 1.81, 4 1.6, 4 1.56, 18 1.54, 4 1.54, 3 1.51, 4 1.36, 6 1.26, 6 0.76, 9 0.29, 
43% 
197 20.45, 4 5.6, 4 4.75, 3 4.61, 2 3.59, 3 3.23, 2 2.84, 2 2.67, 2 2.61, 2 2.61, 2 2.45, 2 2.31, 2 2.29, 2 2.28, 2 2.23, 2 2.19, 4 2.14, 2 2.04, 3 2.04, 2 2.03, 2 1.99, 2 1.99, 3 1.95, 2 1.94, 2 1.93, 2 1.9, 2 1.87, 2 1.87, 2 1.87, 2 1.85, 4 1.6, 4 1.58, 4 1.56, 18 1.54, 4 1.36, 6 1.26, 5 0.94, 9 0.29, 
44% 
197 20.7, 4 5.6, 4 4.75, 3 4.61, 2 3.59, 3 3.23, 2 2.84, 2 2.67, 2 2.61, 2 2.61, 2 2.45, 2 2.31, 2 2.29, 2 2.28, 2 2.23, 2 2.19, 4 2.14, 2 2.04, 3 2.04, 2 2.03, 2 1.99, 2 1.99, 3 1.95, 2 1.94, 2 1.93, 2 1.9, 2 1.87, 2 1.87, 2 1.87, 2 1.85, 3 1.74, 4 1.6, 4 1.58, 4 1.56, 18 1.54, 6 1.26, 4 1.17, 9 0.29, 
45% 
199 20.81, 4 5.6, 4 4.75, 3 4.61, 2 4.06, 2 3.59, 2 2.84, 2 2.67, 2 2.61, 2 2.61, 2 2.45, 2 2.31, 2 2.29, 2 2.28, 2 2.23, 2 2.19, 4 2.14, 2 2.04, 3 2.04, 2 2.03, 2 1.99, 2 1.99, 2 1.96, 3 1.95, 2 1.94, 2 1.93, 2 1.9, 2 1.87, 2 1.87, 2 1.87, 2 1.85, 3 1.74, 4 1.6, 4 1.58, 4 1.56, 18 1.54, 6 1.26, 4 1.17, 9 0.29, 
46% 
197 21.31, 4 5.6, 3 5.53, 4 4.75, 3 4.61, 2 4.06, 2 3.59, 2 2.84, 2 2.67, 2 2.61, 2 2.61, 2 2.45, 2 2.31, 2 2.29, 2 2.28, 2 2.23, 2 2.19, 4 2.14, 3 2.04, 2 2.03, 2 2, 2 1.99, 2 1.99, 2 1.96, 3 1.95, 2 1.94, 2 1.93, 2 1.9, 2 1.87, 2 1.87, 2 1.87, 2 1.85, 3 1.74, 4 1.6, 4 1.58, 4 1.56, 18 1.54, 6 1.26, 4 1.17, 9 0.29, 
47% 
192 21.67, 4 5.6, 3 5.53, 4 4.75, 3 4.61, 2 4.06, 2 3.59, 2 2.84, 2 2.67, 2 2.61, 2 2.61, 2 2.45, 2 2.31, 2 2.29, 2 2.28, 2 2.23, 2 2.19, 4 2.14, 3 2.04, 2 2.03, 2 2, 2 1.99, 2 1.99, 2 1.96, 3 1.95, 2 1.94, 2 1.93, 2 1.9, 2 1.87, 2 1.87, 2 1.87, 2 1.85, 3 1.74, 4 1.6, 4 1.58, 4 1.56, 18 1.54, 6 1.26, 4 1.17, 7 0.52, 
48% 
191 22.13, 4 5.6, 3 5.53, 4 4.75, 3 4.61, 2 4.06, 2 3.59, 2 2.84, 2 2.67, 3 2.65, 2 2.61, 2 2.61, 2 2.45, 2 2.31, 2 2.29, 2 2.28, 2 2.23, 2 2.19, 3 2.04, 2 2.03, 2 2, 2 1.99, 2 1.99, 2 1.96, 3 1.95, 2 1.94, 2 1.93, 2 1.9, 2 1.87, 2 1.87, 2 1.87, 2 1.85, 3 1.74, 4 1.6, 4 1.58, 4 1.56, 18 1.54, 6 1.26, 4 1.17, 7 0.52, 
49% 
194 22.29, 4 5.6, 3 5.53, 4 4.75, 3 4.61, 2 4.06, 2 3.59, 2 2.84, 2 2.67, 3 2.65, 2 2.61, 2 2.61, 2 2.45, 2 2.31, 2 2.29, 2 2.28, 2 2.23, 2 2.19, 3 2.04, 2 2.03, 2 2, 2 1.99, 2 1.99, 2 1.96, 3 1.95, 2 1.94, 2 1.93, 2 1.9, 2 1.87, 2 1.87, 2 1.87, 2 1.85, 3 1.74, 17 1.64, 4 1.6, 4 1.58, 4 1.56, 5 1.48, 4 1.23, 4 1.17, 7 0.52, 
50% 
196 22.79, 4 5.6, 3 5.53, 4 4.75, 3 4.61, 2 4.06, 2 3.59, 2 3.44, 2 2.84, 2 2.67, 3 2.65, 2 2.61, 2 2.61, 2 2.45, 2 2.31, 2 2.29, 2 2.28, 2 2.23, 2 2.19, 3 2.04, 2 2.03, 2 2, 2 1.99, 2 1.99, 2 1.96, 3 1.95, 2 1.94, 2 1.93, 2 1.9, 15 1.88, 2 1.87, 2 1.87, 2 1.87, 3 1.85, 2 1.85, 3 1.74, 4 1.6, 4 1.58, 4 1.56, 5 1.48, 4 1.23, 4 1.17, 5 0.86, 7 0.52, 
51% 
195 23.18, 5 6.38, 3 5.53, 4 4.75, 3 4.61, 2 4.06, 2 3.59, 2 3.44, 2 2.84, 2 2.67, 3 2.65, 2 2.61, 2 2.61, 2 2.45, 2 2.31, 2 2.29, 2 2.28, 2 2.23, 2 2.19, 3 2.04, 2 2.03, 2 2, 3 2, 2 1.99, 2 1.99, 2 1.96, 3 1.95, 2 1.94, 2 1.93, 2 1.9, 15 1.88, 2 1.87, 2 1.87, 2 1.87, 3 1.85, 2 1.85, 3 1.74, 4 1.6, 4 1.56, 5 1.48, 4 1.23, 4 1.17, 5 0.86, 7 0.52, 
52% 
197 23.91, 6 7.62, 3 5.53, 4 4.75, 3 4.61, 4 4.21, 2 4.06, 2 3.59, 2 3.44, 2 2.84, 2 2.67, 3 2.65, 2 2.61, 2 2.61, 2 2.45, 2 2.31, 2 2.29, 2 2.28, 2 2.23, 2 2.19, 3 2.04, 2 2.03, 2 2, 3 2, 2 1.99, 2 1.96, 3 1.95, 2 1.94, 2 1.93, 2 1.9, 15 1.88, 2 1.87, 2 1.87, 2 1.87, 3 1.85, 2 1.85, 3 1.74, 4 1.6, 4 1.56, 5 1.48, 4 1.23, 4 1.17, 5 0.86, 6 0.66, 
53% 
195 24.01, 6 7.62, 3 5.53, 4 4.75, 3 4.61, 4 4.21, 2 4.06, 2 3.59, 2 3.44, 2 2.84, 2 2.67, 3 2.65, 2 2.61, 2 2.61, 2 2.45, 2 2.31, 2 2.29, 2 2.28, 2 2.23, 2 2.19, 3 2.04, 2 2.03, 2 2, 3 2, 2 1.99, 3 1.97, 2 1.96, 3 1.95, 2 1.94, 2 1.93, 2 1.9, 15 1.88, 2 1.87, 2 1.87, 2 1.87, 3 1.85, 2 1.85, 3 1.74, 4 1.6, 5 1.48, 4 1.23, 4 1.17, 5 0.86, 6 0.66, 
54% 
200 24.26, 6 7.62, 3 5.6, 3 5.53, 2 5.51, 4 4.75, 3 4.61, 4 4.21, 2 4.06, 2 3.59, 2 2.84, 2 2.67, 3 2.65, 2 2.61, 2 2.61, 2 2.45, 2 2.31, 2 2.29, 2 2.28, 2 2.23, 2 2.19, 3 2.04, 2 2.03, 2 2, 3 2, 14 2, 3 1.97, 2 1.96, 3 1.95, 2 1.94, 2 1.93, 2 1.9, 2 1.87, 2 1.87, 2 1.87, 3 1.85, 2 1.85, 4 1.77, 3 1.74, 4 1.6, 4 1.23, 4 1.17, 5 0.86, 6 0.66, 
55% 
202 24.37, 6 7.62, 3 5.6, 3 5.53, 2 5.51, 4 4.75, 3 4.61, 4 4.21, 2 4.06, 2 3.59, 2 2.84, 2 2.72, 2 2.67, 3 2.65, 2 2.61, 2 2.61, 2 2.45, 2 2.31, 2 2.29, 2 2.28, 2 2.23, 2 2.19, 3 2.04, 2 2.03, 2 2, 3 2, 14 2, 3 1.97, 2 1.96, 3 1.95, 2 1.94, 2 1.93, 2 1.9, 2 1.87, 2 1.87, 2 1.87, 3 1.85, 2 1.85, 4 1.77, 3 1.74, 4 1.6, 4 1.23, 4 1.17, 5 0.86, 6 0.66, 9 0.33, 
56% 
204 24.82, 6 7.62, 3 5.6, 3 5.53, 2 5.51, 4 4.75, 3 4.61, 4 4.21, 2 4.06, 2 3.59, 2 2.84, 2 2.72, 2 2.67, 3 2.65, 2 2.61, 2 2.61, 2 2.45, 2 2.31, 2 2.29, 2 2.28, 2 2.19, 3 2.04, 2 2.03, 2 2, 3 2, 14 2, 3 1.97, 2 1.96, 3 1.95, 2 1.94, 2 1.93, 2 1.9, 2 1.87, 2 1.87, 2 1.87, 3 1.85, 2 1.85, 4 1.77, 3 1.74, 4 1.6, 4 1.23, 4 1.17, 5 0.86, 6 0.66, 9 0.33, 
57% 
203 24.84, 6 7.62, 3 5.68, 3 5.6, 3 5.53, 2 5.51, 3 4.61, 4 4.21, 2 4.06, 2 3.59, 2 2.84, 2 2.72, 2 2.67, 3 2.65, 2 2.61, 2 2.61, 2 2.45, 2 2.31, 2 2.29, 2 2.28, 2 2.19, 13 2.13, 3 2.04, 2 2.03, 2 2, 3 2, 3 1.97, 2 1.96, 3 1.95, 2 1.94, 2 1.93, 2 1.9, 2 1.87, 2 1.87, 2 1.87, 3 1.85, 2 1.85, 4 1.77, 3 1.74, 4 1.6, 4 1.23, 4 1.17, 5 0.86, 6 0.66, 9 0.33, 
58% 
210 25.53, 6 7.62, 3 5.68, 3 5.6, 3 5.53, 2 5.51, 3 4.61, 4 4.21, 2 4.06, 2 3.59, 2 2.84, 2 2.72, 2 2.67, 3 2.65, 5 2.64, 2 2.61, 2 2.61, 2 2.45, 2 2.31, 2 2.29, 2 2.28, 2 2.19, 13 2.13, 3 2.04, 2 2.03, 2 2, 3 2, 3 1.97, 2 1.96, 3 1.95, 2 1.94, 2 1.9, 2 1.87, 2 1.87, 2 1.87, 3 1.85, 2 1.85, 4 1.77, 3 1.74, 4 1.6, 4 1.23, 5 0.86, 6 0.66, 9 0.33, 
59% 
216 25.83, 6 7.62, 3 5.68, 3 5.6, 3 5.53, 3 4.61, 4 4.21, 2 4.06, 2 3.59, 2 2.84, 2 2.82, 2 2.72, 2 2.67, 3 2.65, 5 2.64, 2 2.61, 2 2.61, 2 2.45, 2 2.31, 2 2.29, 2 2.28, 2 2.19, 13 2.13, 3 2.04, 2 2.03, 2 2, 3 2, 3 1.97, 2 1.96, 3 1.95, 2 1.94, 2 1.9, 2 1.87, 2 1.87, 2 1.87, 3 1.85, 2 1.85, 4 1.77, 3 1.74, 4 1.6, 4 1.23, 5 0.86, 6 0.66, 9 0.33, 
60% 
217 26.07, 6 7.62, 3 5.68, 3 5.6, 3 5.53, 3 4.61, 4 4.21, 2 4.06, 2 3.59, 2 2.84, 2 2.82, 2 2.72, 2 2.67, 3 2.65, 5 2.64, 2 2.61, 2 2.61, 2 2.45, 2 2.31, 2 2.29, 2 2.28, 2 2.19, 13 2.13, 3 2.04, 2 2.03, 2 2, 3 2, 3 1.97, 2 1.96, 3 1.95, 2 1.94, 2 1.9, 2 1.9, 2 1.87, 2 1.87, 2 1.87, 3 1.85, 2 1.85, 4 1.77, 3 1.74, 4 1.6, 4 1.23, 5 0.86, 5 0.83, 9 0.33, 
61% 
216 26.14, 6 7.62, 3 5.68, 3 5.6, 3 5.53, 3 4.61, 4 4.21, 2 4.06, 2 3.64, 2 3.59, 2 2.84, 2 2.82, 2 2.72, 2 2.67, 3 2.65, 5 2.64, 2 2.61, 2 2.61, 2 2.45, 2 2.31, 2 2.29, 2 2.28, 12 2.27, 2 2.19, 3 2.04, 2 2.03, 2 2, 3 2, 3 1.97, 2 1.96, 3 1.95, 2 1.94, 2 1.9, 2 1.9, 2 1.87, 2 1.87, 2 1.87, 3 1.85, 2 1.85, 4 1.77, 3 1.74, 4 1.6, 4 1.23, 5 0.86, 5 0.83, 9 0.33, 
62% 
214 26.38, 6 7.62, 3 5.68, 3 5.6, 3 5.53, 3 4.61, 4 4.21, 2 4.06, 2 3.64, 2 3.59, 5 3.49, 2 2.84, 2 2.82, 2 2.72, 2 2.67, 3 2.65, 5 2.64, 2 2.61, 2 2.61, 2 2.45, 2 2.31, 2 2.29, 2 2.28, 12 2.27, 2 2.19, 3 2.04, 2 2.03, 2 2, 3 2, 3 1.97, 2 1.96, 3 1.95, 2 1.94, 2 1.9, 2 1.9, 2 1.87, 2 1.87, 2 1.87, 3 1.85, 2 1.85, 4 1.77, 3 1.74, 4 1.23, 5 0.86, 5 0.83, 9 0.33, 
63% 
216 26.71, 6 7.62, 3 5.68, 3 5.6, 3 5.53, 3 4.61, 2 4.36, 4 4.21, 2 4.06, 2 3.64, 2 3.59, 5 3.49, 2 2.84, 2 2.82, 2 2.72, 2 2.67, 3 2.65, 5 2.64, 2 2.61, 2 2.61, 2 2.45, 2 2.31, 2 2.29, 2 2.28, 12 2.27, 2 2.19, 3 2.04, 2 2.03, 2 2, 3 2, 3 1.97, 2 1.96, 3 1.95, 2 1.94, 2 1.9, 2 1.9, 2 1.87, 2 1.87, 2 1.87, 3 1.85, 2 1.85, 4 1.77, 3 1.74, 4 1.23, 5 0.86, 5 0.83, 9 0.33, 
64% 
214 26.95, 6 7.62, 3 5.68, 3 5.6, 3 5.53, 3 4.61, 2 4.36, 4 4.21, 2 4.06, 2 3.64, 2 3.59, 5 3.49, 2 2.84, 2 2.82, 2 2.72, 2 2.67, 3 2.65, 5 2.64, 2 2.61, 2 2.61, 2 2.45, 2 2.31, 2 2.29, 2 2.28, 12 2.27, 2 2.19, 3 2.04, 2 2.03, 2 2, 3 2, 3 1.97, 2 1.96, 3 1.95, 2 1.94, 2 1.9, 2 1.9, 2 1.87, 2 1.87, 2 1.87, 3 1.85, 2 1.85, 4 1.77, 3 1.74, 4 1.23, 5 0.86, 5 0.83, 9 0.33, 
65% 
217 27.18, 6 7.62, 3 5.68, 3 5.6, 3 5.53, 3 4.61, 2 4.36, 4 4.21, 2 4.06, 2 3.64, 2 3.59, 5 3.49, 2 3.35, 2 2.84, 2 2.82, 2 2.72, 2 2.67, 5 2.64, 2 2.61, 2 2.61, 2 2.45, 2 2.4, 2 2.31, 2 2.29, 2 2.28, 12 2.27, 2 2.19, 3 2.04, 2 2.03, 2 2, 3 2, 3 1.97, 2 1.96, 3 1.95, 2 1.94, 2 1.9, 2 1.9, 2 1.87, 2 1.87, 2 1.87, 2 1.85, 3 1.74, 4 1.23, 5 0.86, 5 0.83, 9 0.33, 
66% 
216 27.62, 6 7.62, 3 5.68, 3 5.6, 3 5.53, 3 4.61, 2 4.36, 4 4.21, 2 4.06, 2 3.64, 2 3.59, 5 3.49, 2 3.35, 2 2.84, 2 2.82, 2 2.72, 2 2.67, 5 2.64, 2 2.61, 2 2.61, 2 2.45, 2 2.4, 2 2.31, 2 2.29, 2 2.28, 12 2.27, 2 2.19, 3 2.04, 2 2.03, 2 2, 3 2, 3 1.97, 2 1.96, 3 1.95, 2 1.94, 2 1.9, 2 1.9, 2 1.87, 2 1.87, 2 1.87, 2 1.85, 3 1.74, 4 1.23, 5 0.86, 5 0.83, 9 0.33, 
67% 
215 27.72, 6 7.62, 3 5.68, 3 5.6, 3 5.53, 3 4.61, 2 4.36, 4 4.21, 2 4.06, 2 3.64, 2 3.59, 5 3.49, 2 3.35, 2 2.84, 2 2.82, 2 2.72, 2 2.67, 5 2.64, 2 2.61, 2 2.61, 2 2.45, 2 2.4, 2 2.31, 2 2.29, 2 2.28, 12 2.27, 2 2.19, 3 2.04, 2 2.03, 2 2, 3 2, 3 1.97, 2 1.96, 3 1.95, 2 1.94, 2 1.9, 2 1.9, 2 1.87, 2 1.87, 2 1.87, 2 1.85, 3 1.74, 4 1.23, 5 0.86, 5 0.83, 9 0.33, 
68% 
214 28.14, 6 7.62, 3 5.68, 3 5.6, 3 5.53, 3 4.61, 2 4.36, 4 4.21, 2 4.06, 2 3.64, 2 3.59, 5 3.49, 2 3.35, 2 2.84, 2 2.82, 2 2.72, 2 2.67, 5 2.64, 2 2.61, 2 2.61, 2 2.45, 2 2.4, 2 2.31, 2 2.29, 2 2.28, 12 2.27, 2 2.19, 3 2.04, 2 2.03, 2 2, 3 2, 3 1.97, 2 1.96, 3 1.95, 2 1.94, 2 1.9, 2 1.9, 2 1.87, 2 1.87, 2 1.87, 2 1.85, 3 1.74, 4 1.23, 5 0.86, 5 0.83, 9 0.33, 
69% 
211 28.39, 6 7.62, 3 5.68, 3 5.6, 3 5.53, 3 4.61, 2 4.36, 4 4.21, 2 4.06, 2 3.64, 2 3.59, 5 3.49, 2 3.35, 2 2.84, 2 2.82, 2 2.72, 2 2.67, 5 2.64, 2 2.61, 2 2.61, 2 2.45, 2 2.4, 2 2.31, 2 2.29, 2 2.28, 12 2.27, 2 2.19, 3 2.04, 2 2.03, 2 2, 3 2, 3 1.97, 2 1.96, 3 1.95, 2 1.94, 2 1.9, 2 1.9, 2 1.87, 2 1.87, 2 1.87, 2 1.85, 3 1.74, 4 1.23, 5 0.86, 5 0.83, 9 0.33, 
70% 
210 28.45, 6 7.62, 3 5.68, 3 5.6, 3 5.53, 3 4.61, 2 4.36, 4 4.21, 2 4.06, 2 3.64, 2 3.59, 5 3.49, 2 3.35, 2 2.84, 2 2.82, 2 2.72, 2 2.67, 5 2.64, 2 2.61, 2 2.61, 2 2.45, 2 2.4, 2 2.31, 2 2.29, 2 2.28, 12 2.27, 2 2.19, 3 2.04, 2 2.03, 2 2, 3 2, 3 1.97, 2 1.96, 3 1.95, 2 1.94, 2 1.9, 2 1.9, 2 1.87, 2 1.87, 2 1.87, 2 1.85, 3 1.74, 10 1.35, 4 1.23, 5 0.86, 5 0.83, 
71% 
209 28.47, 6 7.62, 3 5.68, 3 5.6, 3 5.53, 3 4.61, 2 4.36, 4 4.21, 2 4.06, 2 3.64, 2 3.59, 5 3.49, 2 3.35, 2 2.84, 2 2.82, 2 2.72, 2 2.67, 5 2.64, 2 2.61, 2 2.61, 2 2.45, 2 2.4, 2 2.31, 2 2.29, 2 2.28, 12 2.27, 2 2.19, 3 2.04, 2 2.03, 2 2, 3 2, 3 1.97, 2 1.96, 3 1.95, 2 1.94, 2 1.9, 2 1.9, 2 1.87, 2 1.87, 2 1.87, 2 1.85, 3 1.74, 12 1.56, 10 1.35, 4 1.23, 5 0.86, 5 0.83, 
72% 
209 28.69, 6 7.62, 3 5.68, 3 5.6, 3 5.53, 3 4.61, 2 4.36, 4 4.21, 2 4.06, 2 3.64, 2 3.59, 5 3.49, 2 3.35, 2 2.84, 2 2.82, 2 2.72, 2 2.67, 5 2.64, 2 2.61, 2 2.61, 2 2.45, 2 2.4, 2 2.31, 2 2.29, 2 2.28, 12 2.27, 2 2.19, 3 2.04, 2 2.03, 2 2, 3 2, 3 1.97, 2 1.96, 3 1.95, 2 1.94, 2 1.9, 2 1.9, 2 1.87, 2 1.87, 2 1.87, 2 1.85, 3 1.74, 12 1.56, 9 1.51, 4 1.23, 4 1.05, 5 0.86, 
73% 
209 28.69, 6 7.62, 3 5.68, 3 5.6, 3 5.53, 3 4.61, 2 4.36, 4 4.21, 2 4.06, 2 3.64, 2 3.59, 5 3.49, 2 3.35, 2 2.84, 2 2.82, 2 2.72, 2 2.67, 5 2.64, 2 2.61, 2 2.61, 2 2.45, 2 2.4, 2 2.31, 2 2.29, 2 2.28, 12 2.27, 2 2.19, 2 2.13, 3 2.04, 2 2.03, 2 2, 3 2, 3 1.97, 2 1.96, 3 1.95, 2 1.94, 2 1.9, 2 1.9, 2 1.87, 2 1.87, 2 1.87, 2 1.85, 3 1.74, 12 1.56, 9 1.51, 4 1.23, 4 1.05, 5 0.86, 
74% 
217 29.01, 6 7.62, 3 5.68, 3 5.6, 3 5.53, 3 5.05, 3 4.61, 2 4.36, 2 4.06, 4 4.01, 2 3.64, 2 3.59, 2 2.84, 2 2.82, 2 2.72, 2 2.67, 5 2.64, 2 2.62, 2 2.61, 2 2.61, 2 2.51, 2 2.45, 2 2.4, 2 2.31, 2 2.29, 2 2.28, 12 2.27, 2 2.26, 2 2.19, 2 2.13, 2 2.03, 2 2, 3 2, 3 1.97, 2 1.96, 2 1.94, 2 1.9, 2 1.9, 2 1.87, 2 1.87, 2 1.87, 2 1.85, 11 1.7, 9 1.51, 4 1.23, 5 0.86, 
75% 
215 29.19, 6 7.62, 3 5.68, 3 5.6, 3 5.53, 3 5.05, 3 4.61, 2 4.36, 2 4.06, 4 4.01, 2 3.9, 2 3.64, 2 3.59, 4 3.06, 2 2.84, 2 2.82, 5 2.77, 2 2.72, 2 2.67, 2 2.62, 2 2.61, 2 2.52, 2 2.51, 2 2.45, 2 2.4, 2 2.31, 2 2.29, 2 2.28, 12 2.27, 2 2.26, 2 2.19, 2 2.13, 3 2.09, 2 2.03, 2 2, 3 2, 3 1.97, 2 1.96, 2 1.94, 2 1.9, 2 1.87, 2 1.87, 2 1.87, 2 1.85, 11 1.7, 9 1.51, 4 1.23, 5 0.86, 
76% 
213 29.38, 6 7.62, 3 5.68, 3 5.6, 3 5.53, 3 5.05, 3 4.61, 2 4.36, 2 4.06, 4 4.01, 2 3.9, 2 3.64, 2 3.59, 4 3.06, 2 2.84, 2 2.82, 5 2.77, 2 2.72, 2 2.67, 2 2.62, 2 2.61, 2 2.52, 2 2.51, 2 2.45, 2 2.4, 2 2.31, 2 2.29, 2 2.28, 12 2.27, 2 2.26, 2 2.19, 2 2.13, 3 2.09, 2 2.03, 2 2, 3 2, 3 1.97, 2 1.96, 2 1.94, 2 1.9, 2 1.87, 2 1.87, 2 1.87, 2 1.85, 11 1.7, 9 1.51, 4 1.23, 5 0.86, 
77% 
221 29.87, 6 7.62, 3 5.68, 3 5.53, 3 5.05, 3 4.61, 2 4.36, 2 4.06, 4 4.01, 2 3.9, 2 3.64, 2 3.59, 4 3.06, 2 2.84, 2 2.82, 5 2.77, 2 2.72, 2 2.67, 2 2.62, 2 2.61, 2 2.52, 2 2.51, 2 2.45, 2 2.4, 2 2.31, 2 2.29, 2 2.28, 12 2.27, 2 2.26, 2 2.19, 2 2.13, 3 2.09, 2 2.03, 2 2, 3 2, 3 1.97, 2 1.96, 2 1.94, 2 1.9, 2 1.87, 2 1.87, 2 1.87, 2 1.85, 11 1.7, 9 1.51, 4 1.23, 5 0.86, 
78% 
226 29.91, 6 7.62, 3 5.68, 3 5.53, 3 5.05, 3 4.61, 2 4.36, 2 4.06, 4 4.01, 2 3.9, 2 3.64, 2 3.59, 2 2.84, 2 2.82, 5 2.77, 2 2.72, 2 2.67, 2 2.62, 2 2.61, 2 2.52, 2 2.51, 2 2.45, 2 2.4, 2 2.31, 2 2.29, 2 2.28, 12 2.27, 2 2.26, 2 2.19, 2 2.13, 3 2.09, 2 2.03, 2 2, 3 2, 3 1.97, 2 1.96, 2 1.94, 2 1.9, 2 1.87, 2 1.87, 2 1.87, 2 1.85, 11 1.7, 9 1.51, 4 1.23, 4 1.12, 5 0.86, 
79% 
226 29.91, 6 7.62, 3 5.68, 3 5.53, 3 5.05, 3 4.61, 2 4.36, 2 4.06, 4 4.01, 2 3.9, 2 3.64, 2 3.59, 2 2.84, 2 2.82, 5 2.77, 2 2.72, 2 2.67, 2 2.62, 2 2.61, 2 2.52, 2 2.51, 2 2.45, 2 2.4, 2 2.31, 2 2.29, 2 2.28, 12 2.27, 2 2.26, 3 2.2, 2 2.19, 2 2.13, 3 2.09, 2 2.03, 2 2, 3 2, 3 1.97, 2 1.96, 2 1.94, 2 1.9, 2 1.87, 2 1.87, 2 1.87, 2 1.85, 11 1.7, 8 1.66, 4 1.23, 4 1.12, 5 0.86, 
80% 
229 30.2, 6 7.62, 3 5.68, 3 5.53, 3 4.61, 2 4.36, 2 4.06, 4 4.01, 2 3.9, 2 3.64, 2 3.59, 2 2.84, 2 2.82, 5 2.77, 9 2.74, 2 2.72, 2 2.67, 2 2.62, 2 2.61, 2 2.52, 2 2.51, 2 2.45, 2 2.4, 2 2.31, 2 2.29, 2 2.28, 12 2.27, 2 2.26, 3 2.2, 2 2.19, 2 2.13, 3 2.09, 2 2.03, 2 2, 3 2, 3 1.97, 2 1.96, 2 1.94, 2 1.9, 2 1.87, 2 1.87, 2 1.87, 2 1.85, 11 1.7, 4 1.23, 4 1.12, 5 0.86, 
81% 
227 30.44, 6 7.62, 3 5.68, 3 5.53, 3 4.61, 2 4.36, 2 4.06, 4 4.01, 2 3.9, 2 3.64, 2 3.59, 2 2.84, 2 2.82, 5 2.77, 9 2.74, 2 2.72, 2 2.67, 2 2.62, 2 2.61, 2 2.52, 2 2.51, 2 2.45, 2 2.4, 2 2.31, 2 2.29, 2 2.28, 12 2.27, 2 2.26, 3 2.2, 2 2.19, 2 2.13, 3 2.09, 2 2.03, 2 2, 3 2, 3 1.97, 2 1.96, 2 1.94, 2 1.9, 2 1.87, 2 1.87, 2 1.87, 2 1.85, 11 1.7, 4 1.23, 4 1.12, 5 0.86, 15 0.27, 
82% 
228 30.8, 6 7.62, 3 5.68, 3 5.53, 3 4.61, 2 4.36, 2 4.06, 4 4.01, 2 3.9, 2 3.64, 2 3.59, 2 2.84, 2 2.82, 5 2.77, 9 2.74, 2 2.72, 2 2.67, 2 2.62, 2 2.61, 2 2.52, 2 2.51, 2 2.45, 2 2.4, 2 2.31, 2 2.29, 2 2.28, 12 2.27, 2 2.26, 3 2.2, 2 2.19, 2 2.13, 3 2.09, 2 2.03, 2 2, 3 2, 3 1.97, 2 1.96, 2 1.94, 2 1.9, 2 1.87, 2 1.87, 2 1.87, 2 1.85, 11 1.7, 4 1.23, 4 1.12, 16 1, 5 0.86, 
83% 
226 31.06, 6 7.62, 3 5.68, 3 5.53, 3 4.61, 2 4.36, 2 4.06, 4 4.01, 2 3.9, 2 3.64, 2 3.59, 2 2.84, 2 2.82, 5 2.77, 9 2.74, 2 2.72, 2 2.67, 2 2.62, 2 2.61, 2 2.52, 2 2.51, 2 2.45, 2 2.4, 2 2.31, 2 2.29, 2 2.28, 12 2.27, 2 2.26, 3 2.2, 2 2.19, 2 2.13, 3 2.09, 2 2.03, 2 2, 3 2, 3 1.97, 2 1.96, 2 1.94, 2 1.9, 2 1.87, 2 1.87, 2 1.87, 10 1.85, 2 1.85, 4 1.23, 4 1.12, 16 1, 5 0.86, 
84% 
225 31.18, 6 7.62, 3 5.68, 3 5.53, 3 4.61, 2 4.36, 2 4.06, 4 4.01, 2 3.9, 2 3.64, 2 3.59, 8 2.95, 2 2.84, 2 2.82, 5 2.77, 2 2.72, 2 2.67, 2 2.62, 2 2.61, 2 2.52, 2 2.51, 2 2.45, 2 2.4, 2 2.31, 2 2.29, 2 2.28, 12 2.27, 2 2.26, 3 2.2, 2 2.19, 2 2.13, 3 2.09, 9 2.04, 2 2.03, 2 2, 3 2, 3 1.97, 2 1.96, 2 1.94, 2 1.9, 2 1.87, 2 1.87, 2 1.87, 2 1.85, 4 1.23, 4 1.12, 16 1, 5 0.86, 
85% 
223 31.34, 6 7.62, 3 5.68, 3 5.53, 3 4.61, 2 4.36, 2 4.06, 4 4.01, 2 3.9, 2 3.64, 2 3.59, 8 2.95, 2 2.84, 2 2.82, 5 2.77, 2 2.72, 2 2.67, 2 2.62, 2 2.61, 2 2.52, 2 2.51, 2 2.45, 11 2.44, 2 2.4, 2 2.31, 2 2.29, 2 2.28, 2 2.26, 3 2.2, 2 2.19, 2 2.13, 3 2.09, 9 2.04, 2 2.03, 2 2, 3 2, 3 1.97, 2 1.96, 2 1.94, 2 1.9, 2 1.87, 2 1.87, 2 1.87, 2 1.85, 4 1.36, 4 1.23, 4 1.12, 16 1, 5 0.86, 
86% 
225 31.71, 6 7.62, 3 5.68, 3 5.53, 3 4.61, 2 4.36, 2 4.06, 4 4.01, 2 3.9, 2 3.64, 2 3.59, 8 2.95, 9 2.85, 2 2.84, 2 2.82, 5 2.77, 2 2.72, 2 2.67, 2 2.62, 2 2.61, 2 2.52, 2 2.51, 2 2.45, 2 2.4, 2 2.31, 2 2.29, 2 2.28, 2 2.26, 3 2.2, 2 2.19, 2 2.13, 3 2.09, 9 2.04, 2 2.03, 2 2, 3 2, 3 1.97, 2 1.96, 2 1.94, 2 1.9, 2 1.87, 2 1.87, 2 1.87, 2 1.85, 4 1.36, 4 1.23, 4 1.12, 15 1.09, 5 0.86, 
87% 
224 31.73, 6 7.62, 3 5.68, 3 5.53, 3 4.61, 2 4.36, 2 4.06, 4 4.01, 2 3.9, 2 3.64, 2 3.59, 8 2.95, 5 2.95, 9 2.85, 2 2.84, 2 2.82, 5 2.77, 2 2.72, 2 2.67, 2 2.62, 2 2.61, 2 2.52, 2 2.51, 2 2.45, 2 2.4, 2 2.31, 2 2.29, 2 2.28, 2 2.26, 3 2.2, 2 2.19, 2 2.13, 3 2.09, 9 2.04, 2 2.03, 2 2, 3 2, 3 1.97, 2 1.96, 2 1.94, 2 1.9, 2 1.87, 2 1.87, 2 1.87, 2 1.85, 4 1.36, 4 1.23, 15 1.09, 5 0.86, 
88% 
224 31.73, 6 7.62, 3 5.68, 3 5.53, 3 4.61, 2 4.36, 2 4.06, 4 4.01, 2 3.9, 2 3.64, 2 3.59, 8 2.95, 5 2.95, 9 2.85, 2 2.84, 2 2.82, 5 2.77, 2 2.72, 2 2.67, 2 2.62, 2 2.61, 2 2.52, 2 2.51, 2 2.45, 2 2.4, 2 2.31, 2 2.29, 2 2.28, 2 2.26, 3 2.2, 2 2.19, 2 2.13, 3 2.09, 9 2.04, 2 2.03, 2 2, 3 2, 3 1.97, 2 1.96, 2 1.94, 2 1.9, 2 1.87, 2 1.87, 2 1.87, 2 1.85, 4 1.36, 4 1.23, 15 1.09, 5 0.86, 
89% 
223 31.87, 6 7.62, 3 5.68, 3 5.53, 3 4.61, 2 4.36, 2 4.06, 4 4.01, 2 3.9, 2 3.64, 2 3.59, 4 3.21, 8 2.95, 5 2.95, 9 2.85, 2 2.84, 2 2.82, 2 2.72, 2 2.67, 2 2.62, 2 2.61, 2 2.52, 2 2.51, 2 2.45, 2 2.4, 2 2.31, 2 2.29, 2 2.28, 2 2.26, 3 2.2, 2 2.19, 2 2.13, 3 2.09, 9 2.04, 2 2.03, 2 2, 3 2, 3 1.97, 2 1.96, 2 1.94, 2 1.9, 2 1.87, 2 1.87, 2 1.87, 2 1.85, 4 1.36, 4 1.23, 15 1.09, 4 1.08, 
90% 
225 31.98, 6 7.62, 3 5.68, 3 5.53, 3 4.61, 2 4.36, 2 4.06, 4 4.01, 2 3.9, 2 3.64, 2 3.59, 4 3.21, 8 2.95, 5 2.95, 9 2.85, 2 2.84, 2 2.82, 2 2.72, 2 2.67, 2 2.62, 2 2.61, 2 2.52, 2 2.51, 2 2.45, 2 2.31, 2 2.29, 2 2.28, 2 2.26, 8 2.22, 3 2.2, 2 2.19, 2 2.13, 3 2.09, 2 2.03, 2 2, 3 2, 3 1.97, 2 1.96, 2 1.94, 2 1.9, 2 1.87, 2 1.87, 2 1.87, 2 1.85, 4 1.36, 4 1.23, 15 1.09, 4 1.08, 
91% 
225 31.98, 6 7.62, 3 5.68, 3 5.53, 3 4.61, 2 4.36, 2 4.06, 4 4.01, 2 3.9, 2 3.64, 2 3.59, 4 3.21, 8 2.95, 5 2.95, 9 2.85, 2 2.84, 2 2.82, 2 2.72, 2 2.67, 2 2.62, 2 2.61, 2 2.52, 2 2.51, 2 2.45, 2 2.31, 2 2.29, 2 2.28, 2 2.26, 8 2.22, 3 2.2, 2 2.19, 2 2.13, 3 2.09, 2 2.03, 2 2, 3 2, 3 1.97, 2 1.96, 2 1.94, 2 1.9, 2 1.87, 2 1.87, 2 1.87, 2 1.85, 4 1.36, 4 1.23, 15 1.09, 4 1.08, 
92% 
225 31.98, 6 7.62, 3 5.68, 3 5.53, 3 4.61, 2 4.36, 2 4.06, 4 4.01, 2 3.9, 2 3.64, 2 3.59, 4 3.21, 8 2.95, 5 2.95, 9 2.85, 2 2.84, 2 2.82, 2 2.72, 2 2.67, 2 2.62, 2 2.61, 2 2.52, 2 2.51, 2 2.45, 2 2.33, 2 2.31, 2 2.29, 2 2.28, 2 2.26, 8 2.22, 3 2.2, 2 2.19, 2 2.13, 3 2.09, 2 2.03, 2 2, 3 2, 3 1.97, 2 1.96, 2 1.94, 2 1.9, 2 1.87, 2 1.87, 2 1.87, 2 1.85, 4 1.36, 4 1.23, 15 1.09, 4 1.08, 
93% 
226 32.19, 6 7.62, 3 5.68, 3 5.53, 3 4.61, 2 4.36, 2 4.06, 4 4.01, 2 3.9, 2 3.64, 2 3.59, 7 3.33, 4 3.21, 5 2.95, 9 2.85, 2 2.84, 2 2.82, 2 2.72, 2 2.67, 2 2.62, 2 2.61, 2 2.52, 2 2.51, 2 2.45, 2 2.33, 2 2.31, 2 2.29, 2 2.28, 2 2.26, 8 2.22, 3 2.2, 2 2.19, 2 2.13, 3 2.09, 2 2.03, 2 2, 3 2, 3 1.97, 2 1.96, 2 1.94, 2 1.9, 2 1.87, 2 1.87, 2 1.87, 2 1.85, 4 1.36, 4 1.23, 15 1.09, 4 1.08, 
94% 
226 32.19, 6 7.62, 3 5.68, 3 5.53, 3 4.61, 2 4.36, 2 4.06, 4 4.01, 2 3.9, 2 3.64, 2 3.59, 7 3.33, 4 3.21, 5 2.95, 9 2.85, 2 2.84, 2 2.82, 26 2.79, 2 2.72, 2 2.67, 2 2.62, 2 2.61, 2 2.52, 2 2.51, 2 2.45, 2 2.33, 2 2.31, 2 2.29, 2 2.28, 2 2.26, 3 2.2, 2 2.19, 2 2.13, 3 2.09, 2 2.03, 2 2, 3 2, 3 1.97, 2 1.96, 2 1.94, 2 1.9, 2 1.87, 2 1.87, 2 1.87, 2 1.85, 4 1.36, 4 1.23, 4 1.08, 
95% 
226 32.19, 6 7.62, 3 5.68, 3 5.53, 3 4.61, 2 4.36, 2 4.06, 4 4.01, 2 3.9, 2 3.64, 2 3.59, 7 3.33, 4 3.21, 8 3.06, 5 2.95, 2 2.84, 2 2.82, 26 2.79, 2 2.72, 2 2.67, 2 2.62, 2 2.61, 2 2.52, 2 2.51, 2 2.45, 2 2.33, 2 2.31, 2 2.29, 2 2.28, 2 2.26, 3 2.2, 2 2.19, 2 2.13, 3 2.09, 2 2.03, 2 2, 3 2, 3 1.97, 2 1.96, 2 1.94, 2 1.9, 2 1.87, 2 1.87, 2 1.87, 2 1.85, 4 1.36, 4 1.23, 4 1.08, 5 0.95, 
96% 
224 32.33, 6 7.62, 3 5.68, 3 5.53, 3 4.61, 2 4.36, 2 4.06, 4 4.01, 2 3.9, 2 3.64, 2 3.59, 5 3.47, 7 3.33, 4 3.21, 8 3.06, 5 2.95, 2 2.84, 2 2.82, 26 2.79, 2 2.72, 2 2.67, 2 2.62, 2 2.61, 2 2.52, 2 2.51, 2 2.45, 2 2.33, 2 2.31, 2 2.29, 2 2.28, 2 2.26, 3 2.2, 2 2.19, 2 2.13, 3 2.09, 2 2.03, 2 2, 3 2, 3 1.97, 2 1.96, 2 1.94, 2 1.9, 2 1.87, 2 1.87, 2 1.87, 2 1.85, 4 1.23, 4 1.08, 5 0.95, 
97% 
224 32.33, 6 7.62, 3 5.68, 3 5.53, 3 4.61, 2 4.36, 2 4.06, 4 4.01, 2 3.9, 2 3.64, 2 3.59, 5 3.47, 4 3.4, 7 3.33, 4 3.21, 8 3.06, 25 2.93, 2 2.84, 2 2.82, 2 2.72, 2 2.67, 2 2.62, 2 2.61, 2 2.52, 2 2.51, 2 2.45, 2 2.33, 2 2.31, 2 2.29, 2 2.28, 2 2.26, 3 2.2, 2 2.19, 2 2.13, 3 2.09, 2 2.03, 2 2, 3 2, 3 1.97, 2 1.96, 2 1.94, 2 1.9, 2 1.87, 2 1.87, 2 1.87, 2 1.85, 4 1.23, 4 1.08, 5 0.95, 
98% 
227 32.38, 6 7.62, 3 5.68, 3 5.53, 3 4.61, 2 4.36, 2 4.06, 4 4.01, 2 3.9, 2 3.64, 2 3.59, 5 3.47, 4 3.4, 7 3.33, 4 3.21, 8 3.06, 24 3.03, 2 2.84, 2 2.82, 2 2.72, 2 2.67, 2 2.62, 2 2.61, 2 2.52, 2 2.51, 2 2.45, 2 2.33, 2 2.31, 2 2.29, 2 2.28, 2 2.26, 3 2.2, 2 2.19, 2 2.13, 3 2.09, 2 2.03, 2 2, 3 2, 3 1.97, 2 1.96, 2 1.94, 2 1.9, 2 1.87, 2 1.87, 2 1.87, 2 1.85, 4 1.23, 4 1.08, 5 0.95, 
99% 
229 32.5, 6 7.62, 3 5.68, 3 5.53, 3 4.61, 2 4.36, 2 4.06, 4 4.01, 2 3.9, 2 3.64, 2 3.59, 5 3.47, 4 3.4, 7 3.33, 22 3.31, 4 3.21, 8 3.06, 2 2.84, 2 2.82, 2 2.72, 2 2.67, 2 2.62, 2 2.61, 2 2.52, 2 2.51, 2 2.45, 2 2.33, 2 2.31, 2 2.29, 2 2.28, 2 2.26, 3 2.2, 2 2.19, 2 2.13, 3 2.09, 2 2.03, 2 2, 3 2, 3 1.97, 2 1.96, 2 1.94, 2 1.9, 2 1.87, 2 1.87, 2 1.87, 2 1.85, 4 1.23, 4 1.19, 4 1.08, 
100%
225 32.77, 6 7.62, 3 5.68, 3 5.53, 3 4.61, 2 4.36, 2 4.06, 4 4.01, 2 3.9, 2 3.64, 2 3.59, 5 3.47, 21 3.46, 4 3.4, 7 3.33, 4 3.21, 8 3.06, 2 2.84, 2 2.82, 2 2.72, 2 2.67, 2 2.62, 2 2.61, 2 2.52, 2 2.51, 2 2.45, 2 2.43, 2 2.33, 2 2.31, 2 2.29, 2 2.28, 2 2.26, 3 2.2, 2 2.19, 2 2.13, 3 2.09, 2 2.03, 2 2, 3 2, 3 1.97, 2 1.96, 2 1.94, 2 1.9, 2 1.87, 2 1.87, 2 1.87, 2 1.85, 4 1.23, 4 1.19, 4 1.08, 
