-sif=/home/safia/anaconda3/lib/R/library/pathfindR/extdata/KEGG.sif
-sig=/home/safia/Documents/pathfindR_Results(2)/active_snw_searches/Iteration_5/active_snw_search/input_for_search.txt
-method=SA
-saTemp0=1
-saTemp1=0.01
-saIter=10000
-geneInitProb=0.0944444444444444
-gaPop=400
-gaIter=200
-gaThread=5
-gaMut=0
-grMaxDepth=1
-grSearchDepth=1
-grOverlap=0.5
-grSubNum=1000
6 3.21, 6 3.18, 2 3.02, 2 2.65, 2 2.62, 8 0.81, 216 -0.3, 2 -0.32, 2 -0.32, 2 -0.32, 2 -0.32, 2 -0.32, 2 -0.32, 2 -0.32, 2 -0.32, 2 -0.32, 2 -0.32, 2 -0.32, 3 -0.39, 3 -0.39, 3 -0.39, 3 -0.39, 3 -0.39, 3 -0.39, 4 -0.46, 4 -0.46, 4 -0.46, 5 -0.51, 
Percentage of finished job, node number and score of modules that have more than one node are as follows:
0%
1% 
2 3.48, 6 3.21, 6 3.18, 2 3.02, 2 2.65, 2 2.62, 8 0.81, 208 0.15, 2 -0.32, 2 -0.32, 2 -0.32, 2 -0.32, 2 -0.32, 2 -0.32, 2 -0.32, 2 -0.32, 2 -0.32, 2 -0.32, 2 -0.32, 3 -0.39, 3 -0.39, 3 -0.39, 3 -0.39, 3 -0.39, 3 -0.39, 3 -0.39, 4 -0.46, 4 -0.46, 5 -0.51, 
2% 
2 3.48, 6 3.21, 6 3.18, 2 3.03, 2 3.02, 2 2.65, 2 2.62, 207 1.04, 7 0.95, 2 -0.32, 2 -0.32, 2 -0.32, 2 -0.32, 2 -0.32, 2 -0.32, 2 -0.32, 2 -0.32, 2 -0.32, 2 -0.32, 3 -0.39, 3 -0.39, 3 -0.39, 3 -0.39, 3 -0.39, 3 -0.39, 3 -0.39, 4 -0.46, 4 -0.46, 5 -0.51, 
3% 
2 3.48, 6 3.21, 6 3.18, 2 3.03, 2 3.02, 2 2.65, 2 2.62, 2 2.19, 205 1.56, 7 0.95, 2 -0.32, 2 -0.32, 2 -0.32, 2 -0.32, 2 -0.32, 2 -0.32, 2 -0.32, 2 -0.32, 2 -0.32, 3 -0.39, 3 -0.39, 3 -0.39, 3 -0.39, 3 -0.39, 3 -0.39, 3 -0.39, 4 -0.46, 4 -0.46, 5 -0.51, 
4% 
2 3.48, 6 3.21, 6 3.18, 2 3.03, 2 3.02, 2 2.65, 2 2.62, 2 2.53, 207 2.44, 2 2.19, 7 0.95, 2 -0.32, 2 -0.32, 2 -0.32, 2 -0.32, 2 -0.32, 2 -0.32, 2 -0.32, 2 -0.32, 2 -0.32, 3 -0.39, 3 -0.39, 3 -0.39, 3 -0.39, 3 -0.39, 3 -0.39, 3 -0.39, 4 -0.46, 4 -0.46, 5 -0.51, 
5% 
3 3.84, 2 3.48, 6 3.21, 6 3.18, 2 3.03, 2 3.02, 199 2.89, 2 2.65, 2 2.53, 2 2.19, 3 1.97, 7 0.95, 2 -0.32, 2 -0.32, 2 -0.32, 2 -0.32, 2 -0.32, 2 -0.32, 2 -0.32, 2 -0.32, 3 -0.39, 3 -0.39, 3 -0.39, 3 -0.39, 3 -0.39, 3 -0.39, 3 -0.39, 4 -0.46, 4 -0.46, 5 -0.51, 
6% 
2 3.98, 3 3.84, 2 3.48, 202 3.32, 6 3.21, 6 3.18, 2 3.03, 2 3.02, 2 2.53, 2 2.19, 3 1.97, 7 0.95, 2 -0.32, 2 -0.32, 2 -0.32, 2 -0.32, 2 -0.32, 2 -0.32, 2 -0.32, 3 -0.39, 3 -0.39, 3 -0.39, 3 -0.39, 3 -0.39, 3 -0.39, 3 -0.39, 4 -0.46, 5 -0.51, 
7% 
216 4.99, 2 3.98, 3 3.84, 2 3.48, 6 3.18, 2 3.03, 2 3.02, 2 2.53, 2 2.19, 3 1.97, 5 1.51, 6 1.13, 2 -0.32, 2 -0.32, 2 -0.32, 2 -0.32, 2 -0.32, 2 -0.32, 2 -0.32, 2 -0.32, 3 -0.39, 3 -0.39, 3 -0.39, 3 -0.39, 3 -0.39, 3 -0.39, 4 -0.46, 5 -0.51, 
8% 
225 5.66, 2 3.98, 3 3.84, 2 3.48, 6 3.18, 2 3.03, 2 3.02, 2 2.53, 2 2.24, 2 2.19, 5 1.51, 4 1.38, 6 1.13, 2 -0.32, 2 -0.32, 2 -0.32, 2 -0.32, 2 -0.32, 2 -0.32, 2 -0.32, 2 -0.32, 2 -0.32, 3 -0.39, 3 -0.39, 3 -0.39, 3 -0.39, 4 -0.46, 5 -0.51, 
9% 
231 6.93, 2 3.98, 3 3.84, 2 3.48, 6 3.18, 2 3.03, 2 3.02, 2 2.82, 2 2.53, 2 2.24, 2 2.19, 5 1.51, 4 1.38, 6 1.13, 2 -0.32, 2 -0.32, 2 -0.32, 2 -0.32, 2 -0.32, 2 -0.32, 2 -0.32, 2 -0.32, 2 -0.32, 3 -0.39, 3 -0.39, 3 -0.39, 4 -0.46, 5 -0.51, 
10% 
232 7.45, 2 6.69, 2 3.98, 3 3.84, 2 3.48, 6 3.18, 2 3.18, 2 3.03, 2 3.02, 2 2.82, 2 2.53, 2 2.24, 2 2.19, 3 1.91, 4 1.38, 6 1.13, 2 -0.32, 2 -0.32, 2 -0.32, 2 -0.32, 2 -0.32, 2 -0.32, 2 -0.32, 2 -0.32, 2 -0.32, 3 -0.39, 3 -0.39, 3 -0.39, 4 -0.46, 5 -0.51, 
11% 
229 7.71, 2 6.69, 4 4.5, 2 3.98, 3 3.84, 2 3.48, 6 3.18, 2 3.18, 2 3.03, 2 3.02, 2 2.82, 2 2.53, 2 2.24, 2 2.19, 4 1.81, 4 1.51, 4 1.38, 2 -0.32, 2 -0.32, 2 -0.32, 2 -0.32, 2 -0.32, 2 -0.32, 2 -0.32, 2 -0.32, 2 -0.32, 3 -0.39, 3 -0.39, 3 -0.39, 4 -0.46, 5 -0.51, 
12% 
236 9.22, 2 6.69, 2 3.98, 3 3.84, 4 3.75, 2 3.48, 6 3.18, 2 3.03, 2 3.02, 2 2.82, 2 2.53, 2 2.24, 2 2.19, 4 1.81, 4 1.51, 4 1.38, 2 -0.32, 2 -0.32, 2 -0.32, 2 -0.32, 2 -0.32, 2 -0.32, 2 -0.32, 2 -0.32, 2 -0.32, 3 -0.39, 3 -0.39, 3 -0.39, 4 -0.46, 5 -0.51, 
13% 
247 9.56, 2 6.69, 2 3.98, 3 3.84, 4 3.75, 5 3.7, 2 3.48, 2 3.03, 2 3.02, 2 2.82, 2 2.19, 2 2.18, 4 1.81, 4 1.51, 4 1.38, 12 0.11, 2 -0.32, 2 -0.32, 2 -0.32, 2 -0.32, 2 -0.32, 2 -0.32, 2 -0.32, 2 -0.32, 3 -0.39, 3 -0.39, 3 -0.39, 4 -0.46, 4 -0.46, 
14% 
250 10.01, 2 6.69, 2 3.98, 3 3.84, 4 3.75, 5 3.7, 2 3.48, 2 3.13, 2 3.03, 2 3.02, 2 2.82, 2 2.19, 2 2.18, 4 1.51, 4 1.38, 13 1.23, 2 -0.32, 2 -0.32, 2 -0.32, 2 -0.32, 2 -0.32, 2 -0.32, 2 -0.32, 2 -0.32, 3 -0.39, 3 -0.39, 3 -0.39, 3 -0.39, 4 -0.46, 
15% 
251 10.32, 2 6.69, 6 4.98, 2 3.98, 3 3.84, 4 3.75, 2 3.48, 2 3.13, 2 3.03, 2 3.02, 2 2.82, 2 2.19, 2 2.19, 2 2.18, 4 1.51, 4 1.38, 13 1.23, 4 1.22, 2 -0.32, 2 -0.32, 2 -0.32, 2 -0.32, 2 -0.32, 2 -0.32, 2 -0.32, 3 -0.39, 3 -0.39, 3 -0.39, 4 -0.46, 
16% 
243 11.54, 2 6.69, 6 4.98, 2 3.98, 4 3.75, 2 3.48, 2 3.13, 2 3.03, 2 3.02, 2 2.84, 2 2.82, 2 2.19, 2 2.19, 2 2.18, 4 1.51, 4 1.38, 13 1.23, 4 1.22, 4 1.2, 6 1.13, 2 -0.32, 2 -0.32, 2 -0.32, 2 -0.32, 2 -0.32, 2 -0.32, 2 -0.32, 3 -0.39, 3 -0.39, 4 -0.46, 
17% 
247 12.45, 2 6.69, 6 4.98, 2 3.98, 4 3.75, 2 3.48, 2 3.13, 2 3.03, 2 3.02, 2 2.84, 2 2.82, 2 2.19, 2 2.19, 2 2.18, 3 1.74, 4 1.51, 13 1.23, 4 1.22, 4 1.2, 6 1.13, 2 -0.32, 2 -0.32, 2 -0.32, 2 -0.32, 2 -0.32, 2 -0.32, 2 -0.32, 3 -0.39, 4 -0.46, 
18% 
249 12.89, 2 6.69, 6 4.98, 2 3.98, 4 3.75, 2 3.48, 2 3.13, 2 3.03, 2 3.02, 2 2.84, 2 2.82, 2 2.19, 2 2.19, 2 2.18, 3 1.74, 3 1.67, 3 1.55, 4 1.51, 13 1.23, 4 1.2, 6 1.13, 2 -0.32, 2 -0.32, 2 -0.32, 2 -0.32, 2 -0.32, 2 -0.32, 2 -0.32, 3 -0.39, 4 -0.46, 
19% 
250 13.29, 2 6.69, 6 4.98, 2 3.98, 4 3.75, 2 3.48, 2 3.13, 2 3.03, 2 3.02, 2 2.84, 2 2.82, 2 2.19, 2 2.19, 2 2.18, 3 2.12, 3 1.74, 3 1.67, 3 1.55, 4 1.51, 13 1.23, 4 1.2, 6 1.13, 6 0.99, 2 -0.32, 2 -0.32, 2 -0.32, 2 -0.32, 2 -0.32, 2 -0.32, 2 -0.32, 3 -0.39, 4 -0.46, 
20% 
251 13.51, 2 6.69, 6 4.98, 2 3.98, 4 3.75, 2 3.48, 2 3.13, 2 3.03, 2 3.02, 2 2.84, 2 2.82, 4 2.4, 2 2.19, 2 2.18, 3 2.12, 3 1.74, 3 1.67, 3 1.55, 4 1.51, 13 1.23, 4 1.2, 6 1.13, 8 0.47, 2 -0.32, 2 -0.32, 2 -0.32, 2 -0.32, 2 -0.32, 2 -0.32, 2 -0.32, 3 -0.39, 4 -0.46, 
21% 
257 14.56, 2 6.69, 7 5.78, 2 3.98, 4 3.75, 2 3.48, 2 3.13, 2 3.03, 2 3.02, 2 2.84, 2 2.82, 4 2.4, 2 2.19, 2 2.18, 3 2.12, 3 1.67, 3 1.55, 4 1.51, 13 1.23, 4 1.2, 6 1.13, 8 0.47, 2 -0.32, 2 -0.32, 2 -0.32, 2 -0.32, 2 -0.32, 2 -0.32, 2 -0.32, 3 -0.39, 4 -0.46, 
22% 
258 15, 2 6.69, 7 5.78, 4 4.59, 2 3.98, 4 3.75, 2 3.48, 2 3.13, 2 3.03, 2 3.02, 2 2.84, 2 2.82, 4 2.4, 2 2.19, 2 2.18, 3 2.12, 3 1.67, 3 1.55, 4 1.51, 13 1.23, 4 1.2, 6 1.13, 8 0.47, 2 -0.32, 2 -0.32, 2 -0.32, 2 -0.32, 2 -0.32, 2 -0.32, 2 -0.32, 3 -0.39, 4 -0.46, 
23% 
257 15.33, 2 6.69, 7 5.78, 4 4.59, 2 4.03, 2 3.98, 4 3.75, 2 3.48, 2 3.13, 2 3.03, 2 3.02, 2 2.84, 2 2.82, 4 2.4, 2 2.19, 2 2.18, 3 2.12, 3 1.67, 3 1.55, 4 1.51, 12 1.35, 4 1.2, 6 1.13, 8 0.47, 2 -0.32, 2 -0.32, 2 -0.32, 2 -0.32, 2 -0.32, 2 -0.32, 2 -0.32, 3 -0.39, 4 -0.46, 
24% 
259 16.09, 2 6.69, 7 5.78, 2 4.03, 2 3.98, 4 3.75, 2 3.48, 2 3.13, 2 3.03, 2 3.02, 2 2.84, 2 2.82, 4 2.4, 2 2.21, 2 2.19, 2 2.18, 3 2.12, 3 1.67, 3 1.55, 4 1.51, 11 1.5, 4 1.2, 6 1.13, 8 0.47, 2 -0.32, 2 -0.32, 2 -0.32, 2 -0.32, 2 -0.32, 2 -0.32, 2 -0.32, 3 -0.39, 4 -0.46, 
25% 
264 16.43, 2 6.69, 7 5.78, 2 4.03, 2 3.98, 4 3.75, 2 3.48, 2 3.13, 2 3.03, 2 3.02, 2 2.84, 2 2.82, 4 2.4, 2 2.21, 2 2.19, 2 2.18, 3 2.12, 3 1.67, 3 1.55, 4 1.51, 11 1.5, 4 1.2, 6 1.13, 8 0.47, 2 -0.32, 2 -0.32, 2 -0.32, 2 -0.32, 2 -0.32, 2 -0.32, 3 -0.39, 4 -0.46, 
26% 
247 16.81, 2 6.69, 7 5.78, 2 4.42, 2 4.03, 2 3.98, 4 3.75, 2 3.48, 2 3.13, 2 3.03, 2 3.02, 2 2.84, 2 2.82, 2 2.55, 4 2.4, 3 2.26, 2 2.21, 2 2.19, 2 2.18, 3 2.12, 4 2.02, 3 1.67, 3 1.55, 4 1.51, 11 1.5, 4 1.2, 11 1.18, 6 1.13, 2 -0.32, 2 -0.32, 2 -0.32, 2 -0.32, 2 -0.32, 2 -0.32, 3 -0.39, 3 -0.39, 3 -0.39, 4 -0.46, 
27% 
252 17.16, 2 6.69, 7 5.78, 2 4.42, 2 4.03, 2 3.98, 4 3.75, 2 3.48, 2 3.13, 2 3.03, 2 3.02, 2 2.99, 2 2.84, 2 2.82, 2 2.55, 4 2.4, 3 2.26, 2 2.21, 2 2.19, 2 2.18, 12 2.15, 3 2.12, 4 2.02, 3 1.67, 3 1.55, 3 1.53, 4 1.51, 11 1.5, 6 1.13, 2 -0.32, 2 -0.32, 2 -0.32, 2 -0.32, 2 -0.32, 2 -0.32, 3 -0.39, 3 -0.39, 3 -0.39, 4 -0.46, 
28% 
264 17.54, 2 6.69, 7 5.78, 2 4.42, 2 4.03, 2 3.98, 4 3.75, 2 3.48, 2 3.14, 2 3.13, 2 3.03, 2 3.02, 2 2.99, 2 2.84, 2 2.82, 2 2.55, 4 2.4, 3 2.32, 2 2.28, 3 2.26, 2 2.21, 2 2.19, 2 2.18, 3 2.12, 4 2.02, 3 1.67, 3 1.55, 3 1.53, 4 1.51, 11 1.5, 6 1.13, 2 -0.32, 2 -0.32, 2 -0.32, 2 -0.32, 3 -0.39, 3 -0.39, 3 -0.39, 4 -0.46, 
29% 
262 17.84, 2 6.69, 7 5.78, 2 4.42, 2 4.03, 2 3.98, 4 3.75, 2 3.48, 2 3.14, 2 3.13, 2 3.03, 2 3.02, 2 2.99, 3 2.92, 2 2.84, 2 2.82, 2 2.55, 3 2.32, 2 2.28, 3 2.26, 2 2.21, 2 2.19, 2 2.18, 3 2.12, 4 2.02, 3 1.67, 3 1.55, 3 1.53, 4 1.51, 11 1.5, 6 1.13, 2 -0.32, 2 -0.32, 2 -0.32, 2 -0.32, 3 -0.39, 3 -0.39, 3 -0.39, 4 -0.46, 
30% 
261 18.79, 2 6.69, 7 5.78, 2 4.42, 2 4.03, 2 3.98, 4 3.75, 2 3.48, 2 3.14, 2 3.13, 2 3.03, 2 3.02, 2 2.99, 3 2.92, 2 2.84, 2 2.82, 2 2.55, 3 2.32, 2 2.28, 3 2.26, 2 2.21, 2 2.19, 2 2.18, 3 2.12, 4 2.02, 3 1.67, 3 1.65, 3 1.55, 3 1.53, 4 1.51, 11 1.5, 6 1.13, 5 1.05, 2 -0.32, 2 -0.32, 2 -0.32, 3 -0.39, 4 -0.46, 
31% 
264 18.84, 2 6.69, 7 5.78, 2 4.42, 2 4.03, 2 3.98, 4 3.75, 2 3.48, 2 3.14, 2 3.13, 2 3.03, 2 3.02, 2 2.99, 3 2.92, 2 2.84, 2 2.82, 2 2.55, 3 2.32, 2 2.28, 3 2.26, 2 2.21, 2 2.19, 2 2.18, 3 2.12, 4 2.02, 3 1.67, 3 1.65, 3 1.55, 3 1.53, 4 1.51, 11 1.5, 6 1.13, 5 1.05, 2 -0.32, 2 -0.32, 2 -0.32, 3 -0.39, 4 -0.46, 
32% 
261 18.98, 2 6.69, 7 5.78, 2 4.42, 2 4.03, 2 3.98, 4 3.75, 2 3.48, 2 3.14, 2 3.13, 2 3.03, 2 3.02, 2 2.99, 3 2.92, 10 2.92, 2 2.84, 2 2.82, 2 2.55, 3 2.32, 2 2.28, 3 2.26, 2 2.21, 2 2.19, 2 2.18, 3 2.12, 3 1.67, 3 1.65, 3 1.55, 3 1.53, 4 1.51, 11 1.5, 6 1.13, 2 -0.32, 2 -0.32, 2 -0.32, 3 -0.39, 4 -0.46, 
33% 
256 19.43, 2 6.69, 7 5.78, 2 4.42, 2 4.03, 2 3.98, 4 3.75, 2 3.48, 2 3.14, 2 3.13, 2 3.03, 2 3.03, 2 3.02, 2 2.99, 3 2.92, 10 2.92, 2 2.84, 2 2.82, 2 2.55, 3 2.32, 2 2.28, 12 2.28, 3 2.26, 2 2.21, 2 2.19, 2 2.18, 3 2.12, 3 1.67, 3 1.65, 3 1.55, 3 1.53, 4 1.51, 6 1.13, 6 0.77, 2 -0.32, 2 -0.32, 2 -0.32, 3 -0.39, 3 -0.39, 4 -0.46, 
34% 
272 19.88, 2 6.69, 7 5.78, 2 4.42, 2 4.03, 2 3.98, 4 3.75, 2 3.48, 2 3.14, 2 3.13, 2 3.1, 2 3.03, 2 3.03, 2 3.02, 2 2.99, 3 2.92, 2 2.84, 2 2.82, 2 2.55, 3 2.32, 2 2.28, 12 2.28, 3 2.26, 2 2.21, 2 2.19, 2 2.18, 3 2.12, 3 1.67, 3 1.65, 3 1.55, 3 1.53, 4 1.51, 6 1.13, 6 0.77, 2 -0.32, 2 -0.32, 3 -0.39, 3 -0.39, 4 -0.46, 
35% 
269 20.07, 2 6.69, 7 5.78, 2 4.42, 2 4.03, 2 3.98, 4 3.75, 2 3.48, 2 3.14, 15 3.14, 2 3.13, 2 3.1, 2 3.03, 2 3.03, 2 3.02, 2 2.99, 3 2.92, 2 2.84, 2 2.82, 2 2.55, 3 2.32, 2 2.28, 3 2.26, 2 2.21, 2 2.19, 2 2.18, 3 2.12, 3 1.88, 3 1.67, 3 1.65, 3 1.55, 3 1.53, 5 1.39, 6 0.77, 2 -0.32, 2 -0.32, 3 -0.39, 3 -0.39, 4 -0.46, 
36% 
269 20.59, 2 6.69, 7 5.78, 2 4.42, 2 4.03, 2 3.98, 4 3.75, 2 3.48, 2 3.14, 15 3.14, 2 3.13, 2 3.1, 2 3.03, 2 3.03, 2 3.02, 2 2.99, 3 2.92, 2 2.84, 2 2.82, 2 2.55, 3 2.32, 2 2.28, 3 2.26, 2 2.21, 2 2.19, 2 2.18, 3 2.12, 3 1.88, 3 1.67, 3 1.65, 3 1.55, 3 1.53, 5 1.39, 6 0.77, 8 0.59, 2 -0.32, 2 -0.32, 3 -0.39, 3 -0.39, 4 -0.46, 
37% 
264 20.75, 2 6.69, 7 5.78, 2 4.42, 2 4.03, 2 3.98, 4 3.75, 13 3.53, 2 3.48, 2 3.14, 2 3.13, 2 3.1, 2 3.03, 2 3.03, 2 3.02, 2 2.99, 3 2.92, 2 2.84, 2 2.82, 2 2.65, 2 2.55, 2 2.37, 3 2.32, 2 2.28, 3 2.26, 2 2.21, 2 2.19, 2 2.18, 3 2.12, 3 1.88, 4 1.68, 3 1.67, 3 1.65, 3 1.55, 3 1.53, 6 0.77, 8 0.59, 2 -0.32, 2 -0.32, 3 -0.39, 4 -0.46, 
38% 
268 21.81, 2 6.69, 7 5.78, 2 4.42, 2 4.03, 2 3.98, 4 3.75, 13 3.53, 2 3.48, 2 3.14, 2 3.13, 2 3.1, 2 3.03, 2 3.03, 2 3.02, 2 2.99, 2 2.84, 2 2.82, 2 2.65, 2 2.55, 2 2.37, 3 2.32, 2 2.28, 3 2.26, 2 2.21, 2 2.19, 2 2.18, 3 2.12, 3 1.88, 4 1.68, 3 1.67, 3 1.65, 3 1.55, 3 1.53, 6 0.77, 8 0.59, 2 -0.32, 2 -0.32, 3 -0.39, 4 -0.46, 
39% 
270 23.07, 2 6.69, 7 5.78, 2 4.42, 2 4.03, 2 3.98, 4 3.75, 13 3.53, 2 3.48, 2 3.14, 2 3.13, 2 3.1, 2 3.03, 2 3.03, 2 3.02, 2 2.99, 2 2.84, 2 2.82, 2 2.65, 2 2.55, 2 2.37, 3 2.32, 2 2.28, 3 2.26, 2 2.21, 2 2.18, 3 2.12, 3 1.88, 4 1.68, 3 1.67, 3 1.65, 3 1.55, 3 1.53, 5 0.99, 8 0.59, 2 -0.32, 3 -0.39, 3 -0.39, 
40% 
266 23.62, 2 6.69, 7 5.78, 2 4.42, 2 4.03, 2 3.98, 4 3.75, 13 3.53, 2 3.48, 2 3.14, 2 3.13, 2 3.1, 2 3.03, 2 3.03, 2 3.02, 2 2.99, 2 2.84, 2 2.82, 2 2.65, 2 2.55, 2 2.37, 2 2.35, 3 2.32, 2 2.28, 3 2.26, 2 2.21, 2 2.18, 3 2.12, 3 1.88, 3 1.65, 3 1.55, 3 1.53, 5 0.99, 6 0.91, 8 0.59, 8 0.57, 2 -0.32, 3 -0.39, 3 -0.39, 
41% 
260 24.02, 2 6.69, 7 5.78, 2 4.42, 4 4.12, 2 4.03, 2 3.98, 4 3.75, 13 3.53, 2 3.48, 2 3.14, 2 3.13, 2 3.1, 2 3.03, 2 3.03, 2 3.02, 2 2.99, 2 2.93, 2 2.84, 2 2.82, 2 2.65, 2 2.55, 2 2.37, 2 2.35, 3 2.32, 2 2.28, 3 2.26, 2 2.21, 2 2.18, 3 1.88, 3 1.65, 3 1.55, 3 1.53, 4 1.38, 5 0.99, 6 0.91, 8 0.59, 8 0.57, 2 -0.32, 3 -0.39, 3 -0.39, 
42% 
259 24.31, 2 6.69, 7 5.78, 2 4.42, 4 4.12, 2 4.03, 2 3.98, 4 3.75, 13 3.53, 2 3.48, 2 3.14, 2 3.13, 2 3.1, 2 3.03, 2 3.03, 2 3.02, 2 2.99, 2 2.93, 2 2.84, 2 2.82, 2 2.65, 2 2.55, 2 2.37, 2 2.35, 3 2.32, 2 2.28, 3 2.26, 2 2.21, 2 2.18, 3 1.88, 3 1.65, 3 1.55, 3 1.53, 4 1.38, 5 0.99, 6 0.91, 8 0.59, 8 0.57, 2 -0.32, 3 -0.39, 3 -0.39, 
43% 
270 24.83, 2 6.69, 7 5.78, 2 4.42, 4 4.12, 2 4.03, 2 3.98, 4 3.75, 13 3.53, 2 3.48, 2 3.14, 2 3.13, 2 3.1, 2 3.03, 2 3.03, 2 3.02, 2 2.99, 2 2.93, 2 2.84, 2 2.82, 2 2.65, 2 2.55, 2 2.37, 2 2.35, 3 2.32, 2 2.28, 3 2.26, 2 2.21, 2 2.18, 3 1.88, 3 1.65, 3 1.55, 3 1.53, 4 1.38, 5 0.99, 6 0.91, 8 0.59, 8 0.57, 2 -0.32, 3 -0.39, 3 -0.39, 
44% 
269 25.57, 2 6.69, 7 5.78, 2 4.42, 4 4.12, 2 4.03, 2 3.98, 12 3.76, 4 3.75, 2 3.48, 2 3.26, 2 3.14, 2 3.13, 2 3.1, 2 3.03, 2 3.03, 2 3.02, 2 2.99, 2 2.93, 2 2.84, 2 2.82, 2 2.65, 2 2.55, 2 2.37, 2 2.35, 3 2.32, 2 2.28, 3 2.26, 2 2.21, 2 2.18, 3 1.88, 3 1.65, 3 1.55, 3 1.53, 4 1.38, 5 0.99, 6 0.91, 8 0.59, 8 0.57, 2 -0.32, 3 -0.39, 3 -0.39, 
45% 
267 25.65, 2 6.69, 7 5.78, 2 4.42, 4 4.12, 2 4.03, 11 4.02, 2 3.98, 4 3.75, 2 3.48, 2 3.26, 2 3.14, 2 3.13, 2 3.1, 2 3.03, 2 3.03, 2 3.02, 2 2.99, 2 2.93, 2 2.84, 2 2.82, 2 2.65, 2 2.55, 2 2.37, 2 2.35, 3 2.32, 2 2.28, 3 2.26, 2 2.21, 2 2.18, 3 1.88, 3 1.74, 3 1.65, 3 1.55, 3 1.53, 4 1.39, 5 0.99, 6 0.91, 6 0.76, 7 0.7, 8 0.59, 2 -0.32, 3 -0.39, 3 -0.39, 
46% 
271 26.09, 2 6.69, 7 5.78, 2 4.42, 4 4.12, 2 4.03, 11 4.02, 2 3.98, 4 3.75, 2 3.48, 2 3.26, 2 3.14, 2 3.13, 2 3.11, 2 3.1, 2 3.03, 2 3.03, 2 3.02, 2 2.99, 2 2.93, 2 2.84, 2 2.82, 2 2.65, 2 2.55, 2 2.37, 2 2.35, 3 2.32, 2 2.28, 2 2.21, 2 2.18, 3 1.88, 3 1.74, 3 1.65, 3 1.55, 3 1.53, 4 1.39, 5 0.99, 6 0.91, 6 0.76, 7 0.7, 8 0.59, 2 -0.32, 3 -0.39, 3 -0.39, 
47% 
273 26.25, 2 6.69, 7 5.78, 5 5.1, 4 4.12, 2 4.03, 11 4.02, 2 3.98, 2 3.48, 2 3.26, 2 3.14, 2 3.13, 2 3.11, 2 3.1, 2 3.03, 2 3.03, 2 3.02, 2 2.99, 2 2.93, 2 2.84, 2 2.82, 2 2.65, 2 2.55, 2 2.37, 2 2.35, 3 2.32, 2 2.28, 2 2.21, 2 2.18, 3 1.88, 3 1.74, 3 1.65, 3 1.55, 3 1.53, 4 1.39, 5 0.99, 6 0.91, 6 0.85, 6 0.76, 8 0.59, 2 -0.32, 3 -0.39, 3 -0.39, 
48% 
278 26.54, 2 6.69, 7 5.78, 5 5.1, 4 4.12, 2 4.03, 11 4.02, 2 3.98, 2 3.48, 2 3.26, 2 3.14, 2 3.13, 2 3.11, 2 3.1, 2 3.03, 2 3.03, 2 3.02, 2 2.99, 2 2.93, 2 2.84, 2 2.82, 2 2.65, 2 2.55, 2 2.37, 2 2.35, 3 2.32, 2 2.28, 2 2.21, 2 2.18, 3 1.88, 3 1.74, 3 1.65, 3 1.55, 3 1.53, 4 1.39, 5 0.99, 6 0.91, 6 0.85, 6 0.76, 8 0.59, 2 -0.32, 3 -0.39, 3 -0.39, 
49% 
273 26.99, 2 6.69, 7 5.78, 5 5.1, 10 4.29, 4 4.12, 2 4.03, 2 3.98, 2 3.48, 2 3.26, 2 3.19, 2 3.14, 2 3.13, 2 3.11, 2 3.1, 2 3.03, 2 3.03, 2 3.02, 2 2.99, 2 2.93, 2 2.84, 2 2.82, 2 2.65, 2 2.55, 2 2.37, 2 2.35, 3 2.32, 2 2.28, 2 2.21, 2 2.18, 3 1.88, 3 1.75, 3 1.74, 3 1.65, 3 1.55, 3 1.53, 5 0.99, 6 0.91, 6 0.85, 6 0.76, 8 0.59, 2 -0.32, 3 -0.39, 3 -0.39, 
50% 
287 27.4, 2 6.69, 7 5.78, 5 5.1, 3 4.23, 4 4.12, 2 4.03, 2 3.98, 2 3.48, 2 3.26, 2 3.14, 2 3.13, 2 3.11, 2 3.1, 2 3.03, 2 3.03, 2 3.02, 2 2.99, 2 2.93, 2 2.84, 2 2.82, 2 2.65, 2 2.55, 2 2.37, 2 2.35, 3 2.32, 2 2.28, 2 2.21, 2 2.18, 3 1.88, 8 1.82, 3 1.75, 3 1.55, 3 1.53, 10 1.46, 6 0.85, 6 0.76, 8 0.59, 2 -0.32, 3 -0.39, 3 -0.39, 
51% 
286 27.41, 2 6.69, 7 5.78, 5 5.1, 3 4.23, 4 4.12, 2 4.03, 2 3.98, 2 3.48, 2 3.26, 2 3.14, 2 3.13, 2 3.11, 2 3.1, 2 3.03, 2 3.03, 2 3.02, 2 2.99, 2 2.93, 2 2.84, 2 2.82, 2 2.65, 2 2.55, 2 2.37, 2 2.35, 3 2.32, 2 2.28, 2 2.21, 2 2.18, 3 1.88, 8 1.82, 3 1.75, 3 1.55, 3 1.53, 10 1.46, 6 0.85, 6 0.76, 8 0.59, 3 -0.39, 
52% 
290 27.45, 2 6.69, 7 5.78, 5 5.1, 3 4.23, 4 4.12, 2 4.03, 2 3.98, 2 3.48, 2 3.26, 2 3.14, 2 3.13, 2 3.11, 2 3.1, 2 3.03, 2 3.03, 2 3.02, 2 2.99, 2 2.93, 2 2.84, 2 2.82, 2 2.65, 2 2.55, 2 2.37, 2 2.35, 3 2.32, 2 2.28, 2 2.21, 2 2.18, 7 2.02, 3 1.88, 3 1.55, 3 1.53, 10 1.46, 6 0.85, 7 0.81, 6 0.76, 8 0.59, 3 -0.39, 
53% 
278 27.68, 2 6.69, 7 5.78, 5 5.1, 3 4.23, 4 4.12, 2 4.03, 2 3.98, 2 3.48, 2 3.26, 2 3.14, 2 3.13, 2 3.11, 2 3.1, 2 3.03, 2 3.03, 2 3.02, 2 2.99, 2 2.93, 2 2.84, 2 2.82, 2 2.65, 2 2.55, 2 2.37, 2 2.35, 3 2.32, 2 2.28, 2 2.21, 2 2.18, 4 2.03, 7 2.02, 3 1.88, 3 1.55, 3 1.55, 3 1.53, 10 1.46, 6 0.85, 7 0.81, 6 0.76, 8 0.59, 3 -0.39, 
54% 
277 27.7, 2 6.69, 7 5.78, 5 5.1, 3 4.23, 4 4.12, 2 4.03, 2 3.98, 2 3.48, 2 3.26, 2 3.14, 2 3.13, 2 3.11, 2 3.1, 2 3.03, 2 3.03, 2 3.02, 2 2.99, 2 2.93, 2 2.84, 2 2.82, 2 2.65, 2 2.55, 2 2.37, 2 2.35, 3 2.32, 2 2.28, 2 2.21, 2 2.18, 4 2.03, 7 2.02, 13 1.97, 3 1.88, 3 1.55, 3 1.55, 3 1.53, 6 0.85, 7 0.81, 6 0.76, 8 0.59, 2 -0.32, 
55% 
279 27.84, 2 6.69, 7 5.78, 5 5.1, 3 4.23, 4 4.12, 2 4.03, 2 3.98, 2 3.48, 2 3.26, 2 3.14, 2 3.13, 2 3.11, 2 3.1, 2 3.03, 2 3.03, 2 3.02, 2 2.99, 2 2.93, 2 2.84, 2 2.82, 2 2.65, 2 2.55, 2 2.37, 2 2.35, 3 2.32, 2 2.28, 2 2.21, 2 2.18, 4 2.03, 7 2.02, 13 1.97, 3 1.88, 3 1.55, 3 1.55, 3 1.53, 5 1.09, 7 0.81, 6 0.76, 8 0.59, 2 -0.32, 
56% 
284 28, 2 6.69, 6 6.34, 3 5.88, 5 5.1, 3 4.23, 4 4.12, 2 4.03, 2 3.98, 2 3.48, 2 3.26, 2 3.14, 2 3.13, 2 3.11, 2 3.1, 2 3.03, 2 3.03, 2 3.02, 2 2.99, 2 2.93, 2 2.84, 2 2.82, 2 2.65, 2 2.55, 2 2.35, 3 2.32, 2 2.28, 2 2.21, 2 2.18, 7 2.02, 13 1.97, 3 1.88, 3 1.55, 3 1.53, 5 1.09, 7 0.81, 6 0.76, 8 0.59, 2 -0.32, 
57% 
282 29.03, 2 6.69, 6 6.34, 3 5.88, 5 5.1, 3 4.23, 4 4.12, 2 4.03, 2 3.98, 2 3.48, 2 3.26, 2 3.14, 2 3.13, 2 3.11, 2 3.1, 2 3.03, 2 3.03, 2 3.02, 2 2.99, 2 2.93, 2 2.84, 2 2.82, 2 2.65, 2 2.55, 2 2.35, 3 2.32, 2 2.28, 2 2.21, 2 2.18, 7 2.02, 13 1.97, 3 1.88, 4 1.68, 3 1.55, 3 1.53, 5 1.09, 7 0.81, 6 0.76, 6 0.74, 7 0.72, 2 -0.32, 
58% 
279 29.27, 2 6.69, 6 6.34, 3 5.88, 5 5.1, 3 4.23, 4 4.12, 2 4.03, 2 3.98, 4 3.56, 2 3.48, 2 3.26, 2 3.14, 2 3.13, 2 3.11, 2 3.1, 2 3.03, 2 3.03, 2 3.02, 2 2.99, 2 2.93, 2 2.84, 2 2.82, 2 2.65, 2 2.55, 2 2.35, 3 2.32, 2 2.28, 2 2.21, 3 2.08, 7 2.02, 13 1.97, 3 1.88, 3 1.55, 3 1.53, 5 1.09, 5 0.96, 7 0.81, 6 0.76, 7 0.72, 2 -0.32, 
59% 
274 29.54, 2 6.69, 6 6.34, 3 5.88, 5 5.1, 3 4.23, 4 4.12, 2 4.03, 2 3.98, 4 3.56, 2 3.48, 2 3.26, 2 3.14, 2 3.13, 2 3.11, 2 3.1, 2 3.03, 2 3.03, 2 3.02, 2 2.99, 2 2.93, 2 2.84, 2 2.82, 2 2.65, 2 2.55, 2 2.35, 3 2.32, 2 2.28, 2 2.21, 3 2.08, 7 2.02, 13 1.97, 3 1.88, 3 1.55, 3 1.53, 5 1.09, 5 0.96, 7 0.81, 6 0.76, 7 0.72, 2 -0.32, 
60% 
269 29.92, 2 6.69, 6 6.34, 3 5.88, 5 5.1, 3 4.23, 4 4.12, 2 4.03, 2 3.98, 4 3.56, 2 3.48, 2 3.26, 2 3.14, 2 3.13, 2 3.11, 2 3.1, 2 3.03, 2 3.03, 2 3.02, 2 2.99, 2 2.93, 2 2.84, 2 2.82, 2 2.65, 2 2.55, 2 2.44, 2 2.35, 3 2.32, 2 2.28, 2 2.21, 3 2.08, 7 2.02, 13 1.97, 3 1.88, 3 1.55, 3 1.53, 3 1.52, 5 1.09, 7 0.81, 6 0.76, 7 0.72, 2 -0.32, 2 -0.32, 
61% 
268 29.98, 2 6.69, 6 6.34, 3 5.88, 5 5.1, 3 4.23, 4 4.12, 2 4.03, 2 3.98, 4 3.56, 2 3.48, 2 3.26, 2 3.14, 2 3.13, 2 3.11, 2 3.1, 2 3.03, 2 3.03, 2 3.02, 2 2.99, 2 2.93, 2 2.84, 2 2.82, 2 2.65, 2 2.55, 2 2.44, 2 2.35, 3 2.32, 2 2.28, 2 2.21, 3 2.08, 7 2.02, 13 1.97, 3 1.88, 3 1.55, 3 1.53, 3 1.52, 5 1.09, 7 0.81, 6 0.76, 7 0.72, 2 -0.32, 2 -0.32, 
62% 
267 30.25, 2 6.69, 6 6.34, 3 5.88, 5 5.1, 3 4.23, 4 4.12, 2 4.03, 2 3.98, 4 3.56, 2 3.48, 2 3.26, 2 3.14, 2 3.13, 2 3.11, 2 3.1, 2 3.03, 2 3.03, 2 3.02, 2 2.99, 2 2.93, 2 2.84, 2 2.82, 2 2.65, 2 2.55, 2 2.44, 2 2.4, 2 2.35, 3 2.32, 2 2.28, 2 2.21, 3 2.08, 7 2.02, 13 1.97, 3 1.88, 3 1.55, 3 1.53, 3 1.52, 5 1.09, 7 0.81, 6 0.76, 7 0.72, 2 -0.32, 2 -0.32, 
63% 
282 31.01, 2 6.69, 6 6.34, 3 5.88, 3 4.23, 4 4.12, 2 4.03, 2 3.98, 4 3.56, 2 3.48, 2 3.26, 2 3.14, 2 3.13, 2 3.11, 2 3.1, 2 3.03, 2 3.03, 2 3.02, 2 2.99, 2 2.93, 2 2.84, 2 2.82, 2 2.65, 2 2.55, 2 2.44, 2 2.4, 2 2.35, 3 2.32, 2 2.28, 2 2.21, 3 2.08, 7 2.02, 13 1.97, 3 1.88, 3 1.55, 3 1.53, 3 1.52, 5 1.09, 7 0.81, 8 0.76, 6 0.76, 7 0.72, 2 -0.32, 2 -0.32, 
64% 
280 31.19, 2 6.69, 6 6.34, 3 5.88, 3 4.23, 4 4.12, 2 4.03, 2 3.98, 4 3.56, 2 3.48, 2 3.26, 2 3.14, 2 3.13, 2 3.11, 2 3.1, 2 3.03, 2 3.03, 2 3.02, 2 2.99, 2 2.93, 2 2.84, 2 2.82, 2 2.65, 2 2.55, 2 2.44, 2 2.4, 2 2.35, 3 2.32, 2 2.28, 2 2.21, 3 2.08, 7 2.02, 13 1.97, 3 1.88, 3 1.55, 3 1.53, 3 1.52, 5 1.09, 7 0.81, 8 0.76, 6 0.76, 7 0.72, 2 -0.32, 2 -0.32, 
65% 
274 31.62, 2 6.69, 6 6.34, 3 5.88, 3 4.92, 3 4.23, 2 4.03, 2 3.98, 4 3.56, 2 3.48, 2 3.26, 2 3.14, 2 3.13, 2 3.11, 2 3.1, 2 3.03, 2 3.03, 2 3.02, 2 2.99, 2 2.93, 2 2.84, 2 2.82, 2 2.65, 2 2.55, 2 2.44, 2 2.4, 2 2.35, 3 2.32, 2 2.28, 2 2.21, 3 2.08, 7 2.02, 13 1.97, 3 1.88, 3 1.55, 3 1.53, 3 1.52, 5 1.09, 7 0.9, 7 0.81, 6 0.76, 6 0.75, 7 0.72, 2 -0.32, 2 -0.32, 
66% 
277 31.96, 2 6.69, 6 6.34, 3 5.88, 3 4.92, 3 4.23, 2 4.03, 2 3.98, 4 3.56, 2 3.48, 2 3.26, 2 3.14, 2 3.13, 2 3.11, 2 3.1, 2 3.03, 2 3.03, 2 3.02, 2 2.93, 2 2.86, 2 2.84, 2 2.82, 2 2.65, 2 2.55, 2 2.44, 2 2.4, 2 2.35, 3 2.32, 2 2.28, 2 2.21, 3 2.08, 7 2.02, 13 1.97, 3 1.88, 3 1.55, 3 1.53, 3 1.52, 5 1.09, 7 0.9, 7 0.81, 6 0.76, 6 0.75, 7 0.72, 2 -0.32, 2 -0.32, 
67% 
278 32.18, 2 6.69, 6 6.34, 3 5.88, 3 4.92, 3 4.23, 2 4.03, 2 3.98, 4 3.56, 2 3.48, 2 3.26, 2 3.14, 2 3.13, 2 3.11, 2 3.1, 3 3.05, 2 3.03, 2 3.03, 2 3.02, 2 2.93, 2 2.86, 2 2.84, 2 2.82, 2 2.65, 2 2.55, 2 2.44, 2 2.4, 2 2.35, 3 2.32, 2 2.28, 2 2.21, 2 2.17, 3 2.08, 7 2.02, 13 1.97, 3 1.88, 3 1.55, 3 1.52, 4 1.34, 7 0.9, 7 0.81, 6 0.76, 6 0.75, 7 0.72, 2 -0.32, 2 -0.32, 
68% 
277 32.19, 2 6.69, 6 6.34, 3 5.88, 3 4.92, 3 4.23, 2 4.03, 2 3.98, 4 3.56, 2 3.48, 2 3.26, 2 3.14, 2 3.13, 2 3.11, 2 3.1, 3 3.05, 2 3.03, 2 3.03, 2 3.02, 2 2.93, 2 2.86, 2 2.84, 2 2.82, 2 2.65, 2 2.55, 2 2.44, 2 2.4, 2 2.35, 3 2.32, 2 2.28, 2 2.21, 2 2.17, 12 2.13, 3 2.08, 7 2.02, 3 1.88, 3 1.55, 3 1.52, 4 1.34, 7 0.9, 7 0.81, 6 0.76, 6 0.75, 7 0.72, 2 -0.32, 2 -0.32, 
69% 
274 32.81, 2 6.69, 6 6.34, 3 5.88, 3 4.92, 2 4.03, 2 3.98, 4 3.56, 2 3.48, 2 3.26, 2 3.14, 2 3.13, 2 3.11, 2 3.1, 3 3.05, 2 3.03, 2 3.03, 2 3.02, 2 2.99, 2 2.93, 2 2.86, 2 2.84, 2 2.82, 2 2.65, 2 2.55, 2 2.44, 2 2.4, 2 2.35, 3 2.32, 2 2.28, 2 2.21, 2 2.17, 12 2.13, 3 2.08, 7 2.02, 3 1.88, 3 1.55, 3 1.52, 4 1.34, 7 0.9, 7 0.81, 6 0.76, 6 0.75, 7 0.72, 2 -0.32, 2 -0.32, 
70% 
275 32.93, 2 6.69, 6 6.34, 3 5.88, 3 4.92, 2 4.03, 2 3.98, 4 3.56, 2 3.48, 2 3.26, 2 3.14, 2 3.13, 2 3.11, 2 3.1, 3 3.05, 2 3.03, 2 3.03, 2 3.02, 2 2.99, 2 2.93, 2 2.86, 2 2.84, 2 2.82, 2 2.65, 2 2.55, 2 2.44, 2 2.4, 2 2.35, 3 2.32, 11 2.31, 2 2.28, 2 2.21, 2 2.17, 3 2.08, 7 2.02, 3 1.88, 3 1.55, 3 1.52, 3 1.52, 4 1.34, 6 1.07, 7 0.81, 6 0.76, 6 0.75, 7 0.72, 2 -0.32, 2 -0.32, 
71% 
275 32.93, 2 6.69, 6 6.34, 3 5.88, 3 4.92, 2 4.03, 2 3.98, 4 3.56, 2 3.48, 2 3.26, 2 3.14, 2 3.13, 2 3.11, 2 3.1, 3 3.05, 2 3.03, 2 3.03, 2 3.02, 2 2.99, 2 2.93, 2 2.86, 2 2.84, 2 2.82, 2 2.65, 2 2.55, 2 2.44, 2 2.4, 2 2.35, 3 2.32, 11 2.31, 2 2.28, 2 2.21, 2 2.17, 3 2.08, 7 2.02, 3 1.88, 3 1.55, 3 1.52, 3 1.52, 4 1.34, 6 1.07, 5 0.98, 6 0.97, 6 0.75, 7 0.72, 2 -0.32, 2 -0.32, 
72% 
275 33.2, 7 7.17, 2 6.69, 3 5.88, 3 4.92, 2 4.03, 2 3.98, 4 3.56, 2 3.48, 2 3.26, 2 3.14, 2 3.13, 2 3.11, 2 3.1, 3 3.05, 2 3.03, 2 3.03, 2 3.02, 2 2.99, 2 2.93, 2 2.86, 2 2.84, 2 2.82, 2 2.65, 2 2.55, 2 2.44, 2 2.4, 2 2.35, 3 2.32, 11 2.31, 2 2.28, 2 2.21, 2 2.17, 3 2.08, 7 2.02, 3 1.88, 3 1.55, 3 1.52, 3 1.52, 4 1.34, 4 1.22, 6 1.07, 6 0.97, 6 0.88, 6 0.75, 2 -0.32, 
73% 
277 33.64, 7 7.17, 2 6.69, 3 5.88, 3 4.92, 2 4.03, 2 3.98, 4 3.56, 2 3.48, 2 3.26, 2 3.14, 2 3.13, 2 3.11, 2 3.1, 3 3.05, 2 3.03, 2 3.03, 2 3.02, 2 2.99, 2 2.93, 2 2.86, 2 2.84, 2 2.82, 2 2.65, 2 2.62, 2 2.55, 2 2.44, 2 2.4, 2 2.35, 3 2.32, 11 2.31, 2 2.28, 2 2.21, 2 2.17, 3 2.13, 3 2.08, 7 2.02, 3 1.55, 3 1.52, 3 1.52, 4 1.34, 4 1.22, 6 1.07, 6 0.97, 6 0.88, 6 0.75, 2 -0.32, 
74% 
277 33.95, 7 7.17, 2 6.69, 3 5.88, 3 5.1, 3 4.92, 2 4.5, 3 4.26, 2 4.03, 2 3.98, 2 3.48, 2 3.26, 2 3.14, 2 3.13, 2 3.11, 2 3.1, 3 3.05, 2 3.03, 2 3.03, 2 3.02, 2 2.99, 2 2.93, 2 2.86, 2 2.84, 2 2.82, 2 2.65, 2 2.55, 2 2.44, 2 2.4, 2 2.35, 3 2.32, 11 2.31, 2 2.28, 2 2.21, 2 2.17, 3 2.13, 3 2.08, 7 2.02, 4 1.72, 3 1.55, 3 1.52, 3 1.52, 4 1.34, 4 1.22, 6 1.07, 6 0.97, 6 0.88, 6 0.75, 2 -0.32, 
75% 
279 34.04, 7 7.17, 2 6.69, 3 5.88, 3 5.1, 3 4.92, 2 4.5, 3 4.26, 2 4.03, 2 3.98, 2 3.48, 2 3.26, 2 3.14, 2 3.13, 2 3.11, 2 3.1, 3 3.05, 2 3.03, 2 3.03, 2 3.02, 2 2.99, 2 2.93, 2 2.86, 2 2.84, 2 2.82, 2 2.65, 2 2.55, 2 2.44, 2 2.4, 2 2.35, 3 2.32, 11 2.31, 2 2.28, 2 2.21, 2 2.17, 2 2.16, 3 2.13, 3 2.08, 7 2.02, 4 1.72, 3 1.68, 3 1.55, 3 1.52, 4 1.22, 6 1.07, 6 0.97, 6 0.88, 6 0.75, 2 -0.32, 
76% 
276 34.17, 7 7.17, 2 6.69, 3 5.88, 3 5.1, 3 4.92, 2 4.5, 3 4.26, 2 4.03, 2 3.98, 4 3.74, 2 3.48, 2 3.26, 2 3.14, 2 3.13, 2 3.11, 2 3.1, 3 3.05, 2 3.03, 2 3.03, 2 3.02, 2 2.99, 2 2.93, 2 2.86, 2 2.84, 2 2.82, 2 2.65, 2 2.55, 2 2.44, 2 2.4, 2 2.35, 3 2.32, 11 2.31, 2 2.28, 2 2.21, 2 2.17, 2 2.16, 3 2.13, 7 2.02, 4 1.72, 3 1.68, 3 1.55, 3 1.52, 5 1.33, 4 1.22, 6 0.97, 6 0.88, 6 0.75, 2 -0.32, 
77% 
275 34.27, 7 7.17, 2 6.69, 3 5.88, 3 5.1, 3 4.92, 2 4.5, 3 4.26, 2 4.03, 2 3.98, 4 3.74, 2 3.48, 2 3.26, 2 3.14, 2 3.13, 2 3.11, 2 3.1, 3 3.05, 2 3.03, 2 3.03, 2 3.02, 2 2.99, 2 2.93, 2 2.86, 2 2.84, 2 2.82, 2 2.65, 2 2.55, 2 2.44, 2 2.4, 2 2.35, 3 2.32, 11 2.31, 2 2.28, 2 2.21, 2 2.17, 2 2.16, 3 2.13, 7 2.02, 4 1.72, 3 1.68, 3 1.55, 3 1.52, 5 1.33, 4 1.22, 5 1.11, 6 0.97, 6 0.75, 2 -0.32, 
78% 
273 34.37, 7 7.17, 2 6.69, 3 5.88, 3 5.1, 3 4.92, 2 4.5, 3 4.26, 2 4.03, 2 3.98, 4 3.74, 2 3.48, 2 3.26, 2 3.14, 2 3.13, 2 3.11, 2 3.1, 3 3.05, 2 3.03, 2 3.03, 2 3.02, 2 2.99, 2 2.93, 2 2.86, 2 2.84, 2 2.82, 2 2.65, 2 2.55, 2 2.44, 2 2.4, 2 2.35, 3 2.32, 11 2.31, 2 2.28, 2 2.21, 2 2.17, 2 2.16, 3 2.13, 7 2.02, 4 1.72, 3 1.68, 3 1.55, 3 1.52, 5 1.33, 4 1.22, 5 1.11, 6 0.97, 6 0.75, 2 -0.32, 
79% 
273 34.6, 7 7.17, 2 6.69, 3 5.88, 3 5.1, 3 4.92, 2 4.5, 3 4.26, 2 4.03, 2 3.98, 4 3.74, 2 3.48, 2 3.26, 2 3.14, 2 3.13, 2 3.11, 2 3.1, 3 3.05, 2 3.03, 2 3.03, 2 3.02, 2 2.99, 2 2.93, 2 2.86, 2 2.84, 2 2.82, 2 2.65, 2 2.55, 2 2.44, 2 2.4, 2 2.35, 3 2.32, 11 2.31, 2 2.28, 2 2.21, 2 2.17, 2 2.16, 3 2.13, 7 2.02, 4 1.72, 3 1.68, 3 1.55, 3 1.52, 5 1.33, 4 1.22, 5 1.11, 6 0.97, 6 0.75, 2 -0.32, 
80% 
270 34.74, 7 7.17, 2 6.69, 3 5.88, 3 5.1, 3 4.92, 2 4.5, 3 4.48, 3 4.26, 2 4.2, 2 4.03, 2 3.98, 2 3.48, 2 3.26, 2 3.14, 2 3.13, 2 3.11, 2 3.1, 3 3.05, 2 3.03, 2 3.03, 2 3.02, 2 2.99, 2 2.93, 2 2.86, 2 2.84, 2 2.82, 2 2.65, 2 2.55, 2 2.44, 2 2.4, 2 2.35, 3 2.32, 11 2.31, 2 2.28, 2 2.21, 2 2.17, 2 2.16, 3 2.13, 7 2.02, 4 1.72, 4 1.7, 3 1.68, 4 1.61, 3 1.55, 3 1.52, 4 1.22, 5 1.11, 6 0.97, 6 0.75, 2 -0.32, 
81% 
268 34.83, 7 7.17, 2 6.69, 3 5.88, 3 5.1, 3 4.92, 2 4.5, 3 4.48, 3 4.26, 2 4.2, 3 4.1, 2 4.03, 2 3.98, 2 3.48, 2 3.26, 2 3.14, 2 3.13, 2 3.11, 2 3.1, 3 3.05, 2 3.03, 2 3.03, 2 3.02, 2 2.93, 2 2.86, 2 2.84, 2 2.82, 2 2.65, 2 2.55, 2 2.44, 2 2.4, 2 2.35, 3 2.32, 11 2.31, 2 2.28, 2 2.21, 2 2.17, 2 2.16, 3 2.13, 7 2.02, 4 1.72, 4 1.7, 3 1.68, 4 1.61, 3 1.55, 3 1.52, 5 1.22, 4 1.22, 5 1.11, 6 0.75, 2 -0.32, 
82% 
271 35.19, 6 7.84, 2 6.69, 3 5.88, 3 5.1, 3 4.92, 2 4.5, 3 4.48, 3 4.26, 2 4.2, 3 4.1, 2 4.03, 2 3.98, 2 3.48, 2 3.26, 2 3.14, 2 3.13, 2 3.11, 2 3.1, 3 3.05, 2 3.03, 2 3.03, 2 3.02, 2 2.93, 2 2.86, 2 2.84, 2 2.82, 2 2.65, 2 2.55, 2 2.44, 2 2.4, 2 2.35, 3 2.32, 11 2.31, 2 2.28, 2 2.21, 2 2.17, 2 2.16, 3 2.13, 7 2.02, 4 1.72, 4 1.7, 3 1.68, 4 1.61, 3 1.55, 3 1.52, 5 1.22, 4 1.22, 5 1.11, 6 0.75, 
83% 
270 35.3, 6 7.84, 2 6.69, 3 5.88, 3 5.1, 3 4.92, 2 4.5, 3 4.48, 3 4.26, 2 4.2, 3 4.1, 2 4.03, 2 3.98, 2 3.48, 2 3.26, 2 3.14, 2 3.13, 2 3.11, 2 3.1, 3 3.05, 2 3.03, 2 3.03, 2 3.02, 2 2.93, 2 2.86, 2 2.84, 2 2.82, 2 2.65, 2 2.55, 2 2.44, 2 2.4, 2 2.35, 3 2.32, 11 2.31, 2 2.28, 2 2.21, 2 2.17, 2 2.16, 3 2.13, 7 2.02, 4 1.72, 4 1.7, 3 1.68, 4 1.61, 3 1.55, 3 1.52, 5 1.22, 4 1.22, 5 1.11, 6 0.75, 
84% 
271 35.86, 6 7.84, 2 6.69, 3 5.88, 3 5.1, 3 4.92, 2 4.5, 3 4.48, 3 4.26, 2 4.2, 3 4.1, 2 4.03, 2 3.98, 2 3.48, 2 3.26, 2 3.14, 2 3.13, 2 3.11, 2 3.1, 3 3.05, 2 3.03, 2 3.03, 2 3.02, 2 2.93, 2 2.86, 2 2.84, 2 2.82, 2 2.65, 2 2.55, 2 2.44, 2 2.4, 2 2.35, 3 2.32, 11 2.31, 2 2.28, 2 2.21, 2 2.17, 2 2.16, 3 2.13, 3 2.13, 7 2.02, 4 1.7, 3 1.68, 4 1.61, 3 1.55, 3 1.52, 5 1.22, 4 1.22, 5 1.11, 6 0.75, 
85% 
271 36.25, 6 7.84, 2 6.69, 3 5.88, 3 5.1, 3 4.92, 2 4.5, 3 4.48, 3 4.26, 2 4.2, 3 4.1, 2 4.03, 2 3.98, 2 3.48, 2 3.26, 2 3.14, 2 3.13, 2 3.11, 2 3.1, 3 3.05, 2 3.03, 2 3.03, 2 3.02, 2 2.93, 2 2.86, 2 2.84, 2 2.82, 2 2.65, 2 2.55, 2 2.44, 2 2.4, 2 2.35, 3 2.32, 11 2.31, 2 2.28, 2 2.21, 2 2.17, 2 2.16, 3 2.13, 3 2.13, 7 2.02, 4 1.7, 3 1.68, 4 1.61, 3 1.55, 3 1.52, 5 1.22, 4 1.22, 5 1.11, 6 0.75, 
86% 
271 36.48, 6 7.84, 2 6.69, 3 5.88, 3 5.1, 3 4.92, 2 4.5, 3 4.48, 3 4.26, 2 4.2, 3 4.1, 2 4.03, 2 3.98, 2 3.48, 2 3.26, 2 3.14, 2 3.13, 2 3.11, 2 3.1, 3 3.05, 2 3.03, 2 3.03, 2 3.02, 2 2.93, 2 2.86, 2 2.84, 2 2.82, 2 2.65, 2 2.55, 2 2.44, 2 2.4, 2 2.35, 3 2.32, 11 2.31, 2 2.28, 2 2.21, 2 2.17, 2 2.16, 3 2.13, 3 2.13, 7 2.02, 4 1.7, 3 1.68, 4 1.61, 3 1.55, 3 1.52, 4 1.48, 4 1.22, 5 1.11, 6 0.75, 
87% 
278 36.77, 6 7.84, 2 6.69, 3 5.88, 3 4.92, 2 4.5, 3 4.48, 3 4.26, 2 4.2, 3 4.1, 2 4.03, 2 3.98, 2 3.48, 2 3.26, 2 3.14, 2 3.13, 2 3.11, 2 3.1, 3 3.05, 2 3.03, 2 3.03, 2 3.02, 2 2.93, 2 2.86, 2 2.84, 2 2.82, 2 2.65, 2 2.64, 2 2.55, 2 2.44, 2 2.4, 2 2.35, 3 2.32, 11 2.31, 2 2.28, 2 2.21, 2 2.17, 2 2.16, 2 2.16, 3 2.13, 7 2.02, 4 1.7, 3 1.68, 4 1.61, 3 1.55, 4 1.48, 4 1.22, 5 1.11, 6 0.75, 
88% 
280 37.1, 6 7.84, 2 6.69, 3 5.88, 3 4.92, 2 4.5, 3 4.48, 3 4.26, 2 4.2, 3 4.1, 2 4.03, 2 3.98, 2 3.48, 2 3.26, 2 3.14, 2 3.13, 2 3.11, 2 3.1, 3 3.05, 2 3.03, 2 3.03, 2 3.02, 2 2.93, 2 2.86, 2 2.84, 2 2.82, 2 2.65, 2 2.64, 2 2.55, 2 2.44, 2 2.4, 2 2.35, 3 2.32, 11 2.31, 2 2.28, 2 2.21, 2 2.17, 2 2.16, 2 2.16, 3 2.13, 7 2.02, 4 1.7, 3 1.68, 4 1.61, 3 1.55, 4 1.48, 4 1.22, 5 1.11, 6 0.75, 
89% 
279 37.19, 6 7.84, 2 6.69, 3 5.88, 4 5.43, 3 4.92, 2 4.5, 3 4.26, 2 4.2, 3 4.1, 2 4.03, 2 3.98, 2 3.48, 4 3.43, 2 3.26, 2 3.14, 2 3.13, 2 3.11, 2 3.1, 3 3.05, 2 3.03, 2 3.03, 2 3.02, 2 2.93, 2 2.84, 2 2.82, 2 2.65, 2 2.64, 2 2.55, 2 2.44, 2 2.4, 2 2.35, 3 2.32, 11 2.31, 2 2.28, 2 2.21, 2 2.17, 2 2.16, 2 2.16, 3 2.13, 7 2.02, 4 1.7, 3 1.68, 4 1.61, 3 1.55, 4 1.48, 4 1.22, 5 1.11, 6 0.75, 
90% 
286 37.28, 6 7.84, 2 6.69, 5 6.29, 3 5.88, 2 5.5, 3 4.92, 2 4.5, 3 4.26, 2 4.2, 2 4.03, 2 3.98, 2 3.48, 4 3.43, 2 3.26, 2 3.14, 2 3.13, 2 3.11, 2 3.1, 3 3.05, 2 3.03, 2 3.03, 2 3.02, 2 2.93, 2 2.84, 2 2.82, 2 2.65, 2 2.64, 2 2.55, 2 2.44, 2 2.4, 2 2.35, 3 2.32, 11 2.31, 2 2.28, 2 2.21, 2 2.17, 2 2.16, 2 2.16, 3 2.13, 7 1.93, 4 1.7, 3 1.68, 4 1.61, 4 1.48, 4 1.22, 5 1.11, 6 0.75, 
91% 
286 37.28, 6 7.84, 2 6.69, 5 6.29, 3 5.88, 2 5.5, 3 4.92, 2 4.5, 3 4.26, 2 4.2, 2 4.03, 2 3.98, 2 3.48, 4 3.43, 2 3.26, 2 3.14, 2 3.13, 2 3.11, 2 3.1, 3 3.05, 2 3.03, 2 3.03, 2 3.02, 2 2.93, 2 2.84, 2 2.82, 2 2.65, 2 2.64, 2 2.55, 2 2.44, 2 2.4, 2 2.35, 3 2.32, 11 2.31, 2 2.28, 2 2.21, 2 2.17, 2 2.16, 2 2.16, 3 2.13, 7 1.93, 4 1.7, 3 1.68, 4 1.61, 4 1.48, 4 1.22, 5 1.11, 6 0.75, 
92% 
285 37.73, 6 7.84, 2 6.69, 5 6.29, 3 5.88, 2 5.5, 3 4.92, 2 4.5, 3 4.26, 2 4.2, 2 4.03, 2 3.98, 2 3.48, 4 3.43, 2 3.26, 2 3.14, 2 3.13, 2 3.11, 2 3.1, 3 3.05, 2 3.03, 2 3.03, 2 3.02, 2 2.93, 2 2.84, 2 2.82, 2 2.65, 2 2.64, 2 2.55, 10 2.51, 2 2.44, 2 2.4, 2 2.35, 3 2.32, 2 2.28, 2 2.21, 2 2.17, 2 2.16, 2 2.16, 3 2.13, 3 2.1, 4 2, 7 1.93, 3 1.68, 4 1.61, 4 1.48, 4 1.22, 5 1.11, 6 0.75, 
93% 
287 38.08, 6 7.84, 2 7.8, 2 6.69, 5 6.29, 2 5.5, 3 4.92, 2 4.5, 3 4.26, 2 4.2, 2 4.03, 2 3.98, 2 3.48, 4 3.43, 2 3.26, 2 3.14, 2 3.13, 2 3.11, 2 3.1, 3 3.05, 2 3.03, 2 3.03, 2 3.02, 2 2.93, 2 2.84, 2 2.82, 2 2.65, 2 2.64, 2 2.55, 10 2.51, 2 2.44, 2 2.4, 2 2.35, 3 2.32, 2 2.28, 2 2.21, 2 2.17, 2 2.16, 2 2.16, 3 2.13, 3 2.1, 4 2, 7 1.93, 3 1.68, 4 1.61, 3 1.52, 4 1.48, 4 1.22, 5 1.11, 6 0.75, 
94% 
287 38.08, 6 7.84, 2 7.8, 2 6.69, 5 6.29, 2 5.5, 3 4.92, 2 4.5, 3 4.26, 2 4.2, 2 4.03, 2 3.98, 2 3.48, 4 3.43, 2 3.26, 2 3.14, 2 3.13, 2 3.11, 2 3.1, 3 3.05, 2 3.03, 2 3.03, 2 3.02, 2 2.93, 2 2.84, 2 2.82, 2 2.65, 2 2.64, 2 2.55, 10 2.51, 2 2.44, 2 2.4, 2 2.35, 3 2.32, 2 2.28, 2 2.21, 2 2.17, 2 2.16, 2 2.16, 3 2.13, 3 2.1, 4 2, 7 1.93, 3 1.68, 4 1.61, 3 1.52, 4 1.48, 4 1.22, 5 1.11, 6 0.75, 
95% 
290 38.32, 6 7.84, 2 7.8, 2 6.69, 5 6.29, 3 4.92, 2 4.5, 3 4.26, 2 4.2, 2 4.03, 2 3.98, 2 3.48, 4 3.43, 2 3.26, 2 3.14, 2 3.13, 2 3.11, 2 3.1, 3 3.05, 2 3.03, 2 3.03, 2 3.02, 2 2.93, 2 2.84, 2 2.82, 2 2.65, 2 2.64, 2 2.55, 10 2.51, 2 2.44, 2 2.4, 2 2.35, 3 2.32, 2 2.28, 2 2.21, 2 2.17, 2 2.16, 2 2.16, 3 2.13, 3 2.1, 4 2, 7 1.93, 3 1.68, 4 1.61, 3 1.52, 4 1.48, 4 1.22, 5 1.11, 6 0.75, 
96% 
289 38.38, 6 7.84, 2 7.8, 2 6.69, 5 6.29, 3 4.92, 2 4.5, 3 4.26, 2 4.2, 2 4.03, 2 3.98, 2 3.48, 4 3.43, 2 3.26, 2 3.14, 2 3.13, 2 3.11, 2 3.1, 3 3.05, 2 3.03, 2 3.03, 2 3.02, 2 2.93, 2 2.84, 2 2.82, 2 2.65, 2 2.64, 2 2.55, 10 2.51, 2 2.44, 2 2.4, 2 2.35, 3 2.32, 2 2.28, 2 2.27, 2 2.21, 2 2.17, 2 2.16, 2 2.16, 3 2.13, 3 2.1, 4 2, 7 1.93, 3 1.68, 4 1.61, 3 1.52, 4 1.48, 4 1.22, 5 1.11, 6 0.75, 
97% 
287 38.52, 2 10.56, 6 7.84, 2 7.8, 2 6.69, 5 6.29, 3 4.92, 2 4.5, 3 4.26, 2 4.2, 2 4.03, 2 3.98, 2 3.48, 4 3.43, 2 3.26, 2 3.14, 2 3.13, 2 3.11, 2 3.1, 3 3.05, 2 3.03, 2 3.03, 2 3.02, 2 2.93, 2 2.84, 2 2.82, 16 2.68, 2 2.65, 2 2.64, 2 2.55, 10 2.51, 2 2.44, 2 2.4, 2 2.35, 3 2.32, 2 2.28, 2 2.27, 2 2.17, 2 2.16, 2 2.16, 3 2.13, 3 2.1, 3 1.68, 4 1.61, 3 1.52, 4 1.48, 4 1.22, 5 1.11, 5 0.97, 
98% 
294 38.61, 2 10.56, 6 7.84, 2 7.8, 2 6.69, 5 6.29, 3 4.92, 2 4.5, 3 4.26, 2 4.2, 2 4.03, 2 3.98, 2 3.48, 2 3.26, 2 3.14, 2 3.13, 2 3.11, 2 3.1, 3 3.05, 2 3.03, 2 3.03, 2 3.02, 2 2.93, 2 2.84, 2 2.82, 16 2.68, 2 2.65, 2 2.64, 2 2.55, 10 2.51, 2 2.44, 2 2.4, 2 2.35, 3 2.32, 2 2.28, 2 2.27, 2 2.17, 2 2.16, 2 2.16, 3 2.13, 3 2.1, 3 1.68, 4 1.61, 3 1.52, 4 1.48, 4 1.22, 5 1.11, 5 0.97, 
99% 
288 38.88, 2 10.56, 6 7.84, 2 7.8, 2 6.69, 5 6.29, 3 4.92, 2 4.5, 3 4.26, 2 4.2, 2 4.03, 2 3.98, 2 3.48, 2 3.26, 2 3.14, 2 3.13, 2 3.11, 2 3.1, 3 3.05, 2 3.03, 2 3.03, 2 3.02, 2 2.93, 2 2.84, 2 2.82, 16 2.68, 2 2.65, 2 2.64, 2 2.55, 10 2.51, 2 2.44, 2 2.4, 2 2.35, 3 2.32, 2 2.28, 2 2.27, 2 2.17, 2 2.16, 2 2.16, 3 2.13, 3 2.13, 3 2.1, 3 1.68, 4 1.61, 3 1.52, 4 1.48, 4 1.22, 5 1.11, 5 0.97, 
100%
289 38.98, 2 10.56, 6 7.84, 2 7.8, 2 6.69, 5 6.29, 3 4.92, 2 4.5, 3 4.26, 2 4.2, 2 4.03, 2 3.98, 2 3.48, 2 3.26, 2 3.14, 2 3.13, 2 3.11, 2 3.1, 3 3.05, 2 3.03, 2 3.03, 2 3.02, 2 2.93, 2 2.84, 15 2.83, 2 2.82, 2 2.65, 2 2.64, 2 2.55, 10 2.51, 2 2.44, 2 2.4, 2 2.35, 3 2.32, 2 2.28, 2 2.27, 2 2.17, 2 2.16, 2 2.16, 3 2.13, 3 2.13, 3 2.1, 3 1.68, 4 1.61, 3 1.52, 4 1.48, 4 1.22, 5 1.11, 5 0.97, 
