-sif=/home/safia/anaconda3/lib/R/library/pathfindR/extdata/KEGG.sif
-sig=/home/safia/Documents/pathfindR_Results(3)/active_snw_searches/Iteration_1/active_snw_search/input_for_search.txt
-method=SA
-saTemp0=1
-saTemp1=0.01
-saIter=10000
-geneInitProb=0.01
-gaPop=400
-gaIter=200
-gaThread=5
-gaMut=0
-grMaxDepth=1
-grSearchDepth=1
-grOverlap=0.5
-grSubNum=1000
2 -0.11, 2 -0.11, 2 -0.11, 3 -0.14, 3 -0.14, 
Percentage of finished job, node number and score of modules that have more than one node are as follows:
0%
1% 
2 12.57, 2 -0.11, 2 -0.11, 2 -0.11, 3 -0.14, 3 -0.14, 
2% 
2 12.57, 2 -0.11, 2 -0.11, 2 -0.11, 3 -0.14, 
3% 
2 12.57, 2 -0.11, 2 -0.11, 3 -0.14, 
4% 
2 12.57, 2 -0.11, 2 -0.11, 3 -0.14, 
5% 
2 12.57, 2 -0.11, 2 -0.11, 3 -0.14, 
6% 
2 12.57, 2 -0.11, 2 -0.11, 3 -0.14, 
7% 
2 12.57, 2 -0.11, 2 -0.11, 3 -0.14, 
8% 
2 12.57, 2 -0.11, 2 -0.11, 3 -0.14, 
9% 
2 12.57, 2 -0.11, 2 -0.11, 3 -0.14, 
10% 
2 12.57, 2 7.1, 2 -0.11, 2 -0.11, 3 -0.14, 
11% 
2 12.57, 2 7.1, 2 -0.11, 2 -0.11, 3 -0.14, 
12% 
2 12.57, 2 7.1, 2 -0.11, 2 -0.11, 3 -0.14, 
13% 
2 12.57, 2 7.1, 11 3.67, 2 -0.11, 2 -0.11, 3 -0.14, 
14% 
2 12.57, 2 7.1, 11 3.67, 2 -0.11, 2 -0.11, 3 -0.14, 
15% 
2 12.57, 2 7.1, 4 4.05, 11 3.67, 2 -0.11, 2 -0.11, 
16% 
2 12.57, 3 10.58, 4 4.05, 11 3.67, 2 -0.11, 2 -0.11, 
17% 
7 13.24, 4 4.05, 10 3.82, 2 -0.11, 2 -0.11, 
18% 
7 13.24, 4 4.05, 10 3.82, 2 -0.11, 2 -0.11, 
19% 
7 13.24, 6 5.95, 3 4.67, 9 4.09, 4 4.05, 2 -0.11, 2 -0.11, 
20% 
7 13.24, 6 5.95, 3 4.67, 9 4.09, 4 4.05, 2 -0.11, 2 -0.11, 
21% 
2 13.51, 4 7.99, 6 5.95, 3 4.67, 9 4.09, 4 4.05, 2 -0.11, 2 -0.11, 
22% 
2 13.51, 4 7.99, 6 5.95, 3 4.67, 9 4.09, 4 4.05, 2 -0.11, 2 -0.11, 
23% 
2 13.51, 4 7.99, 6 5.95, 3 4.67, 9 4.09, 4 4.05, 2 -0.11, 2 -0.11, 
24% 
2 13.51, 4 7.99, 6 5.95, 3 4.67, 9 4.09, 4 4.05, 2 -0.11, 2 -0.11, 
25% 
2 13.51, 2 12.57, 6 5.95, 3 4.67, 9 4.09, 4 4.05, 2 -0.11, 2 -0.11, 
26% 
2 13.51, 2 12.57, 6 5.95, 3 4.67, 9 4.09, 4 4.05, 2 -0.11, 2 -0.11, 
27% 
2 13.51, 2 12.57, 2 8.41, 6 5.95, 3 4.67, 9 4.09, 4 4.05, 2 -0.11, 2 -0.11, 
28% 
2 13.51, 2 12.57, 2 8.41, 2 7.87, 6 5.95, 3 4.67, 9 4.09, 4 4.05, 14 1.93, 2 -0.11, 2 -0.11, 
29% 
2 13.51, 2 12.57, 2 8.41, 2 7.87, 6 5.95, 3 5.29, 5 5, 3 4.67, 9 4.09, 4 4.05, 14 1.93, 2 -0.11, 2 -0.11, 
30% 
2 13.51, 2 12.57, 2 8.41, 2 7.87, 6 5.95, 3 5.29, 5 5, 3 4.67, 9 4.09, 4 4.05, 13 2.08, 2 -0.11, 2 -0.11, 
31% 
2 13.51, 2 12.57, 2 8.41, 2 7.87, 6 5.95, 3 5.29, 5 5, 3 4.67, 9 4.09, 4 4.05, 13 2.08, 2 -0.11, 2 -0.11, 
32% 
2 13.51, 2 12.57, 2 8.41, 2 7.87, 6 5.95, 3 5.29, 5 5, 3 4.67, 9 4.09, 4 4.05, 13 2.08, 2 -0.11, 2 -0.11, 
33% 
2 13.51, 2 12.57, 2 8.41, 2 7.87, 6 5.95, 3 5.29, 5 5, 3 4.67, 9 4.09, 4 4.05, 13 2.08, 2 -0.11, 2 -0.11, 
34% 
2 13.51, 2 12.57, 2 8.41, 2 7.87, 6 5.95, 3 5.29, 5 5, 3 4.67, 8 4.27, 4 4.05, 13 2.08, 2 -0.11, 2 -0.11, 
35% 
2 13.51, 2 12.57, 2 8.41, 2 7.87, 6 5.95, 3 5.29, 5 5, 3 4.67, 8 4.27, 4 4.05, 13 2.08, 2 -0.11, 2 -0.11, 
36% 
2 13.51, 2 12.57, 2 8.41, 2 7.87, 5 6.59, 2 5.81, 3 5.29, 5 5, 3 4.67, 8 4.27, 4 4.05, 13 2.08, 2 -0.11, 2 -0.11, 
37% 
2 13.51, 2 12.57, 2 8.41, 2 7.87, 5 6.59, 2 5.81, 3 5.29, 5 5, 3 4.67, 8 4.27, 4 4.05, 13 2.08, 2 -0.11, 2 -0.11, 
38% 
2 13.51, 2 12.57, 2 8.41, 2 7.87, 5 6.59, 2 5.81, 4 5.42, 3 5.29, 3 4.67, 8 4.27, 4 4.05, 13 2.08, 2 -0.11, 2 -0.11, 
39% 
2 13.51, 2 12.57, 2 8.41, 2 7.87, 5 6.59, 8 6.1, 2 5.81, 4 5.42, 3 5.29, 3 4.67, 8 4.27, 4 4.05, 13 2.08, 2 -0.11, 2 -0.11, 
40% 
2 13.51, 2 12.57, 2 8.41, 2 7.87, 5 6.59, 8 6.1, 2 5.81, 4 5.42, 3 5.29, 3 4.67, 8 4.27, 4 4.05, 11 2.22, 2 -0.11, 2 -0.11, 
41% 
2 13.51, 2 12.57, 2 8.41, 2 7.87, 5 6.59, 8 6.1, 2 5.81, 4 5.42, 3 5.29, 3 5.02, 3 4.67, 7 4.57, 14 3.82, 11 2.22, 2 -0.11, 2 -0.11, 
42% 
2 13.51, 2 12.57, 2 8.41, 2 7.87, 5 6.59, 8 6.1, 2 5.81, 4 5.42, 3 5.29, 3 5.02, 3 4.67, 7 4.57, 14 3.82, 11 2.22, 2 -0.11, 2 -0.11, 
43% 
2 13.51, 2 12.57, 2 8.41, 2 7.87, 5 6.59, 8 6.1, 2 5.81, 4 5.42, 3 5.29, 3 5.02, 3 4.67, 7 4.57, 13 4.07, 11 2.22, 2 -0.11, 2 -0.11, 
44% 
2 13.51, 2 12.57, 2 8.41, 2 7.87, 22 7.11, 5 6.59, 2 5.81, 4 5.42, 3 5.29, 3 5.02, 3 4.67, 7 4.57, 11 2.22, 2 -0.11, 2 -0.11, 
45% 
2 13.51, 2 12.57, 2 8.41, 2 7.87, 22 7.11, 5 6.59, 2 5.81, 4 5.42, 3 5.29, 3 5.02, 6 4.87, 3 4.67, 10 2.32, 2 -0.11, 2 -0.11, 
46% 
2 13.51, 2 12.57, 2 8.41, 2 7.87, 22 7.11, 5 6.59, 2 6.16, 2 5.81, 4 5.42, 3 5.29, 3 5.02, 6 4.87, 3 4.67, 10 2.32, 2 -0.11, 2 -0.11, 
47% 
2 13.51, 2 12.57, 23 8.79, 2 8.41, 2 7.87, 5 6.59, 2 6.16, 2 5.81, 4 5.42, 3 5.29, 3 5.02, 6 4.87, 3 4.67, 8 2.61, 2 -0.11, 2 -0.11, 
48% 
2 13.51, 2 12.57, 23 8.79, 2 8.41, 2 7.87, 5 6.59, 2 6.16, 2 5.81, 4 5.42, 3 5.29, 3 5.02, 6 4.87, 3 4.67, 8 2.61, 2 -0.11, 2 -0.11, 
49% 
2 13.51, 2 12.57, 23 8.79, 2 8.41, 2 7.87, 5 6.59, 2 6.16, 2 5.81, 4 5.42, 3 5.29, 3 5.02, 6 4.87, 3 4.67, 8 2.61, 2 -0.11, 2 -0.11, 
50% 
2 13.51, 2 12.57, 30 9.65, 2 8.41, 2 7.87, 4 7.13, 2 6.16, 2 5.81, 4 5.42, 3 5.02, 6 4.87, 3 4.67, 8 2.61, 2 -0.11, 
51% 
2 13.51, 2 12.57, 30 9.65, 2 8.41, 2 7.87, 4 7.13, 2 6.16, 2 5.81, 4 5.42, 3 5.02, 6 4.87, 3 4.67, 8 2.61, 2 -0.11, 
52% 
2 13.51, 2 12.57, 29 9.79, 3 8.79, 2 8.41, 2 7.87, 2 6.16, 2 5.81, 4 5.42, 3 5.02, 6 4.87, 3 4.67, 7 2.81, 2 -0.11, 
53% 
2 13.51, 2 12.57, 29 9.79, 3 8.79, 2 8.41, 2 7.87, 2 6.16, 2 5.81, 4 5.42, 3 5.02, 6 4.87, 3 4.67, 7 2.81, 2 -0.11, 
54% 
2 13.51, 2 12.57, 31 12.27, 3 8.79, 2 8.41, 2 7.87, 2 6.45, 2 6.16, 2 5.81, 4 5.42, 6 4.87, 3 4.67, 7 2.81, 
55% 
2 13.51, 2 12.57, 31 12.27, 3 8.79, 2 8.41, 2 7.87, 2 6.45, 2 6.16, 2 5.81, 4 5.42, 6 4.87, 3 4.67, 6 3, 
56% 
2 13.51, 2 12.57, 30 12.42, 3 8.79, 2 8.41, 2 7.87, 2 6.45, 2 6.16, 2 6.01, 2 5.81, 4 5.42, 6 4.87, 5 3.34, 
57% 
2 13.51, 2 12.57, 30 12.42, 3 8.79, 2 8.41, 2 7.87, 2 6.45, 2 6.16, 2 6.01, 2 5.81, 4 5.42, 6 4.87, 5 3.34, 
58% 
2 13.51, 36 12.62, 2 12.57, 3 8.79, 2 8.41, 2 7.87, 3 6.7, 2 6.16, 2 6.01, 2 5.81, 6 4.87, 13 4.22, 5 3.34, 
59% 
2 13.51, 36 12.62, 2 12.57, 3 8.79, 2 8.41, 2 7.87, 3 6.7, 2 6.16, 2 6.01, 2 5.81, 6 4.87, 13 4.22, 4 3.63, 
60% 
2 13.51, 34 13.14, 2 12.57, 3 8.79, 2 8.41, 2 7.87, 3 6.7, 2 6.16, 2 6.01, 2 5.81, 6 4.87, 13 4.22, 4 3.63, 
61% 
32 13.89, 2 13.51, 2 12.57, 3 8.79, 2 8.41, 2 7.87, 3 6.7, 2 6.16, 2 6.01, 2 5.81, 28 5.3, 4 3.63, 
62% 
31 14.01, 2 13.51, 2 12.57, 3 8.79, 2 8.41, 2 7.87, 3 6.7, 2 6.16, 2 6.01, 2 5.81, 28 5.3, 4 3.63, 
63% 
30 14.19, 2 13.51, 2 12.57, 3 8.79, 2 8.41, 2 7.87, 3 6.7, 33 6.52, 2 6.01, 2 5.81, 4 3.63, 
64% 
30 14.19, 2 13.51, 2 12.57, 3 8.79, 2 8.41, 2 7.87, 3 6.7, 33 6.52, 2 6.01, 2 5.81, 4 3.63, 
65% 
30 14.19, 2 13.51, 2 12.57, 3 8.79, 2 8.41, 2 7.87, 3 6.7, 33 6.52, 2 6.01, 2 5.81, 4 3.63, 
66% 
30 14.19, 2 13.51, 2 12.57, 3 8.79, 2 8.41, 2 7.87, 3 6.7, 32 6.67, 2 6.01, 2 5.81, 4 3.63, 
67% 
29 14.39, 2 13.51, 2 12.57, 3 8.79, 2 8.41, 2 7.87, 3 6.7, 32 6.67, 2 6.01, 2 5.81, 4 3.63, 
68% 
27 14.83, 2 13.51, 2 12.57, 3 8.79, 2 8.41, 2 7.87, 31 6.73, 3 6.7, 2 6.01, 2 5.81, 4 3.63, 
69% 
27 14.83, 2 13.51, 2 12.57, 3 8.79, 2 8.41, 2 7.87, 30 6.82, 3 6.7, 2 6.01, 2 5.81, 3 4.51, 
70% 
26 15.02, 2 13.51, 2 12.57, 3 8.79, 2 8.41, 2 7.87, 28 7.04, 3 6.7, 2 6.01, 2 5.81, 3 4.51, 
71% 
26 15.02, 2 13.51, 2 12.57, 3 8.79, 2 8.41, 2 7.87, 28 7.04, 3 6.7, 2 6.01, 2 5.81, 3 4.51, 
72% 
26 15.02, 2 13.51, 2 12.57, 3 8.79, 2 8.41, 2 7.87, 28 7.04, 3 6.7, 2 6.01, 2 5.81, 3 4.51, 7 3.31, 
73% 
27 17.11, 2 13.51, 2 12.57, 3 8.79, 2 8.41, 2 7.87, 28 7.04, 3 6.7, 2 6.01, 2 5.81, 6 4.88, 3 4.51, 7 3.31, 
74% 
27 17.11, 2 13.51, 2 12.57, 3 8.79, 2 8.41, 2 7.87, 28 7.04, 3 6.7, 2 6.01, 2 5.81, 6 4.88, 3 4.51, 7 3.31, 
75% 
26 17.33, 2 13.51, 2 12.57, 2 11.24, 2 8.41, 2 7.87, 28 7.04, 3 6.7, 2 6.01, 2 5.81, 6 4.88, 3 4.51, 7 3.31, 
76% 
26 17.33, 2 13.51, 2 12.57, 2 11.24, 2 8.41, 2 7.87, 28 7.04, 3 6.7, 2 6.01, 2 5.81, 6 4.88, 3 4.51, 6 3.54, 
77% 
26 17.33, 2 13.51, 2 12.57, 2 11.24, 2 8.41, 2 7.87, 35 7.84, 3 6.7, 2 6.01, 2 5.81, 6 4.88, 3 4.51, 
78% 
26 17.33, 2 13.51, 2 12.57, 2 11.24, 2 8.41, 2 7.87, 35 7.84, 3 6.7, 2 6.01, 2 5.81, 6 4.88, 3 4.51, 
79% 
26 17.33, 2 13.51, 2 12.57, 2 11.24, 2 8.41, 2 7.87, 35 7.84, 3 6.7, 2 6.01, 2 5.81, 6 4.88, 3 4.51, 
80% 
26 17.33, 2 13.51, 2 12.57, 2 11.24, 2 8.41, 2 7.87, 35 7.84, 3 6.7, 2 6.01, 2 5.81, 6 4.88, 3 4.51, 
81% 
26 17.33, 2 13.51, 2 12.57, 2 11.24, 2 8.41, 34 8.02, 2 7.87, 3 6.7, 2 6.01, 2 5.81, 6 4.88, 3 4.51, 
82% 
29 18.48, 2 13.51, 2 12.57, 2 11.24, 2 8.41, 34 8.02, 2 7.87, 3 6.7, 2 6.01, 2 5.81, 6 4.88, 3 4.51, 
83% 
29 18.48, 2 13.51, 2 12.57, 2 11.24, 2 8.41, 33 8.31, 2 7.87, 3 6.7, 2 6.01, 2 5.81, 6 4.88, 3 4.51, 
84% 
29 18.48, 2 13.51, 2 12.57, 2 11.24, 32 8.49, 2 8.41, 2 7.87, 3 6.7, 2 6.01, 2 5.81, 6 4.88, 3 4.51, 4 4.27, 
85% 
29 18.48, 2 13.51, 2 12.57, 2 11.24, 31 8.57, 2 8.41, 2 7.87, 3 6.7, 2 6.01, 2 5.81, 6 4.88, 3 4.51, 4 4.27, 
86% 
29 18.48, 2 13.51, 2 12.57, 2 11.24, 38 9.02, 2 8.41, 2 7.87, 3 6.7, 2 6.01, 2 5.81, 6 4.88, 3 4.51, 4 4.27, 
87% 
28 18.76, 2 13.51, 2 12.57, 2 11.24, 38 9.02, 2 8.41, 2 7.87, 3 7.51, 3 6.7, 2 6.01, 2 5.81, 6 4.88, 3 4.51, 4 4.27, 
88% 
28 18.76, 2 13.51, 2 12.57, 2 11.24, 37 9.21, 2 8.41, 2 7.87, 3 7.51, 3 6.7, 5 6.13, 2 6.01, 2 5.81, 6 4.88, 3 4.51, 4 4.27, 
89% 
27 19.04, 2 13.51, 2 12.57, 2 11.24, 37 9.21, 2 8.41, 2 7.87, 3 7.51, 3 6.7, 5 6.13, 2 6.01, 2 5.81, 6 4.88, 3 4.51, 4 4.27, 
90% 
64 19.29, 2 13.51, 2 12.57, 2 11.24, 2 8.41, 2 7.87, 3 7.51, 3 6.7, 5 6.13, 2 6.01, 2 5.81, 3 5.29, 6 4.88, 3 4.51, 
91% 
64 19.29, 2 13.51, 2 12.57, 2 11.24, 2 8.41, 2 7.87, 3 7.51, 3 6.7, 5 6.13, 2 6.01, 2 5.81, 3 5.29, 6 4.88, 3 4.51, 
92% 
78 20.99, 2 12.57, 2 11.24, 2 8.41, 2 7.87, 3 7.51, 3 6.7, 5 6.13, 2 6.01, 2 5.81, 3 5.29, 3 4.51, 
93% 
77 21.17, 2 12.57, 2 11.24, 2 8.41, 2 7.87, 3 7.51, 3 6.7, 5 6.13, 2 6.01, 2 5.81, 3 5.29, 3 4.51, 
94% 
76 21.29, 2 12.57, 2 11.24, 2 8.41, 2 7.87, 3 7.51, 3 6.7, 5 6.13, 2 6.01, 2 5.81, 3 5.29, 3 4.51, 
95% 
84 21.79, 2 12.57, 2 11.24, 2 8.41, 2 7.87, 3 7.51, 3 6.7, 2 6.01, 2 5.81, 3 5.29, 3 4.51, 
96% 
84 21.79, 2 12.57, 2 11.24, 2 8.41, 2 7.87, 3 7.51, 3 6.7, 6 6.21, 2 6.01, 3 5.29, 
97% 
83 21.94, 2 12.57, 2 11.24, 2 8.59, 2 8.41, 2 7.87, 3 7.51, 6 6.21, 2 6.01, 3 5.29, 
98% 
81 22.24, 2 12.57, 2 11.24, 2 8.59, 2 8.41, 2 7.87, 3 7.51, 6 6.21, 2 6.01, 3 5.29, 
99% 
81 22.24, 2 12.57, 2 11.24, 2 8.59, 2 8.41, 2 7.87, 3 7.51, 6 6.21, 2 6.01, 3 5.29, 
100%
115 23.29, 2 11.24, 2 8.59, 2 8.41, 2 7.87, 3 7.51, 2 6.01, 3 5.29, 
