-sif=/home/safia/anaconda3/lib/R/library/pathfindR/extdata/KEGG.sif
-sig=/home/safia/Documents/pathfindR_Results(1)/active_snw_searches/Iteration_7/active_snw_search/input_for_search.txt
-method=SA
-saTemp0=1
-saTemp1=0.01
-saIter=10000
-geneInitProb=0.136666666666667
-gaPop=400
-gaIter=200
-gaThread=5
-gaMut=0
-grMaxDepth=1
-grSearchDepth=1
-grOverlap=0.5
-grSubNum=1000
2 -0.12, 2 -0.12, 2 -0.12, 2 -0.12, 2 -0.12, 2 -0.12, 2 -0.12, 2 -0.12, 2 -0.12, 2 -0.12, 2 -0.12, 2 -0.12, 2 -0.12, 2 -0.12, 2 -0.12, 2 -0.12, 2 -0.12, 2 -0.12, 2 -0.12, 2 -0.12, 2 -0.12, 2 -0.12, 3 -0.15, 3 -0.15, 3 -0.15, 3 -0.15, 3 -0.15, 3 -0.15, 3 -0.15, 3 -0.15, 3 -0.15, 3 -0.15, 4 -0.17, 4 -0.17, 4 -0.17, 4 -0.17, 5 -0.18, 5 -0.18, 5 -0.18, 9 -0.25, 10 -0.26, 13 -0.31, 434 -0.99, 
Percentage of finished job, node number and score of modules that have more than one node are as follows:
0%
1% 
2 -0.12, 2 -0.12, 2 -0.12, 2 -0.12, 2 -0.12, 2 -0.12, 2 -0.12, 2 -0.12, 2 -0.12, 2 -0.12, 2 -0.12, 2 -0.12, 2 -0.12, 2 -0.12, 2 -0.12, 2 -0.12, 2 -0.12, 2 -0.12, 2 -0.12, 2 -0.12, 2 -0.12, 2 -0.12, 3 -0.15, 3 -0.15, 3 -0.15, 3 -0.15, 3 -0.15, 3 -0.15, 3 -0.15, 3 -0.15, 3 -0.15, 3 -0.15, 4 -0.17, 4 -0.17, 4 -0.17, 4 -0.17, 5 -0.18, 5 -0.18, 5 -0.18, 5 -0.18, 9 -0.25, 10 -0.26, 12 -0.29, 408 -0.92, 
2% 
2 -0.12, 2 -0.12, 2 -0.12, 2 -0.12, 2 -0.12, 2 -0.12, 2 -0.12, 2 -0.12, 2 -0.12, 2 -0.12, 2 -0.12, 2 -0.12, 2 -0.12, 2 -0.12, 2 -0.12, 2 -0.12, 2 -0.12, 2 -0.12, 2 -0.12, 2 -0.12, 2 -0.12, 2 -0.12, 2 -0.12, 3 -0.15, 3 -0.15, 3 -0.15, 3 -0.15, 3 -0.15, 3 -0.15, 3 -0.15, 3 -0.15, 3 -0.15, 3 -0.15, 3 -0.15, 4 -0.17, 4 -0.17, 4 -0.17, 5 -0.18, 5 -0.18, 5 -0.18, 5 -0.18, 9 -0.25, 9 -0.25, 12 -0.29, 401 -0.9, 
3% 
2 -0.12, 2 -0.12, 2 -0.12, 2 -0.12, 2 -0.12, 2 -0.12, 2 -0.12, 2 -0.12, 2 -0.12, 2 -0.12, 2 -0.12, 2 -0.12, 2 -0.12, 2 -0.12, 2 -0.12, 2 -0.12, 2 -0.12, 2 -0.12, 2 -0.12, 2 -0.12, 2 -0.12, 2 -0.12, 2 -0.12, 3 -0.15, 3 -0.15, 3 -0.15, 3 -0.15, 3 -0.15, 3 -0.15, 3 -0.15, 3 -0.15, 3 -0.15, 3 -0.15, 3 -0.15, 4 -0.17, 4 -0.17, 4 -0.17, 4 -0.17, 5 -0.18, 5 -0.18, 5 -0.18, 9 -0.25, 9 -0.25, 12 -0.29, 398 -0.89, 
4% 
3 8.07, 2 -0.12, 2 -0.12, 2 -0.12, 2 -0.12, 2 -0.12, 2 -0.12, 2 -0.12, 2 -0.12, 2 -0.12, 2 -0.12, 2 -0.12, 2 -0.12, 2 -0.12, 2 -0.12, 2 -0.12, 2 -0.12, 2 -0.12, 2 -0.12, 2 -0.12, 2 -0.12, 2 -0.12, 2 -0.12, 3 -0.15, 3 -0.15, 3 -0.15, 3 -0.15, 3 -0.15, 3 -0.15, 3 -0.15, 3 -0.15, 3 -0.15, 3 -0.15, 4 -0.17, 4 -0.17, 4 -0.17, 4 -0.17, 5 -0.18, 5 -0.18, 5 -0.18, 9 -0.25, 9 -0.25, 11 -0.27, 396 -0.88, 
5% 
3 8.07, 2 -0.12, 2 -0.12, 2 -0.12, 2 -0.12, 2 -0.12, 2 -0.12, 2 -0.12, 2 -0.12, 2 -0.12, 2 -0.12, 2 -0.12, 2 -0.12, 2 -0.12, 2 -0.12, 2 -0.12, 2 -0.12, 2 -0.12, 2 -0.12, 2 -0.12, 2 -0.12, 2 -0.12, 2 -0.12, 3 -0.15, 3 -0.15, 3 -0.15, 3 -0.15, 3 -0.15, 3 -0.15, 3 -0.15, 3 -0.15, 3 -0.15, 3 -0.15, 4 -0.17, 4 -0.17, 4 -0.17, 4 -0.17, 4 -0.17, 5 -0.18, 5 -0.18, 9 -0.25, 9 -0.25, 10 -0.26, 391 -0.32, 
6% 
3 8.07, 2 -0.12, 2 -0.12, 2 -0.12, 2 -0.12, 2 -0.12, 2 -0.12, 2 -0.12, 2 -0.12, 2 -0.12, 2 -0.12, 2 -0.12, 2 -0.12, 2 -0.12, 2 -0.12, 2 -0.12, 2 -0.12, 2 -0.12, 2 -0.12, 2 -0.12, 2 -0.12, 2 -0.12, 3 -0.15, 3 -0.15, 3 -0.15, 3 -0.15, 3 -0.15, 3 -0.15, 3 -0.15, 3 -0.15, 3 -0.15, 3 -0.15, 4 -0.17, 4 -0.17, 4 -0.17, 4 -0.17, 4 -0.17, 5 -0.18, 5 -0.18, 9 -0.25, 9 -0.25, 10 -0.26, 377 -0.27, 
7% 
3 8.07, 2 -0.12, 2 -0.12, 2 -0.12, 2 -0.12, 2 -0.12, 2 -0.12, 2 -0.12, 2 -0.12, 2 -0.12, 2 -0.12, 2 -0.12, 2 -0.12, 2 -0.12, 2 -0.12, 2 -0.12, 2 -0.12, 2 -0.12, 2 -0.12, 2 -0.12, 2 -0.12, 2 -0.12, 2 -0.12, 3 -0.15, 3 -0.15, 3 -0.15, 3 -0.15, 3 -0.15, 3 -0.15, 3 -0.15, 3 -0.15, 3 -0.15, 4 -0.17, 4 -0.17, 4 -0.17, 4 -0.17, 4 -0.17, 5 -0.18, 5 -0.18, 369 -0.24, 9 -0.25, 9 -0.25, 10 -0.26, 
8% 
3 8.07, 2 -0.12, 2 -0.12, 2 -0.12, 2 -0.12, 2 -0.12, 2 -0.12, 2 -0.12, 2 -0.12, 2 -0.12, 2 -0.12, 2 -0.12, 2 -0.12, 2 -0.12, 2 -0.12, 2 -0.12, 2 -0.12, 2 -0.12, 2 -0.12, 2 -0.12, 2 -0.12, 2 -0.12, 3 -0.15, 3 -0.15, 3 -0.15, 3 -0.15, 3 -0.15, 3 -0.15, 3 -0.15, 3 -0.15, 3 -0.15, 4 -0.17, 4 -0.17, 4 -0.17, 4 -0.17, 4 -0.17, 5 -0.18, 5 -0.18, 364 -0.22, 9 -0.25, 9 -0.25, 10 -0.26, 
9% 
3 8.07, 375 0.49, 2 -0.12, 2 -0.12, 2 -0.12, 2 -0.12, 2 -0.12, 2 -0.12, 2 -0.12, 2 -0.12, 2 -0.12, 2 -0.12, 2 -0.12, 2 -0.12, 2 -0.12, 2 -0.12, 2 -0.12, 2 -0.12, 2 -0.12, 2 -0.12, 2 -0.12, 2 -0.12, 3 -0.15, 3 -0.15, 3 -0.15, 3 -0.15, 3 -0.15, 3 -0.15, 3 -0.15, 3 -0.15, 3 -0.15, 4 -0.17, 4 -0.17, 4 -0.17, 4 -0.17, 5 -0.18, 5 -0.18, 9 -0.25, 10 -0.26, 
10% 
3 8.07, 366 0.53, 2 -0.12, 2 -0.12, 2 -0.12, 2 -0.12, 2 -0.12, 2 -0.12, 2 -0.12, 2 -0.12, 2 -0.12, 2 -0.12, 2 -0.12, 2 -0.12, 2 -0.12, 2 -0.12, 2 -0.12, 2 -0.12, 2 -0.12, 2 -0.12, 2 -0.12, 3 -0.15, 3 -0.15, 3 -0.15, 3 -0.15, 3 -0.15, 3 -0.15, 3 -0.15, 3 -0.15, 3 -0.15, 4 -0.17, 4 -0.17, 4 -0.17, 4 -0.17, 5 -0.18, 5 -0.18, 9 -0.25, 9 -0.25, 
11% 
3 8.07, 358 0.57, 2 -0.12, 2 -0.12, 2 -0.12, 2 -0.12, 2 -0.12, 2 -0.12, 2 -0.12, 2 -0.12, 2 -0.12, 2 -0.12, 2 -0.12, 2 -0.12, 2 -0.12, 2 -0.12, 2 -0.12, 2 -0.12, 2 -0.12, 2 -0.12, 2 -0.12, 3 -0.15, 3 -0.15, 3 -0.15, 3 -0.15, 3 -0.15, 3 -0.15, 3 -0.15, 3 -0.15, 3 -0.15, 4 -0.17, 4 -0.17, 4 -0.17, 4 -0.17, 5 -0.18, 5 -0.18, 9 -0.25, 9 -0.25, 
12% 
3 8.07, 355 0.59, 2 -0.12, 2 -0.12, 2 -0.12, 2 -0.12, 2 -0.12, 2 -0.12, 2 -0.12, 2 -0.12, 2 -0.12, 2 -0.12, 2 -0.12, 2 -0.12, 2 -0.12, 2 -0.12, 2 -0.12, 2 -0.12, 2 -0.12, 2 -0.12, 2 -0.12, 2 -0.12, 3 -0.15, 3 -0.15, 3 -0.15, 3 -0.15, 3 -0.15, 3 -0.15, 3 -0.15, 3 -0.15, 3 -0.15, 4 -0.17, 4 -0.17, 4 -0.17, 4 -0.17, 5 -0.18, 5 -0.18, 8 -0.24, 9 -0.25, 
13% 
3 8.07, 2 7.5, 351 0.61, 2 -0.12, 2 -0.12, 2 -0.12, 2 -0.12, 2 -0.12, 2 -0.12, 2 -0.12, 2 -0.12, 2 -0.12, 2 -0.12, 2 -0.12, 2 -0.12, 2 -0.12, 2 -0.12, 2 -0.12, 2 -0.12, 2 -0.12, 2 -0.12, 2 -0.12, 2 -0.12, 3 -0.15, 3 -0.15, 3 -0.15, 3 -0.15, 3 -0.15, 3 -0.15, 3 -0.15, 3 -0.15, 4 -0.17, 4 -0.17, 4 -0.17, 4 -0.17, 5 -0.18, 5 -0.18, 8 -0.24, 9 -0.25, 
14% 
3 8.07, 2 7.5, 347 1.31, 2 -0.12, 2 -0.12, 2 -0.12, 2 -0.12, 2 -0.12, 2 -0.12, 2 -0.12, 2 -0.12, 2 -0.12, 2 -0.12, 2 -0.12, 2 -0.12, 2 -0.12, 2 -0.12, 2 -0.12, 2 -0.12, 2 -0.12, 2 -0.12, 2 -0.12, 2 -0.12, 3 -0.15, 3 -0.15, 3 -0.15, 3 -0.15, 3 -0.15, 3 -0.15, 3 -0.15, 3 -0.15, 4 -0.17, 4 -0.17, 4 -0.17, 4 -0.17, 5 -0.18, 5 -0.18, 8 -0.24, 9 -0.25, 
15% 
3 8.07, 2 7.5, 335 2.46, 2 -0.12, 2 -0.12, 2 -0.12, 2 -0.12, 2 -0.12, 2 -0.12, 2 -0.12, 2 -0.12, 2 -0.12, 2 -0.12, 2 -0.12, 2 -0.12, 2 -0.12, 2 -0.12, 2 -0.12, 2 -0.12, 2 -0.12, 2 -0.12, 2 -0.12, 3 -0.15, 3 -0.15, 3 -0.15, 3 -0.15, 3 -0.15, 3 -0.15, 3 -0.15, 3 -0.15, 4 -0.17, 4 -0.17, 4 -0.17, 4 -0.17, 4 -0.17, 5 -0.18, 8 -0.24, 9 -0.25, 
16% 
3 8.07, 2 7.5, 330 2.49, 2 -0.12, 2 -0.12, 2 -0.12, 2 -0.12, 2 -0.12, 2 -0.12, 2 -0.12, 2 -0.12, 2 -0.12, 2 -0.12, 2 -0.12, 2 -0.12, 2 -0.12, 2 -0.12, 2 -0.12, 2 -0.12, 2 -0.12, 2 -0.12, 2 -0.12, 3 -0.15, 3 -0.15, 3 -0.15, 3 -0.15, 3 -0.15, 3 -0.15, 3 -0.15, 3 -0.15, 4 -0.17, 4 -0.17, 4 -0.17, 4 -0.17, 4 -0.17, 5 -0.18, 8 -0.24, 9 -0.25, 
17% 
3 8.07, 2 7.5, 320 2.56, 2 -0.12, 2 -0.12, 2 -0.12, 2 -0.12, 2 -0.12, 2 -0.12, 2 -0.12, 2 -0.12, 2 -0.12, 2 -0.12, 2 -0.12, 2 -0.12, 2 -0.12, 2 -0.12, 2 -0.12, 2 -0.12, 2 -0.12, 2 -0.12, 3 -0.15, 3 -0.15, 3 -0.15, 3 -0.15, 3 -0.15, 3 -0.15, 3 -0.15, 4 -0.17, 4 -0.17, 4 -0.17, 4 -0.17, 4 -0.17, 5 -0.18, 8 -0.24, 9 -0.25, 
18% 
3 8.07, 2 7.5, 298 2.74, 2 -0.12, 2 -0.12, 2 -0.12, 2 -0.12, 2 -0.12, 2 -0.12, 2 -0.12, 2 -0.12, 2 -0.12, 2 -0.12, 2 -0.12, 2 -0.12, 2 -0.12, 2 -0.12, 2 -0.12, 2 -0.12, 2 -0.12, 2 -0.12, 2 -0.12, 3 -0.15, 3 -0.15, 3 -0.15, 3 -0.15, 3 -0.15, 3 -0.15, 3 -0.15, 4 -0.17, 4 -0.17, 4 -0.17, 4 -0.17, 4 -0.17, 5 -0.18, 7 -0.23, 7 -0.23, 
19% 
3 8.07, 2 7.5, 297 3.81, 2 -0.12, 2 -0.12, 2 -0.12, 2 -0.12, 2 -0.12, 2 -0.12, 2 -0.12, 2 -0.12, 2 -0.12, 2 -0.12, 2 -0.12, 2 -0.12, 2 -0.12, 2 -0.12, 2 -0.12, 2 -0.12, 2 -0.12, 2 -0.12, 3 -0.15, 3 -0.15, 3 -0.15, 3 -0.15, 3 -0.15, 3 -0.15, 3 -0.15, 4 -0.17, 4 -0.17, 4 -0.17, 4 -0.17, 4 -0.17, 5 -0.18, 7 -0.23, 7 -0.23, 
20% 
3 8.07, 2 7.5, 277 3.97, 2 -0.12, 2 -0.12, 2 -0.12, 2 -0.12, 2 -0.12, 2 -0.12, 2 -0.12, 2 -0.12, 2 -0.12, 2 -0.12, 2 -0.12, 2 -0.12, 2 -0.12, 2 -0.12, 2 -0.12, 2 -0.12, 2 -0.12, 2 -0.12, 3 -0.15, 3 -0.15, 3 -0.15, 3 -0.15, 3 -0.15, 3 -0.15, 3 -0.15, 4 -0.17, 4 -0.17, 4 -0.17, 4 -0.17, 4 -0.17, 4 -0.17, 6 -0.2, 7 -0.23, 7 -0.23, 
21% 
3 8.07, 2 7.5, 270 4.06, 2 -0.12, 2 -0.12, 2 -0.12, 2 -0.12, 2 -0.12, 2 -0.12, 2 -0.12, 2 -0.12, 2 -0.12, 2 -0.12, 2 -0.12, 2 -0.12, 2 -0.12, 2 -0.12, 2 -0.12, 2 -0.12, 2 -0.12, 2 -0.12, 3 -0.15, 3 -0.15, 3 -0.15, 3 -0.15, 3 -0.15, 3 -0.15, 3 -0.15, 4 -0.17, 4 -0.17, 4 -0.17, 4 -0.17, 4 -0.17, 4 -0.17, 6 -0.2, 7 -0.23, 7 -0.23, 
22% 
3 8.07, 2 7.5, 257 4.85, 2 -0.12, 2 -0.12, 2 -0.12, 2 -0.12, 2 -0.12, 2 -0.12, 2 -0.12, 2 -0.12, 2 -0.12, 2 -0.12, 2 -0.12, 2 -0.12, 2 -0.12, 2 -0.12, 2 -0.12, 2 -0.12, 2 -0.12, 3 -0.15, 3 -0.15, 3 -0.15, 3 -0.15, 3 -0.15, 3 -0.15, 3 -0.15, 3 -0.15, 4 -0.17, 4 -0.17, 4 -0.17, 4 -0.17, 4 -0.17, 4 -0.17, 6 -0.2, 6 -0.2, 7 -0.23, 
23% 
3 8.07, 2 7.5, 4 5.53, 250 4.99, 2 -0.12, 2 -0.12, 2 -0.12, 2 -0.12, 2 -0.12, 2 -0.12, 2 -0.12, 2 -0.12, 2 -0.12, 2 -0.12, 2 -0.12, 2 -0.12, 2 -0.12, 2 -0.12, 2 -0.12, 2 -0.12, 2 -0.12, 3 -0.15, 3 -0.15, 3 -0.15, 3 -0.15, 3 -0.15, 3 -0.15, 3 -0.15, 3 -0.15, 4 -0.17, 4 -0.17, 4 -0.17, 4 -0.17, 4 -0.17, 4 -0.17, 5 -0.18, 5 -0.18, 7 -0.23, 
24% 
3 8.07, 2 7.5, 4 5.53, 239 5.11, 2 -0.12, 2 -0.12, 2 -0.12, 2 -0.12, 2 -0.12, 2 -0.12, 2 -0.12, 2 -0.12, 2 -0.12, 2 -0.12, 2 -0.12, 2 -0.12, 2 -0.12, 2 -0.12, 2 -0.12, 3 -0.15, 3 -0.15, 3 -0.15, 3 -0.15, 3 -0.15, 3 -0.15, 3 -0.15, 3 -0.15, 4 -0.17, 4 -0.17, 4 -0.17, 4 -0.17, 4 -0.17, 5 -0.18, 5 -0.18, 6 -0.2, 7 -0.23, 
25% 
3 8.07, 2 7.5, 4 5.53, 233 5.17, 2 -0.12, 2 -0.12, 2 -0.12, 2 -0.12, 2 -0.12, 2 -0.12, 2 -0.12, 2 -0.12, 2 -0.12, 2 -0.12, 2 -0.12, 2 -0.12, 2 -0.12, 2 -0.12, 2 -0.12, 2 -0.12, 3 -0.15, 3 -0.15, 3 -0.15, 3 -0.15, 3 -0.15, 3 -0.15, 3 -0.15, 4 -0.17, 4 -0.17, 4 -0.17, 4 -0.17, 4 -0.17, 5 -0.18, 5 -0.18, 6 -0.2, 7 -0.23, 
26% 
3 8.07, 2 7.5, 3 6.24, 230 5.21, 2 -0.12, 2 -0.12, 2 -0.12, 2 -0.12, 2 -0.12, 2 -0.12, 2 -0.12, 2 -0.12, 2 -0.12, 2 -0.12, 2 -0.12, 2 -0.12, 2 -0.12, 2 -0.12, 2 -0.12, 2 -0.12, 3 -0.15, 3 -0.15, 3 -0.15, 3 -0.15, 3 -0.15, 3 -0.15, 3 -0.15, 4 -0.17, 4 -0.17, 4 -0.17, 4 -0.17, 4 -0.17, 5 -0.18, 5 -0.18, 6 -0.2, 7 -0.23, 
27% 
3 8.07, 2 7.5, 3 6.24, 227 5.27, 2 -0.12, 2 -0.12, 2 -0.12, 2 -0.12, 2 -0.12, 2 -0.12, 2 -0.12, 2 -0.12, 2 -0.12, 2 -0.12, 2 -0.12, 2 -0.12, 2 -0.12, 2 -0.12, 2 -0.12, 3 -0.15, 3 -0.15, 3 -0.15, 3 -0.15, 3 -0.15, 3 -0.15, 3 -0.15, 3 -0.15, 4 -0.17, 4 -0.17, 4 -0.17, 5 -0.18, 5 -0.18, 6 -0.2, 
28% 
3 8.07, 2 7.5, 3 6.24, 221 5.36, 2 -0.12, 2 -0.12, 2 -0.12, 2 -0.12, 2 -0.12, 2 -0.12, 2 -0.12, 2 -0.12, 2 -0.12, 2 -0.12, 2 -0.12, 2 -0.12, 2 -0.12, 2 -0.12, 2 -0.12, 3 -0.15, 3 -0.15, 3 -0.15, 3 -0.15, 3 -0.15, 3 -0.15, 3 -0.15, 3 -0.15, 4 -0.17, 4 -0.17, 4 -0.17, 5 -0.18, 5 -0.18, 5 -0.18, 
29% 
3 8.07, 2 7.5, 3 6.24, 218 5.39, 2 -0.12, 2 -0.12, 2 -0.12, 2 -0.12, 2 -0.12, 2 -0.12, 2 -0.12, 2 -0.12, 2 -0.12, 2 -0.12, 2 -0.12, 2 -0.12, 2 -0.12, 2 -0.12, 2 -0.12, 2 -0.12, 2 -0.12, 3 -0.15, 3 -0.15, 3 -0.15, 3 -0.15, 3 -0.15, 3 -0.15, 3 -0.15, 4 -0.17, 4 -0.17, 4 -0.17, 5 -0.18, 5 -0.18, 
30% 
3 8.07, 2 7.5, 3 6.24, 206 5.62, 2 -0.12, 2 -0.12, 2 -0.12, 2 -0.12, 2 -0.12, 2 -0.12, 2 -0.12, 2 -0.12, 2 -0.12, 2 -0.12, 2 -0.12, 2 -0.12, 2 -0.12, 2 -0.12, 2 -0.12, 2 -0.12, 2 -0.12, 2 -0.12, 3 -0.15, 3 -0.15, 3 -0.15, 3 -0.15, 3 -0.15, 3 -0.15, 3 -0.15, 4 -0.17, 4 -0.17, 4 -0.17, 5 -0.18, 5 -0.18, 
31% 
3 8.07, 2 7.5, 2 6.31, 3 6.24, 200 5, 3 4.58, 2 -0.12, 2 -0.12, 2 -0.12, 2 -0.12, 2 -0.12, 2 -0.12, 2 -0.12, 2 -0.12, 2 -0.12, 2 -0.12, 2 -0.12, 2 -0.12, 2 -0.12, 2 -0.12, 2 -0.12, 2 -0.12, 2 -0.12, 3 -0.15, 3 -0.15, 3 -0.15, 3 -0.15, 3 -0.15, 3 -0.15, 3 -0.15, 3 -0.15, 3 -0.15, 4 -0.17, 4 -0.17, 5 -0.18, 
32% 
3 8.07, 2 7.5, 2 6.31, 3 6.24, 198 5.64, 2 -0.12, 2 -0.12, 2 -0.12, 2 -0.12, 2 -0.12, 2 -0.12, 2 -0.12, 2 -0.12, 2 -0.12, 2 -0.12, 2 -0.12, 2 -0.12, 2 -0.12, 2 -0.12, 2 -0.12, 2 -0.12, 3 -0.15, 3 -0.15, 3 -0.15, 3 -0.15, 3 -0.15, 3 -0.15, 3 -0.15, 3 -0.15, 4 -0.17, 4 -0.17, 5 -0.18, 7 -0.23, 
33% 
3 8.07, 2 7.5, 2 6.31, 3 6.24, 196 5.68, 2 -0.12, 2 -0.12, 2 -0.12, 2 -0.12, 2 -0.12, 2 -0.12, 2 -0.12, 2 -0.12, 2 -0.12, 2 -0.12, 2 -0.12, 2 -0.12, 2 -0.12, 2 -0.12, 2 -0.12, 3 -0.15, 3 -0.15, 3 -0.15, 3 -0.15, 3 -0.15, 3 -0.15, 3 -0.15, 3 -0.15, 4 -0.17, 4 -0.17, 5 -0.18, 7 -0.23, 
34% 
3 8.07, 2 7.5, 192 6.93, 2 6.31, 3 6.24, 2 -0.12, 2 -0.12, 2 -0.12, 2 -0.12, 2 -0.12, 2 -0.12, 2 -0.12, 2 -0.12, 2 -0.12, 2 -0.12, 2 -0.12, 2 -0.12, 2 -0.12, 2 -0.12, 2 -0.12, 3 -0.15, 3 -0.15, 3 -0.15, 3 -0.15, 3 -0.15, 3 -0.15, 3 -0.15, 3 -0.15, 4 -0.17, 4 -0.17, 4 -0.17, 5 -0.18, 
35% 
3 8.07, 2 7.5, 190 6.99, 2 6.31, 3 6.24, 2 -0.12, 2 -0.12, 2 -0.12, 2 -0.12, 2 -0.12, 2 -0.12, 2 -0.12, 2 -0.12, 2 -0.12, 2 -0.12, 2 -0.12, 2 -0.12, 2 -0.12, 2 -0.12, 2 -0.12, 3 -0.15, 3 -0.15, 3 -0.15, 3 -0.15, 3 -0.15, 3 -0.15, 3 -0.15, 4 -0.17, 4 -0.17, 4 -0.17, 5 -0.18, 
36% 
3 8.07, 2 7.5, 190 6.99, 2 6.31, 3 6.24, 2 -0.12, 2 -0.12, 2 -0.12, 2 -0.12, 2 -0.12, 2 -0.12, 2 -0.12, 2 -0.12, 2 -0.12, 2 -0.12, 2 -0.12, 2 -0.12, 2 -0.12, 2 -0.12, 3 -0.15, 3 -0.15, 3 -0.15, 3 -0.15, 3 -0.15, 3 -0.15, 3 -0.15, 4 -0.17, 4 -0.17, 4 -0.17, 5 -0.18, 
37% 
3 8.07, 2 7.5, 184 7.15, 2 6.31, 3 6.24, 6 3.86, 2 -0.12, 2 -0.12, 2 -0.12, 2 -0.12, 2 -0.12, 2 -0.12, 2 -0.12, 2 -0.12, 2 -0.12, 2 -0.12, 2 -0.12, 2 -0.12, 2 -0.12, 3 -0.15, 3 -0.15, 3 -0.15, 3 -0.15, 3 -0.15, 3 -0.15, 3 -0.15, 3 -0.15, 4 -0.17, 5 -0.18, 
38% 
3 8.07, 187 7.8, 2 7.5, 2 6.31, 3 6.24, 2 -0.12, 2 -0.12, 2 -0.12, 2 -0.12, 2 -0.12, 2 -0.12, 2 -0.12, 2 -0.12, 2 -0.12, 2 -0.12, 2 -0.12, 2 -0.12, 2 -0.12, 2 -0.12, 2 -0.12, 3 -0.15, 3 -0.15, 3 -0.15, 3 -0.15, 3 -0.15, 3 -0.15, 4 -0.17, 4 -0.17, 
39% 
186 9.24, 3 8.07, 2 7.5, 2 6.31, 3 6.24, 2 -0.12, 2 -0.12, 2 -0.12, 2 -0.12, 2 -0.12, 2 -0.12, 2 -0.12, 2 -0.12, 2 -0.12, 2 -0.12, 2 -0.12, 2 -0.12, 2 -0.12, 2 -0.12, 2 -0.12, 3 -0.15, 3 -0.15, 3 -0.15, 3 -0.15, 3 -0.15, 4 -0.17, 4 -0.17, 
40% 
184 9.32, 3 8.07, 2 7.5, 2 6.31, 3 6.24, 2 -0.12, 2 -0.12, 2 -0.12, 2 -0.12, 2 -0.12, 2 -0.12, 2 -0.12, 2 -0.12, 2 -0.12, 2 -0.12, 2 -0.12, 2 -0.12, 2 -0.12, 2 -0.12, 2 -0.12, 3 -0.15, 3 -0.15, 3 -0.15, 3 -0.15, 3 -0.15, 4 -0.17, 4 -0.17, 
41% 
177 10.35, 3 8.07, 2 7.5, 2 6.31, 3 6.24, 2 -0.12, 2 -0.12, 2 -0.12, 2 -0.12, 2 -0.12, 2 -0.12, 2 -0.12, 2 -0.12, 2 -0.12, 2 -0.12, 2 -0.12, 2 -0.12, 2 -0.12, 3 -0.15, 3 -0.15, 3 -0.15, 3 -0.15, 3 -0.15, 4 -0.17, 
42% 
174 10.43, 3 8.07, 2 7.5, 2 6.31, 3 6.24, 2 -0.12, 2 -0.12, 2 -0.12, 2 -0.12, 2 -0.12, 2 -0.12, 2 -0.12, 2 -0.12, 2 -0.12, 2 -0.12, 2 -0.12, 2 -0.12, 3 -0.15, 3 -0.15, 3 -0.15, 3 -0.15, 3 -0.15, 4 -0.17, 
43% 
171 10.52, 3 8.07, 2 7.5, 2 6.31, 3 6.24, 2 -0.12, 2 -0.12, 2 -0.12, 2 -0.12, 2 -0.12, 2 -0.12, 2 -0.12, 2 -0.12, 2 -0.12, 2 -0.12, 2 -0.12, 2 -0.12, 3 -0.15, 3 -0.15, 3 -0.15, 3 -0.15, 3 -0.15, 4 -0.17, 
44% 
164 12.01, 3 8.07, 2 7.5, 2 6.31, 3 6.24, 2 -0.12, 2 -0.12, 2 -0.12, 2 -0.12, 2 -0.12, 2 -0.12, 2 -0.12, 2 -0.12, 2 -0.12, 2 -0.12, 2 -0.12, 2 -0.12, 3 -0.15, 3 -0.15, 3 -0.15, 3 -0.15, 3 -0.15, 4 -0.17, 
45% 
162 12.09, 2 8.93, 3 8.07, 2 7.5, 2 6.31, 3 6.24, 2 -0.12, 2 -0.12, 2 -0.12, 2 -0.12, 2 -0.12, 2 -0.12, 2 -0.12, 2 -0.12, 2 -0.12, 2 -0.12, 2 -0.12, 2 -0.12, 3 -0.15, 3 -0.15, 3 -0.15, 3 -0.15, 4 -0.17, 
46% 
159 12.17, 2 8.93, 3 8.07, 2 7.5, 2 6.31, 3 6.24, 2 -0.12, 2 -0.12, 2 -0.12, 2 -0.12, 2 -0.12, 2 -0.12, 2 -0.12, 2 -0.12, 2 -0.12, 2 -0.12, 2 -0.12, 3 -0.15, 3 -0.15, 3 -0.15, 3 -0.15, 4 -0.17, 
47% 
157 12.34, 2 8.93, 3 8.07, 2 7.5, 2 6.31, 3 6.24, 2 -0.12, 2 -0.12, 2 -0.12, 2 -0.12, 2 -0.12, 2 -0.12, 2 -0.12, 2 -0.12, 2 -0.12, 2 -0.12, 2 -0.12, 3 -0.15, 3 -0.15, 3 -0.15, 3 -0.15, 4 -0.17, 
48% 
156 12.4, 2 8.93, 3 8.07, 2 7.5, 2 6.31, 3 6.24, 3 5.38, 2 -0.12, 2 -0.12, 2 -0.12, 2 -0.12, 2 -0.12, 2 -0.12, 2 -0.12, 2 -0.12, 2 -0.12, 2 -0.12, 2 -0.12, 3 -0.15, 3 -0.15, 3 -0.15, 3 -0.15, 4 -0.17, 
49% 
152 12.59, 2 8.93, 3 8.07, 2 7.5, 2 6.31, 3 6.24, 3 5.38, 2 -0.12, 2 -0.12, 2 -0.12, 2 -0.12, 2 -0.12, 2 -0.12, 2 -0.12, 2 -0.12, 2 -0.12, 2 -0.12, 2 -0.12, 3 -0.15, 3 -0.15, 3 -0.15, 3 -0.15, 4 -0.17, 
50% 
152 12.59, 2 8.93, 3 8.07, 2 7.5, 2 6.31, 3 6.24, 3 5.38, 2 -0.12, 2 -0.12, 2 -0.12, 2 -0.12, 2 -0.12, 2 -0.12, 2 -0.12, 2 -0.12, 2 -0.12, 2 -0.12, 2 -0.12, 3 -0.15, 3 -0.15, 3 -0.15, 3 -0.15, 4 -0.17, 
51% 
150 12.62, 2 8.93, 3 8.07, 2 7.5, 2 6.31, 3 6.24, 3 5.38, 2 -0.12, 2 -0.12, 2 -0.12, 2 -0.12, 2 -0.12, 2 -0.12, 2 -0.12, 2 -0.12, 2 -0.12, 2 -0.12, 2 -0.12, 3 -0.15, 3 -0.15, 3 -0.15, 3 -0.15, 4 -0.17, 
52% 
169 12.79, 2 8.93, 3 8.07, 2 7.5, 2 6.31, 3 5.38, 2 -0.12, 2 -0.12, 2 -0.12, 2 -0.12, 2 -0.12, 2 -0.12, 2 -0.12, 2 -0.12, 2 -0.12, 2 -0.12, 2 -0.12, 3 -0.15, 3 -0.15, 3 -0.15, 3 -0.15, 4 -0.17, 
53% 
167 12.84, 2 8.93, 3 8.07, 2 7.5, 2 6.31, 3 5.38, 2 -0.12, 2 -0.12, 2 -0.12, 2 -0.12, 2 -0.12, 2 -0.12, 2 -0.12, 2 -0.12, 2 -0.12, 2 -0.12, 2 -0.12, 3 -0.15, 3 -0.15, 3 -0.15, 3 -0.15, 4 -0.17, 
54% 
165 12.92, 2 8.93, 3 8.07, 2 7.5, 2 6.31, 3 5.38, 2 -0.12, 2 -0.12, 2 -0.12, 2 -0.12, 2 -0.12, 2 -0.12, 2 -0.12, 2 -0.12, 2 -0.12, 2 -0.12, 2 -0.12, 3 -0.15, 3 -0.15, 3 -0.15, 3 -0.15, 4 -0.17, 
55% 
160 13.04, 2 8.93, 3 8.07, 2 7.5, 2 6.31, 3 5.38, 2 -0.12, 2 -0.12, 2 -0.12, 2 -0.12, 2 -0.12, 2 -0.12, 2 -0.12, 2 -0.12, 2 -0.12, 2 -0.12, 3 -0.15, 3 -0.15, 3 -0.15, 3 -0.15, 4 -0.17, 
56% 
159 13.1, 2 8.93, 3 8.07, 2 7.5, 2 6.31, 3 5.38, 2 -0.12, 2 -0.12, 2 -0.12, 2 -0.12, 2 -0.12, 2 -0.12, 2 -0.12, 2 -0.12, 2 -0.12, 2 -0.12, 3 -0.15, 3 -0.15, 3 -0.15, 3 -0.15, 4 -0.17, 
57% 
156 13.34, 2 8.93, 3 8.07, 2 7.5, 2 6.31, 3 5.38, 2 -0.12, 2 -0.12, 2 -0.12, 2 -0.12, 2 -0.12, 2 -0.12, 2 -0.12, 2 -0.12, 2 -0.12, 2 -0.12, 3 -0.15, 3 -0.15, 3 -0.15, 3 -0.15, 4 -0.17, 
58% 
154 13.45, 2 8.93, 3 8.07, 2 7.5, 2 6.31, 3 5.38, 2 -0.12, 2 -0.12, 2 -0.12, 2 -0.12, 2 -0.12, 2 -0.12, 2 -0.12, 2 -0.12, 2 -0.12, 2 -0.12, 3 -0.15, 3 -0.15, 3 -0.15, 4 -0.17, 
59% 
146 14.54, 2 8.93, 3 8.07, 2 7.5, 2 6.31, 2 -0.12, 2 -0.12, 2 -0.12, 2 -0.12, 2 -0.12, 2 -0.12, 2 -0.12, 2 -0.12, 2 -0.12, 2 -0.12, 2 -0.12, 3 -0.15, 3 -0.15, 4 -0.17, 5 -0.18, 
60% 
145 14.56, 2 8.93, 3 8.07, 2 7.5, 2 6.31, 2 -0.12, 2 -0.12, 2 -0.12, 2 -0.12, 2 -0.12, 2 -0.12, 2 -0.12, 2 -0.12, 2 -0.12, 2 -0.12, 3 -0.15, 3 -0.15, 3 -0.15, 5 -0.18, 
61% 
143 14.68, 2 8.93, 3 8.07, 2 7.5, 2 6.31, 2 -0.12, 2 -0.12, 2 -0.12, 2 -0.12, 2 -0.12, 2 -0.12, 2 -0.12, 2 -0.12, 2 -0.12, 3 -0.15, 3 -0.15, 3 -0.15, 5 -0.18, 
62% 
143 14.68, 2 8.93, 3 8.07, 2 7.5, 2 6.31, 2 -0.12, 2 -0.12, 2 -0.12, 2 -0.12, 2 -0.12, 2 -0.12, 2 -0.12, 2 -0.12, 2 -0.12, 3 -0.15, 3 -0.15, 3 -0.15, 5 -0.18, 
63% 
143 15.51, 2 8.93, 3 8.07, 2 7.5, 2 -0.12, 2 -0.12, 2 -0.12, 2 -0.12, 2 -0.12, 2 -0.12, 2 -0.12, 2 -0.12, 3 -0.15, 3 -0.15, 3 -0.15, 5 -0.18, 
64% 
141 15.6, 2 8.93, 3 8.07, 2 7.5, 2 -0.12, 2 -0.12, 2 -0.12, 2 -0.12, 2 -0.12, 2 -0.12, 2 -0.12, 3 -0.15, 3 -0.15, 3 -0.15, 5 -0.18, 
65% 
139 15.71, 2 8.93, 3 8.07, 2 7.5, 2 -0.12, 2 -0.12, 2 -0.12, 2 -0.12, 2 -0.12, 2 -0.12, 3 -0.15, 3 -0.15, 3 -0.15, 5 -0.18, 
66% 
137 15.89, 2 8.93, 3 8.07, 2 7.5, 2 -0.12, 2 -0.12, 2 -0.12, 2 -0.12, 2 -0.12, 2 -0.12, 3 -0.15, 3 -0.15, 3 -0.15, 5 -0.18, 
67% 
135 16.07, 2 8.93, 3 8.07, 2 7.5, 2 -0.12, 2 -0.12, 2 -0.12, 2 -0.12, 2 -0.12, 3 -0.15, 3 -0.15, 3 -0.15, 5 -0.18, 
68% 
133 16.11, 2 8.93, 3 8.07, 2 7.5, 2 -0.12, 2 -0.12, 2 -0.12, 2 -0.12, 3 -0.15, 3 -0.15, 3 -0.15, 5 -0.18, 
69% 
130 16.25, 2 8.93, 3 8.07, 2 7.5, 2 -0.12, 2 -0.12, 2 -0.12, 2 -0.12, 2 -0.12, 3 -0.15, 3 -0.15, 5 -0.18, 
70% 
127 16.43, 2 8.93, 3 8.07, 2 7.5, 8 3.12, 2 -0.12, 2 -0.12, 2 -0.12, 2 -0.12, 2 -0.12, 3 -0.15, 3 -0.15, 5 -0.18, 
71% 
126 16.45, 2 8.93, 3 8.07, 2 7.5, 8 3.12, 2 -0.12, 2 -0.12, 2 -0.12, 2 -0.12, 2 -0.12, 3 -0.15, 3 -0.15, 5 -0.18, 
72% 
125 16.52, 2 8.93, 3 8.07, 2 7.5, 8 3.12, 2 -0.12, 2 -0.12, 2 -0.12, 2 -0.12, 3 -0.15, 3 -0.15, 5 -0.18, 
73% 
125 16.52, 2 8.93, 3 8.07, 2 7.5, 8 3.12, 2 -0.12, 2 -0.12, 2 -0.12, 2 -0.12, 3 -0.15, 3 -0.15, 5 -0.18, 
74% 
125 16.52, 2 8.93, 3 8.07, 2 7.5, 8 3.12, 2 -0.12, 2 -0.12, 2 -0.12, 2 -0.12, 3 -0.15, 3 -0.15, 5 -0.18, 
75% 
124 17.42, 2 8.93, 3 8.07, 2 7.5, 8 3.12, 2 -0.12, 2 -0.12, 2 -0.12, 2 -0.12, 3 -0.15, 3 -0.15, 5 -0.18, 
76% 
123 17.57, 2 8.93, 3 8.07, 2 7.5, 8 3.12, 2 -0.12, 2 -0.12, 2 -0.12, 2 -0.12, 3 -0.15, 3 -0.15, 5 -0.18, 
77% 
119 17.82, 2 8.93, 3 8.07, 2 7.5, 13 3.15, 8 3.12, 2 -0.12, 2 -0.12, 2 -0.12, 2 -0.12, 2 -0.12, 3 -0.15, 5 -0.18, 
78% 
117 18.02, 2 8.93, 3 8.07, 2 7.5, 12 3.32, 8 3.12, 2 -0.12, 2 -0.12, 2 -0.12, 2 -0.12, 2 -0.12, 3 -0.15, 5 -0.18, 
79% 
121 18.43, 2 8.93, 3 8.07, 2 7.5, 12 3.32, 8 3.12, 2 -0.12, 2 -0.12, 2 -0.12, 2 -0.12, 2 -0.12, 2 -0.12, 5 -0.18, 
80% 
120 18.44, 2 8.93, 3 8.07, 2 7.5, 12 3.32, 7 3.28, 2 -0.12, 2 -0.12, 2 -0.12, 2 -0.12, 2 -0.12, 2 -0.12, 5 -0.18, 
81% 
117 18.8, 2 8.93, 3 8.07, 2 7.5, 12 3.32, 7 3.28, 2 -0.12, 2 -0.12, 2 -0.12, 2 -0.12, 2 -0.12, 2 -0.12, 5 -0.18, 
82% 
115 19.13, 2 8.93, 3 8.07, 2 7.5, 12 3.32, 7 3.28, 2 -0.12, 2 -0.12, 2 -0.12, 2 -0.12, 2 -0.12, 4 -0.17, 
83% 
115 19.13, 2 9.45, 2 8.93, 2 7.5, 2 6.31, 12 3.32, 7 3.28, 2 -0.12, 2 -0.12, 2 -0.12, 2 -0.12, 4 -0.17, 
84% 
112 19.26, 2 9.45, 2 8.93, 2 7.5, 2 6.31, 12 3.32, 7 3.28, 2 -0.12, 2 -0.12, 2 -0.12, 2 -0.12, 4 -0.17, 
85% 
112 19.26, 2 9.45, 2 8.93, 2 7.5, 2 6.31, 12 3.32, 7 3.28, 2 -0.12, 2 -0.12, 2 -0.12, 4 -0.17, 
86% 
111 19.4, 2 9.45, 2 8.93, 2 7.5, 2 6.31, 12 3.32, 7 3.28, 2 -0.12, 2 -0.12, 4 -0.17, 
87% 
109 19.54, 2 9.45, 2 8.93, 2 7.5, 2 6.31, 12 3.32, 7 3.28, 2 -0.12, 2 -0.12, 3 -0.15, 
88% 
109 19.54, 2 9.45, 2 8.93, 2 7.5, 2 6.31, 12 3.32, 7 3.28, 2 -0.12, 2 -0.12, 3 -0.15, 
89% 
108 19.71, 2 9.45, 2 8.93, 2 7.5, 2 6.31, 11 3.51, 7 3.28, 2 -0.12, 2 -0.12, 3 -0.15, 
90% 
108 19.71, 2 9.45, 2 8.93, 2 7.5, 2 6.31, 11 4.67, 6 3.73, 11 3.51, 2 -0.12, 2 -0.12, 2 -0.12, 
91% 
105 20.12, 2 9.45, 2 8.93, 2 7.5, 2 6.31, 11 4.67, 6 3.73, 11 3.51, 2 -0.12, 2 -0.12, 2 -0.12, 
92% 
103 20.36, 2 9.45, 2 8.93, 2 7.5, 2 6.31, 11 4.67, 6 3.73, 11 3.51, 2 -0.12, 2 -0.12, 2 -0.12, 
93% 
83 22.74, 2 9.45, 2 8.93, 2 7.5, 2 6.31, 11 4.67, 6 3.73, 11 3.51, 2 -0.12, 2 -0.12, 2 -0.12, 
94% 
83 22.74, 2 9.45, 2 8.93, 2 7.5, 2 6.31, 11 4.67, 6 3.73, 11 3.51, 2 -0.12, 2 -0.12, 2 -0.12, 
95% 
81 23.04, 2 9.45, 2 8.93, 2 7.5, 2 6.31, 11 4.67, 5 4.07, 11 3.51, 2 -0.12, 2 -0.12, 2 -0.12, 
96% 
78 23.56, 2 9.45, 2 8.93, 2 7.5, 2 6.31, 11 4.67, 5 4.07, 11 3.51, 2 -0.12, 2 -0.12, 2 -0.12, 2 -0.12, 
97% 
77 23.71, 2 9.45, 2 8.93, 2 7.5, 2 6.31, 11 4.67, 5 4.07, 11 3.51, 2 -0.12, 2 -0.12, 2 -0.12, 2 -0.12, 
98% 
76 23.85, 2 9.45, 2 8.93, 2 7.5, 2 6.31, 11 4.67, 5 4.07, 11 3.51, 2 -0.12, 2 -0.12, 2 -0.12, 2 -0.12, 
99% 
75 24.16, 2 9.45, 2 8.93, 2 7.5, 2 6.31, 11 4.67, 5 4.07, 11 3.51, 2 -0.12, 2 -0.12, 2 -0.12, 2 -0.12, 
100%
73 24.64, 2 9.45, 2 8.93, 2 7.5, 2 6.31, 11 4.67, 5 4.07, 11 3.51, 2 -0.12, 2 -0.12, 2 -0.12, 2 -0.12, 
